0 0.5317708 0.0527344 0.0770833 0.1054688
2 0.6265625 0.2781250 0.1229167 0.1250000
0 0.6609375 0.3445313 0.0708333 0.2031250
3 0.5041667 0.0863281 0.0750000 0.1726563
3 0.4210937 0.7957031 0.0453125 0.1835938
3 0.2533854 0.5792969 0.1421875 0.1023437
1 0.3567708 0.3757813 0.1260417 0.1343750
1 0.6255208 0.7062500 0.1187500 0.0921875
2 0.7213542 0.3863281 0.0791667 0.1570313
5 0.5997396 0.5562500 0.0776042 0.0859375
3 0.4447917 0.5257812 0.1104167 0.1718750
5 0.7734375 0.6644531 0.0687500 0.0960938
2 0.5914063 0.4984375 0.0838542 0.1093750
0 0.3994792 0.4734375 0.0625000 0.1343750
3 0.3018229 0.2992187 0.1255208 0.0875000
6 0.5708333 0.9445313 0.0802083 0.1093750
11 0.5510417 0.3503906 0.0958333 0.1726563
9 0.6890625 0.2242187 0.1312500 0.1453125
6 0.4570312 0.1367188 0.1088542 0.1843750
11 0.5617188 0.8687500 0.1130208 0.1906250
10 0.7010417 0.4523437 0.1322917 0.1578125
8 0.7861979 0.6800781 0.1286458 0.1242188
8 0.7945313 0.7359375 0.1307292 0.1250000
11 0.7070312 0.3085938 0.1223958 0.1203125
10 0.6817708 0.1535156 0.0739583 0.1742188
6 0.7273437 0.4828125 0.1317708 0.1718750
11 0.5411458 0.2824219 0.0833333 0.1820313
9 0.7695312 0.5136719 0.1223958 0.1210938
10 0.3437500 0.6351562 0.1114583 0.1328125
10 0.7075521 0.6773438 0.0901042 0.1921875
6 0.5195312 0.4421875 0.1317708 0.1562500
8 0.6903646 0.3531250 0.1255208 0.1234375
11 0.5226563 0.4898438 0.0776042 0.1265625
9 0.4601562 0.3757813 0.0838542 0.1968750
