4 0.5598958 0.5843750 0.0552083 0.0437500
2 0.6000000 0.6945313 0.0541667 0.0390625
4 0.5065104 0.3523438 0.0598958 0.0484375
5 0.5924479 0.4144531 0.0265625 0.0914062
1 0.6395833 0.3882813 0.0260417 0.0781250
2 0.6346354 0.8273438 0.0286458 0.0953125
0 0.3830729 0.1125000 0.0369792 0.0875000
2 0.3005208 0.2371094 0.0552083 0.0523438
4 0.6044271 0.5804687 0.0265625 0.0796875
3 0.4513021 0.2757812 0.0411458 0.0734375
3 0.6682292 0.4589844 0.0552083 0.0476562
5 0.5606771 0.4726562 0.0453125 0.0671875
4 0.2604167 0.5894531 0.0447917 0.0523438
2 0.7338542 0.2859375 0.0552083 0.0468750
3 0.5544271 0.8042969 0.0567708 0.0429688
3 0.3791667 0.1738281 0.0541667 0.0429688
8 0.6750000 0.1125000 0.0489583 0.0718750
10 0.4020833 0.5406250 0.0458333 0.0484375
6 0.5458333 0.5394531 0.0520833 0.0507812
11 0.6575521 0.1097656 0.0526042 0.0507812
7 0.5611979 0.5843750 0.0494792 0.0500000
6 0.3520833 0.7121094 0.0458333 0.0867187
6 0.5184896 0.3160156 0.0338542 0.0617188
8 0.5484375 0.2207031 0.0364583 0.0648438
7 0.6106771 0.6941406 0.0567708 0.0695313
7 0.3726563 0.6871094 0.0536458 0.0601563
7 0.6697917 0.3000000 0.0531250 0.0562500
7 0.5817708 0.2234375 0.0500000 0.0656250
