4 0.5893229 0.4429688 0.0921875 0.0718750
1 0.6575521 0.2976563 0.0911458 0.0671875
2 0.4338542 0.6644531 0.0447917 0.1429688
1 0.6169271 0.3816406 0.0651042 0.1179687
5 0.4479167 0.7011719 0.0687500 0.1273438
3 0.4572917 0.6882812 0.0812500 0.1000000
1 0.2721354 0.3847656 0.0869792 0.0648438
0 0.7497396 0.4011719 0.0890625 0.0664062
4 0.3015625 0.2457031 0.0541667 0.0976562
5 0.3895833 0.2609375 0.0677083 0.0734375
0 0.6143229 0.7925781 0.0890625 0.0476562
4 0.2442708 0.5503906 0.1010417 0.0757812
3 0.2440104 0.8527344 0.0994792 0.0664062
5 0.5861979 0.1398437 0.0526042 0.0562500
4 0.5130208 0.7269531 0.0562500 0.1289062
0 0.5979167 0.6285156 0.0854167 0.0976562
2 0.4843750 0.1410156 0.0541667 0.1257813
4 0.3833333 0.6078125 0.0843750 0.0625000
3 0.6989583 0.3250000 0.0875000 0.0890625
2 0.7466146 0.4171875 0.0869792 0.0718750
0 0.4195313 0.2554688 0.0682292 0.0671875
1 0.4041667 0.5343750 0.0593750 0.0687500
2 0.4606771 0.4468750 0.0421875 0.0843750
4 0.5625000 0.2695312 0.0822917 0.0687500
4 0.5846354 0.1085938 0.0463542 0.1375000
5 0.6778646 0.5746094 0.0786458 0.1304687
4 0.4052083 0.1171875 0.0822917 0.0703125
0 0.5302083 0.2847656 0.0614583 0.1195313
0 0.5164062 0.6019531 0.0453125 0.1242188
0 0.6236979 0.3140625 0.0473958 0.1375000
1 0.4786458 0.5304688 0.0625000 0.0656250
4 0.7231771 0.5406250 0.0880208 0.0656250
0 0.3929687 0.2734375 0.0723958 0.0859375
3 0.6067708 0.4492188 0.0968750 0.0937500
4 0.5242187 0.3507812 0.0776042 0.0828125
3 0.4421875 0.7734375 0.1000000 0.0921875
1 0.4333333 0.4867187 0.0822917 0.0968750
0 0.3455729 0.4714844 0.0453125 0.1007813
0 0.6330729 0.4089844 0.0484375 0.1023437
5 0.5104167 0.7187500 0.0562500 0.0921875
2 0.4460938 0.3933594 0.0526042 0.0914062
4 0.3861979 0.8238281 0.0671875 0.1273438
2 0.2705729 0.5429688 0.0557292 0.0968750
2 0.5083333 0.3234375 0.0489583 0.1468750
4 0.7213542 0.6949219 0.0406250 0.0742188
0 0.6044271 0.9511719 0.0546875 0.0757812
5 0.4757812 0.7031250 0.0484375 0.1531250
4 0.6515625 0.5863281 0.0625000 0.0710937
5 0.4010417 0.7828125 0.0906250 0.0687500
0 0.7351562 0.6019531 0.0911458 0.1023437
0 0.6101562 0.2265625 0.0838542 0.0625000
5 0.4804688 0.6007813 0.0661458 0.1109375
4 0.5236979 0.8390625 0.0630208 0.1343750
2 0.4559896 0.5675781 0.0526042 0.0757812
2 0.5932292 0.4785156 0.0500000 0.1007813
2 0.6088542 0.5257812 0.0791667 0.0640625
3 0.7161458 0.5636719 0.0812500 0.0664062
3 0.4528646 0.2425781 0.0536458 0.1164063
3 0.4882812 0.7062500 0.0578125 0.1468750
3 0.6927083 0.2707031 0.0989583 0.0679687
4 0.4325521 0.1824219 0.0640625 0.0664062
2 0.4544271 0.8910156 0.0473958 0.1007813
2 0.3901042 0.4359375 0.0531250 0.1093750
1 0.7617188 0.3417969 0.0578125 0.0898438
1 0.7455729 0.3261719 0.0932292 0.0632812
2 0.3750000 0.7078125 0.0958333 0.0828125
5 0.4841146 0.2269531 0.0473958 0.0914062
9 0.3049479 0.5664062 0.0901042 0.1125000
6 0.7424479 0.8882813 0.0869792 0.0875000
11 0.4346354 0.6089844 0.0901042 0.0882813
6 0.7385417 0.2109375 0.0916667 0.1093750
8 0.5000000 0.4820313 0.0604167 0.1171875
6 0.4523437 0.6156250 0.0932292 0.1218750
7 0.3450521 0.1296875 0.0786458 0.1062500
6 0.5492187 0.6285156 0.0828125 0.0835937
11 0.5630208 0.5101562 0.0520833 0.0843750
7 0.4598958 0.8054687 0.0520833 0.0921875
7 0.6463542 0.6308594 0.0812500 0.1226562
9 0.7562500 0.4941406 0.0854167 0.0976562
8 0.2971354 0.7726563 0.0828125 0.1031250
8 0.6554688 0.6785156 0.0890625 0.1164063
6 0.6028646 0.5472656 0.0786458 0.0945312
