5 0.5263021 0.1714844 0.0401042 0.0414062
5 0.7372396 0.3847656 0.0359375 0.0476562
5 0.5979167 0.7757812 0.0250000 0.0421875
4 0.5468750 0.4136719 0.0343750 0.0320312
2 0.5020833 0.2851562 0.0187500 0.0625000
5 0.7757812 0.3480469 0.0234375 0.0601563
0 0.6627604 0.3738281 0.0401042 0.0414062
4 0.4239583 0.7164063 0.0364583 0.0328125
4 0.5351562 0.5804687 0.0192708 0.0609375
4 0.5841146 0.1046875 0.0307292 0.0578125
5 0.4182292 0.6433594 0.0395833 0.0351562
0 0.5643229 0.6761719 0.0369792 0.0351562
4 0.5815104 0.7207031 0.0421875 0.0289063
3 0.5125000 0.3984375 0.0395833 0.0281250
1 0.7468750 0.6238281 0.0291667 0.0554687
1 0.5937500 0.4878906 0.0260417 0.0289063
3 0.4914062 0.5925781 0.0223958 0.0492187
0 0.4700521 0.7121094 0.0234375 0.0570312
4 0.4661458 0.5136719 0.0333333 0.0367188
2 0.5893229 0.4203125 0.0432292 0.0281250
3 0.7052083 0.6472656 0.0197917 0.0648438
0 0.5507812 0.3667969 0.0234375 0.0273438
3 0.6104167 0.8308594 0.0364583 0.0460938
1 0.3255208 0.8078125 0.0375000 0.0234375
1 0.4760417 0.1234375 0.0270833 0.0296875
3 0.6690104 0.3167969 0.0369792 0.0351562
2 0.4757812 0.8250000 0.0213542 0.0531250
2 0.5755208 0.6796875 0.0250000 0.0281250
3 0.4325521 0.4867187 0.0203125 0.0578125
4 0.2130208 0.2054688 0.0333333 0.0390625
3 0.5226563 0.1960938 0.0380208 0.0296875
4 0.5218750 0.6382813 0.0197917 0.0515625
0 0.5778646 0.2355469 0.0192708 0.0601563
7 0.3692708 0.3773437 0.0333333 0.0500000
6 0.5643229 0.7730469 0.0369792 0.0523438
6 0.6833333 0.4730469 0.0375000 0.0554687
7 0.4843750 0.2234375 0.0416667 0.0515625
