0 0.4645833 0.4726562 0.0166667 0.0546875
5 0.6802083 0.5339844 0.0406250 0.0320312
4 0.6976562 0.4515625 0.0380208 0.0250000
0 0.4997396 0.2699219 0.0369792 0.0289063
4 0.4317708 0.4664063 0.0343750 0.0390625
5 0.5895833 0.2917969 0.0343750 0.0289063
5 0.5750000 0.5949219 0.0239583 0.0398437
4 0.4263021 0.5312500 0.0151042 0.0484375
2 0.4838542 0.5937500 0.0343750 0.0328125
3 0.4554687 0.9019531 0.0234375 0.0476562
2 0.5427083 0.7070312 0.0218750 0.0375000
4 0.3236979 0.2843750 0.0401042 0.0281250
1 0.7450521 0.5878906 0.0171875 0.0429688
2 0.3682292 0.6425781 0.0187500 0.0554687
2 0.3809896 0.3613281 0.0192708 0.0523438
2 0.4885417 0.4574219 0.0312500 0.0398437
0 0.7377604 0.3886719 0.0296875 0.0460938
3 0.6531250 0.4652344 0.0187500 0.0335937
1 0.6005208 0.5250000 0.0135417 0.0250000
2 0.6583333 0.7218750 0.0197917 0.0281250
1 0.6216146 0.4300781 0.0171875 0.0585938
2 0.4726562 0.4707031 0.0234375 0.0289063
2 0.6786458 0.5835938 0.0312500 0.0265625
2 0.5252604 0.7394531 0.0369792 0.0382813
1 0.6619792 0.2660156 0.0354167 0.0398437
1 0.5195312 0.3085938 0.0276042 0.0281250
4 0.2888021 0.4832031 0.0213542 0.0539063
4 0.6187500 0.6296875 0.0343750 0.0234375
4 0.7273437 0.3847656 0.0421875 0.0257812
4 0.6533854 0.1585938 0.0223958 0.0531250
5 0.6835938 0.4230469 0.0265625 0.0476562
10 0.6815104 0.4468750 0.0369792 0.0359375
10 0.4119792 0.5460938 0.0270833 0.0468750
