2 0.4958333 0.6812500 0.0364583 0.0343750
3 0.2408854 0.4320312 0.0338542 0.0265625
0 0.6177083 0.4136719 0.0333333 0.0273438
4 0.6489583 0.3914063 0.0239583 0.0421875
1 0.3554688 0.6703125 0.0380208 0.0250000
2 0.5666667 0.3195312 0.0229167 0.0406250
5 0.4257812 0.3988281 0.0182292 0.0476562
1 0.6510417 0.2414062 0.0177083 0.0500000
1 0.6958333 0.4117188 0.0322917 0.0218750
5 0.4158854 0.3699219 0.0359375 0.0273438
0 0.2377604 0.4421875 0.0338542 0.0281250
2 0.6622396 0.5296875 0.0296875 0.0312500
5 0.7028646 0.3312500 0.0276042 0.0437500
5 0.4677083 0.4828125 0.0197917 0.0312500
0 0.5429688 0.3066406 0.0317708 0.0320312
4 0.5596354 0.2750000 0.0161458 0.0437500
3 0.3984375 0.5171875 0.0156250 0.0250000
5 0.3859375 0.4570312 0.0187500 0.0328125
3 0.5723958 0.5269531 0.0333333 0.0273438
3 0.4507813 0.7460938 0.0171875 0.0531250
2 0.5018229 0.6972656 0.0317708 0.0320312
4 0.6703125 0.4816406 0.0343750 0.0226562
3 0.7158854 0.6214844 0.0244792 0.0210938
2 0.4010417 0.2796875 0.0333333 0.0328125
4 0.5523438 0.2648437 0.0182292 0.0328125
0 0.5617188 0.7296875 0.0276042 0.0312500
0 0.6377604 0.6328125 0.0359375 0.0250000
2 0.3088542 0.5769531 0.0187500 0.0367188
0 0.3375000 0.5589844 0.0197917 0.0367188
1 0.5869792 0.7335938 0.0281250 0.0421875
4 0.5684896 0.7988281 0.0348958 0.0226562
0 0.5203125 0.3660156 0.0229167 0.0257812
5 0.4651042 0.5687500 0.0250000 0.0343750
3 0.5351562 0.7894531 0.0338542 0.0257812
4 0.3671875 0.3812500 0.0156250 0.0531250
4 0.6434896 0.2562500 0.0255208 0.0296875
4 0.4403646 0.6269531 0.0223958 0.0351562
9 0.4968750 0.7000000 0.0312500 0.0531250
7 0.4630208 0.7855469 0.0229167 0.0492187
9 0.5789062 0.2410156 0.0255208 0.0429688
6 0.5869792 0.3167969 0.0302083 0.0367188
10 0.2763021 0.4613281 0.0203125 0.0367188
8 0.4945312 0.2023437 0.0244792 0.0484375
11 0.5804687 0.6757812 0.0317708 0.0375000
8 0.5546875 0.3218750 0.0312500 0.0359375
9 0.2799479 0.4910156 0.0307292 0.0367188
8 0.5315104 0.8800781 0.0317708 0.0351562
9 0.3083333 0.4625000 0.0343750 0.0390625
9 0.4520833 0.2921875 0.0260417 0.0312500
6 0.4054687 0.7980469 0.0286458 0.0507812
9 0.5054688 0.6261719 0.0255208 0.0492187
11 0.6153646 0.5562500 0.0328125 0.0328125
6 0.6515625 0.3484375 0.0312500 0.0328125
11 0.5023437 0.6765625 0.0307292 0.0343750
