3 0.5421875 0.8324219 0.0604167 0.0398437
1 0.2278646 0.6152344 0.0536458 0.0414062
2 0.5606771 0.4785156 0.0317708 0.0476562
0 0.6242188 0.1371094 0.0546875 0.0382813
5 0.2656250 0.4683594 0.0291667 0.0476562
2 0.6893229 0.3535156 0.0526042 0.0445313
1 0.3268229 0.5703125 0.0255208 0.0875000
4 0.5653646 0.1625000 0.0526042 0.0500000
3 0.4583333 0.8773437 0.0604167 0.0453125
4 0.2815104 0.3187500 0.0432292 0.0453125
0 0.6127604 0.7476563 0.0473958 0.0765625
4 0.5138021 0.7785156 0.0578125 0.0648438
3 0.4093750 0.6847656 0.0364583 0.0601563
3 0.6273437 0.7695312 0.0255208 0.0515625
5 0.6471354 0.5578125 0.0598958 0.0328125
5 0.7002604 0.5660156 0.0463542 0.0695313
0 0.6135417 0.3195312 0.0270833 0.0484375
0 0.5901042 0.3363281 0.0593750 0.0507812
7 0.4361979 0.5503906 0.0359375 0.0523438
7 0.3109375 0.5699219 0.0562500 0.0554687
9 0.6502604 0.4886719 0.0494792 0.0554687
6 0.3549479 0.1531250 0.0380208 0.0765625
10 0.5822917 0.2601562 0.0406250 0.0687500
6 0.6914062 0.6500000 0.0588542 0.0625000
8 0.5596354 0.1222656 0.0578125 0.0679687
10 0.5356771 0.3554688 0.0526042 0.0640625
11 0.6361979 0.2718750 0.0505208 0.0578125
10 0.5205729 0.5734375 0.0567708 0.0781250
