5 0.6760417 0.5957031 0.0656250 0.0429688
3 0.3742187 0.5160156 0.0296875 0.0460938
5 0.3296875 0.4636719 0.0635417 0.0460938
0 0.5468750 0.1292969 0.0354167 0.0789062
3 0.7317708 0.5613281 0.0343750 0.0476562
2 0.4231771 0.1992188 0.0380208 0.0406250
2 0.3989583 0.6359375 0.0541667 0.0390625
2 0.4369792 0.6347656 0.0656250 0.0492187
2 0.3854167 0.6410156 0.0552083 0.0460938
2 0.3385417 0.1800781 0.0666667 0.0429688
1 0.3947917 0.8160156 0.0354167 0.0570312
5 0.4593750 0.8019531 0.0322917 0.0882813
1 0.5692708 0.5726562 0.0520833 0.0421875
4 0.3479167 0.6601562 0.0572917 0.0406250
2 0.4554687 0.5222656 0.0369792 0.0648438
5 0.4158854 0.6925781 0.0359375 0.0460938
5 0.5690104 0.4046875 0.0276042 0.0515625
2 0.4919271 0.4371094 0.0307292 0.0570312
4 0.3911458 0.4722656 0.0291667 0.0820312
0 0.4039063 0.6691406 0.0348958 0.0945312
2 0.6601562 0.4800781 0.0567708 0.0429688
0 0.6179687 0.4800781 0.0473958 0.0460938
3 0.3473958 0.7171875 0.0218750 0.0906250
0 0.6989583 0.4480469 0.0270833 0.0648438
5 0.6979167 0.8136719 0.0583333 0.0585938
5 0.5361979 0.5941406 0.0578125 0.0554687
0 0.4250000 0.4324219 0.0604167 0.0414062
3 0.2632813 0.3605469 0.0578125 0.0507812
2 0.6794271 0.5773438 0.0598958 0.0421875
3 0.4221354 0.4171875 0.0338542 0.0468750
1 0.6354167 0.4542969 0.0562500 0.0414062
3 0.5593750 0.5062500 0.0354167 0.0703125
3 0.6182292 0.8203125 0.0479167 0.0765625
0 0.6786458 0.6531250 0.0593750 0.0437500
2 0.4687500 0.5808594 0.0552083 0.0382813
1 0.6632813 0.4882812 0.0348958 0.0500000
2 0.6804687 0.1777344 0.0390625 0.0382813
1 0.5065104 0.8550781 0.0494792 0.0414062
2 0.7192708 0.6433594 0.0562500 0.0382813
4 0.4281250 0.1953125 0.0385417 0.0812500
4 0.4356771 0.3539062 0.0328125 0.0453125
3 0.5950521 0.3636719 0.0286458 0.0835937
1 0.5057292 0.6589844 0.0375000 0.0476562
5 0.5278646 0.6265625 0.0338542 0.0812500
1 0.5505208 0.4847656 0.0541667 0.0320312
1 0.4645833 0.5863281 0.0552083 0.0585938
0 0.3388021 0.7363281 0.0348958 0.0835937
3 0.5476562 0.5703125 0.0442708 0.0875000
5 0.3705729 0.0785156 0.0265625 0.0851563
1 0.4062500 0.3394531 0.0510417 0.0648438
2 0.4468750 0.5089844 0.0541667 0.0507812
3 0.6500000 0.4671875 0.0343750 0.0718750
0 0.2994792 0.3914063 0.0604167 0.0671875
4 0.3703125 0.4136719 0.0333333 0.0429688
5 0.4312500 0.0394531 0.0291667 0.0789062
2 0.6406250 0.8675781 0.0427083 0.0882813
2 0.7299479 0.3761719 0.0609375 0.0507812
3 0.7398438 0.6179687 0.0578125 0.0406250
0 0.3791667 0.5410156 0.0604167 0.0460938
4 0.5700521 0.3933594 0.0578125 0.0632812
7 0.2507813 0.7417969 0.0567708 0.0523438
6 0.6283854 0.4054687 0.0526042 0.0515625
11 0.4544271 0.3203125 0.0453125 0.0812500
8 0.3656250 0.3683594 0.0583333 0.0570312
6 0.3731771 0.5511719 0.0588542 0.0570312
10 0.6028646 0.3023438 0.0380208 0.0828125
6 0.7864583 0.7859375 0.0583333 0.0578125
9 0.5424479 0.7742187 0.0401042 0.0687500
10 0.3658854 0.1597656 0.0369792 0.0851563
7 0.6760417 0.4882812 0.0593750 0.0625000
8 0.7096354 0.6054688 0.0619792 0.0796875
