4 0.4242187 0.5433594 0.0557292 0.0429688
1 0.6919271 0.7726563 0.0619792 0.0421875
3 0.6794271 0.6234375 0.0578125 0.0406250
3 0.5786458 0.8332031 0.0354167 0.0820312
0 0.2880208 0.4234375 0.0562500 0.0312500
0 0.3677083 0.3492188 0.0291667 0.0812500
3 0.7502604 0.5816406 0.0671875 0.0476562
2 0.4856771 0.8601562 0.0286458 0.0953125
0 0.6455729 0.5718750 0.0401042 0.0437500
4 0.4085937 0.4945312 0.0328125 0.0921875
2 0.6156250 0.5707031 0.0510417 0.0414062
5 0.7765625 0.6515625 0.0593750 0.0421875
3 0.6640625 0.3542969 0.0614583 0.0476562
2 0.6515625 0.3136719 0.0281250 0.0367188
0 0.3385417 0.6574219 0.0572917 0.0351562
1 0.4893229 0.2472656 0.0557292 0.0460938
2 0.5122396 0.6527344 0.0453125 0.0414062
3 0.6346354 0.5785156 0.0244792 0.0554687
4 0.4940104 0.4296875 0.0328125 0.0859375
5 0.6419271 0.2660156 0.0328125 0.0773438
4 0.4299479 0.8167969 0.0421875 0.0851563
5 0.6695313 0.3214844 0.0536458 0.0695313
0 0.6630208 0.1925781 0.0531250 0.0570312
1 0.3229167 0.2593750 0.0583333 0.0468750
1 0.4596354 0.7308594 0.0578125 0.0429688
4 0.3718750 0.6613281 0.0354167 0.0539063
4 0.5393229 0.6796875 0.0484375 0.0781250
4 0.4317708 0.2289063 0.0354167 0.0937500
8 0.6927083 0.4472656 0.0343750 0.0570312
8 0.5997396 0.1921875 0.0557292 0.0687500
7 0.4885417 0.3898437 0.0531250 0.0515625
8 0.5505208 0.5515625 0.0364583 0.0843750
11 0.3593750 0.2339844 0.0375000 0.0632812
6 0.3846354 0.5371094 0.0453125 0.0804688
