4 0.5161458 0.7972656 0.0177083 0.0382813
4 0.7380208 0.3648438 0.0395833 0.0328125
3 0.6414062 0.5437500 0.0421875 0.0312500
11 0.3684896 0.1476562 0.0411458 0.0468750
6 0.5361979 0.7406250 0.0244792 0.0578125
9 0.3684896 0.7796875 0.0255208 0.0421875
6 0.4747396 0.7214844 0.0390625 0.0617188
11 0.5846354 0.4742188 0.0380208 0.0375000
11 0.6997396 0.3230469 0.0359375 0.0414062
7 0.2773438 0.6902344 0.0255208 0.0601563
9 0.4992187 0.6250000 0.0411458 0.0406250
9 0.5346354 0.0648438 0.0369792 0.0578125
6 0.6953125 0.4207031 0.0406250 0.0585938
11 0.5536458 0.2546875 0.0364583 0.0562500
11 0.6179687 0.4128906 0.0401042 0.0523438
9 0.3390625 0.3882813 0.0250000 0.0531250
9 0.7195312 0.4117188 0.0348958 0.0343750
11 0.4476562 0.9066406 0.0390625 0.0539063
9 0.4098958 0.2941406 0.0333333 0.0414062
8 0.5989583 0.6996094 0.0375000 0.0367188
6 0.6497396 0.4542969 0.0359375 0.0367188
