2 0.4895833 0.4960938 0.0645833 0.0578125
5 0.3333333 0.3519531 0.0854167 0.0601563
4 0.4760417 0.4410156 0.0531250 0.1007813
3 0.4260417 0.4906250 0.0781250 0.0656250
2 0.4440104 0.2855469 0.0453125 0.0867187
3 0.7815104 0.5234375 0.0786458 0.0484375
4 0.5294271 0.8253906 0.0619792 0.0539063
0 0.7658854 0.6605469 0.0869792 0.0742188
4 0.5283854 0.2722656 0.0411458 0.0523438
1 0.3473958 0.3171875 0.0854167 0.0593750
3 0.5640625 0.4382813 0.0604167 0.0593750
4 0.3315104 0.3679688 0.0567708 0.0906250
1 0.4661458 0.7113281 0.0406250 0.0679687
0 0.3247396 0.9750000 0.0557292 0.0484375
3 0.7492188 0.6765625 0.0869792 0.0609375
1 0.6002604 0.6773438 0.0807292 0.0750000
3 0.5148438 0.3050781 0.0619792 0.0585938
1 0.3838542 0.4179688 0.0697917 0.0562500
2 0.4244792 0.6941406 0.0520833 0.1085938
4 0.4447917 0.4835937 0.0645833 0.0593750
1 0.4283854 0.7898437 0.0463542 0.0953125
1 0.6864583 0.5960937 0.0531250 0.0625000
5 0.6213542 0.2679687 0.0416667 0.1031250
0 0.5815104 0.7816406 0.0765625 0.0570312
5 0.5177083 0.7097656 0.0760417 0.0539063
5 0.5476562 0.6046875 0.0723958 0.0453125
5 0.6906250 0.2757812 0.0468750 0.1171875
5 0.4622396 0.9144531 0.0640625 0.0742188
0 0.5968750 0.6031250 0.0562500 0.0687500
2 0.2460938 0.5398437 0.0817708 0.0781250
5 0.4218750 0.8035156 0.0520833 0.1039063
3 0.7226562 0.8855469 0.0776042 0.0617188
3 0.5609375 0.5339844 0.0718750 0.0695313
1 0.5653646 0.5621094 0.0369792 0.1132812
5 0.5213542 0.5429688 0.0531250 0.0859375
4 0.3643229 0.6488281 0.0473958 0.1304687
2 0.5815104 0.6480469 0.0536458 0.1085938
3 0.2604167 0.1957031 0.0791667 0.0617188
1 0.5356771 0.3472656 0.0463542 0.1070312
4 0.3807292 0.6949219 0.0760417 0.0617188
5 0.5385417 0.3652344 0.0760417 0.0554687
0 0.5588542 0.5042969 0.0760417 0.0539063
1 0.4421875 0.5933594 0.0510417 0.0632812
2 0.5971354 0.9964844 0.0192708 0.0054687
1 0.8200521 0.5878906 0.0796875 0.0664062
2 0.7763021 0.3203125 0.0890625 0.0718750
4 0.3973958 0.6851563 0.0718750 0.0515625
1 0.5070313 0.6277344 0.0796875 0.0898438
2 0.7234375 0.6261719 0.0770833 0.0710937
5 0.7526042 0.2535156 0.0739583 0.0585938
2 0.3966146 0.8230469 0.0557292 0.1164063
0 0.3450521 0.4121094 0.0776042 0.0523438
3 0.5458333 0.3832031 0.0364583 0.0726563
2 0.6901042 0.2476562 0.0447917 0.0843750
5 0.6104167 0.7957031 0.0770833 0.0773438
1 0.3880208 0.8449219 0.0427083 0.1257813
5 0.4609375 0.8687500 0.0510417 0.1031250
1 0.4356771 0.4593750 0.0651042 0.0796875
4 0.3718750 0.2207031 0.0541667 0.1179687
4 0.2651042 0.3832031 0.0718750 0.0523438
0 0.4093750 0.5125000 0.0447917 0.0500000
0 0.6093750 0.6835938 0.0406250 0.1140625
3 0.5221354 0.8484375 0.0807292 0.0593750
10 0.4973958 0.1046875 0.0625000 0.1234375
11 0.3786458 0.5621094 0.0729167 0.1257813
11 0.6924479 0.7765625 0.0526042 0.0968750
9 0.6044271 0.7328125 0.0671875 0.0734375
11 0.3786458 0.8035156 0.0739583 0.0789062
