3 0.6333333 0.5957031 0.0791667 0.0585938
2 0.3888021 0.4773438 0.0598958 0.0546875
3 0.3221354 0.2082031 0.0348958 0.1070312
2 0.5786458 0.2984375 0.0770833 0.0453125
4 0.6065104 0.7824219 0.0755208 0.0570312
5 0.7630208 0.3652344 0.0812500 0.0539063
1 0.7385417 0.4289062 0.0760417 0.0625000
4 0.5341146 0.8472656 0.0578125 0.0976562
2 0.7281250 0.7011719 0.0760417 0.0664062
4 0.5986979 0.6531250 0.0671875 0.0750000
5 0.5585938 0.3468750 0.0817708 0.0468750
1 0.4502604 0.5042969 0.0630208 0.0585938
1 0.3859375 0.2136719 0.0791667 0.0585938
4 0.4765625 0.5890625 0.0270833 0.0875000
1 0.4114583 0.9046875 0.0625000 0.0781250
4 0.5184896 0.1449219 0.0296875 0.1164063
4 0.6622396 0.3300781 0.0411458 0.0820312
0 0.7440104 0.1570313 0.0765625 0.0515625
0 0.4976563 0.3339844 0.0421875 0.1085938
1 0.6880208 0.6113281 0.0791667 0.0523438
0 0.4054687 0.2753906 0.0765625 0.0664062
2 0.3848958 0.1941406 0.0697917 0.0414062
4 0.4007812 0.4605469 0.0463542 0.0710937
4 0.6471354 0.2273438 0.0734375 0.0828125
3 0.6684896 0.1902344 0.0380208 0.0460938
3 0.7039062 0.5347656 0.0744792 0.0742188
3 0.7125000 0.6781250 0.0781250 0.0640625
4 0.4270833 0.8078125 0.0625000 0.0531250
4 0.5307292 0.8554688 0.0500000 0.0750000
3 0.5481771 0.4453125 0.0390625 0.0671875
3 0.5734375 0.0402344 0.0708333 0.0804688
2 0.6799479 0.2355469 0.0807292 0.0460938
2 0.5526042 0.1222656 0.0437500 0.0992187
3 0.3802083 0.5687500 0.0635417 0.0968750
3 0.3236979 0.2640625 0.0442708 0.0765625
1 0.7531250 0.6105469 0.0343750 0.1148437
0 0.6145833 0.7562500 0.0697917 0.0453125
5 0.4263021 0.3679688 0.0411458 0.0640625
1 0.3963542 0.1835938 0.0489583 0.0656250
2 0.2833333 0.7476563 0.0812500 0.0546875
5 0.6164063 0.0867187 0.0765625 0.0593750
3 0.5559896 0.5093750 0.0411458 0.1031250
0 0.2651042 0.5886719 0.0645833 0.0789062
0 0.5385417 0.4148438 0.0562500 0.0875000
4 0.7278646 0.5328125 0.0682292 0.0515625
4 0.6486979 0.4210937 0.0432292 0.1093750
2 0.4328125 0.3917969 0.0750000 0.0476562
3 0.5526042 0.7265625 0.0760417 0.0515625
2 0.5783854 0.6777344 0.0734375 0.0773438
0 0.5026042 0.6800781 0.0604167 0.0664062
2 0.6424479 0.6433594 0.0723958 0.0679687
1 0.6210938 0.7753906 0.0494792 0.1257813
3 0.3390625 0.3437500 0.0437500 0.0812500
2 0.5067708 0.3968750 0.0645833 0.0890625
1 0.7000000 0.2351563 0.0697917 0.0421875
2 0.5976562 0.3371094 0.0723958 0.0554687
4 0.4164062 0.5207031 0.0442708 0.0601563
0 0.4565104 0.8660156 0.0546875 0.0617188
3 0.6710938 0.5832031 0.0453125 0.1039063
5 0.5177083 0.3078125 0.0468750 0.0531250
5 0.4135417 0.6277344 0.0750000 0.0523438
3 0.6263021 0.6324219 0.0692708 0.0507812
2 0.2848958 0.4894531 0.0510417 0.0976562
1 0.5132813 0.5089844 0.0598958 0.0898438
3 0.7229167 0.6378906 0.0489583 0.1054688
1 0.5960937 0.3058594 0.0359375 0.0539063
5 0.4781250 0.2289063 0.0583333 0.0968750
5 0.5130208 0.8718750 0.0364583 0.0546875
1 0.5158854 0.8171875 0.0630208 0.0968750
4 0.4432292 0.7851562 0.0354167 0.1125000
3 0.6921875 0.1621094 0.0770833 0.0601563
5 0.5901042 0.6761719 0.0479167 0.0929688
5 0.6179687 0.3906250 0.0421875 0.1171875
4 0.5015625 0.0972656 0.0666667 0.0835937
4 0.5937500 0.4460938 0.0781250 0.0828125
7 0.4447917 0.6066406 0.0500000 0.1007813
8 0.3320312 0.5710937 0.0661458 0.0640625
7 0.3539062 0.5281250 0.0526042 0.0953125
10 0.5184896 0.3671875 0.0546875 0.0875000
6 0.3367188 0.8332031 0.0473958 0.1101562
9 0.6286458 0.2902344 0.0510417 0.1195313
11 0.3078125 0.8867188 0.0729167 0.0718750
8 0.7580729 0.3843750 0.0692708 0.0734375
6 0.3875000 0.2328125 0.0729167 0.0687500
8 0.5848958 0.7394531 0.0520833 0.0773438
7 0.3520833 0.3339844 0.0708333 0.0742188
7 0.5656250 0.3433594 0.0739583 0.0757812
10 0.5380208 0.6746094 0.0416667 0.0789062
6 0.5010417 0.6761719 0.0739583 0.1085938
6 0.6333333 0.5394531 0.0729167 0.1039063
9 0.3591146 0.1898438 0.0692708 0.0843750
11 0.6174479 0.3457031 0.0713542 0.0742188
11 0.6010417 0.4062500 0.0677083 0.0656250
7 0.4625000 0.3523438 0.0562500 0.0781250
6 0.4091146 0.1554687 0.0619792 0.1046875
