4 0.7098958 0.4265625 0.0312500 0.0250000
2 0.5140625 0.5421875 0.0270833 0.0265625
3 0.4914062 0.2109375 0.0171875 0.0406250
2 0.3736979 0.2578125 0.0328125 0.0281250
3 0.5734375 0.7453125 0.0156250 0.0250000
1 0.5588542 0.6171875 0.0218750 0.0453125
1 0.5843750 0.1589844 0.0312500 0.0210938
0 0.5882812 0.4296875 0.0286458 0.0296875
4 0.5958333 0.4148438 0.0322917 0.0250000
5 0.5820312 0.5816406 0.0109375 0.0257812
7 0.4002604 0.5324219 0.0286458 0.0429688
7 0.4679687 0.5968750 0.0317708 0.0328125
8 0.3614583 0.2335937 0.0218750 0.0500000
11 0.6026042 0.8433594 0.0218750 0.0335937
10 0.3354167 0.5316406 0.0281250 0.0273438
7 0.5914063 0.8468750 0.0286458 0.0328125
6 0.4208333 0.1960938 0.0312500 0.0312500
10 0.5169271 0.7097656 0.0203125 0.0398437
7 0.6583333 0.6339844 0.0291667 0.0320312
6 0.2872396 0.4234375 0.0276042 0.0390625
11 0.4127604 0.2726562 0.0307292 0.0328125
11 0.5216146 0.2750000 0.0286458 0.0468750
7 0.6023437 0.3218750 0.0244792 0.0390625
10 0.6125000 0.5121094 0.0197917 0.0445313
9 0.5130208 0.0027344 0.0145833 0.0054687
6 0.5367188 0.4632812 0.0223958 0.0312500
