2 0.4591146 0.5777344 0.1203125 0.0914062
3 0.5854167 0.2750000 0.1197917 0.0937500
5 0.4299479 0.4472656 0.0796875 0.1039063
5 0.6921875 0.4636719 0.0739583 0.1648438
5 0.3750000 0.5835938 0.1010417 0.1078125
3 0.4500000 0.5214844 0.0989583 0.0882813
0 0.5658854 0.5183594 0.1057292 0.0804688
5 0.5380208 0.4058594 0.0770833 0.0945312
4 0.3885417 0.6082031 0.1114583 0.0867187
0 0.7463542 0.4652344 0.1281250 0.0992187
1 0.7307292 0.5613281 0.1260417 0.0789062
1 0.7260417 0.7414063 0.0781250 0.1968750
0 0.4585938 0.2898438 0.0609375 0.1906250
10 0.3953125 0.6949219 0.1197917 0.1148437
8 0.7630208 0.7191406 0.1187500 0.1179687
8 0.6882812 0.8082031 0.1130208 0.1835938
8 0.6419271 0.1433594 0.1119792 0.1117188
11 0.3677083 0.3191406 0.0729167 0.1445312
8 0.6859375 0.2835937 0.1208333 0.1328125
6 0.5666667 0.7363281 0.1135417 0.1257813
6 0.4703125 0.7187500 0.1156250 0.1375000
8 0.3447917 0.5722656 0.0822917 0.1226562
7 0.6549479 0.6070313 0.0776042 0.1046875
8 0.5625000 0.0765625 0.1177083 0.1453125
6 0.7752604 0.5699219 0.0942708 0.1460937
6 0.5721354 0.7835937 0.1005208 0.1078125
7 0.5760417 0.1757812 0.1197917 0.1531250
7 0.5596354 0.7847656 0.1161458 0.1523438
8 0.6752604 0.2058594 0.1067708 0.1382812
10 0.4213542 0.1515625 0.1062500 0.1578125
6 0.8075521 0.4085937 0.1182292 0.1468750
8 0.3536458 0.7175781 0.1156250 0.1195313
7 0.3669271 0.7074219 0.0807292 0.1570313
