5 0.5463542 0.5136719 0.0270833 0.0304687
2 0.5973958 0.6882812 0.0260417 0.0296875
5 0.5942708 0.3835938 0.0312500 0.0265625
2 0.3942708 0.6726562 0.0229167 0.0343750
2 0.6122396 0.1839844 0.0244792 0.0351562
2 0.6002604 0.5617188 0.0276042 0.0359375
5 0.5653646 0.3167969 0.0140625 0.0445313
0 0.4242187 0.3542969 0.0317708 0.0242188
3 0.6791667 0.2406250 0.0312500 0.0218750
5 0.5434896 0.3781250 0.0161458 0.0437500
5 0.5419271 0.4488281 0.0265625 0.0195312
0 0.5848958 0.6394531 0.0302083 0.0210938
1 0.5208333 0.5148438 0.0229167 0.0250000
5 0.5710937 0.4898438 0.0223958 0.0250000
0 0.3973958 0.2980469 0.0322917 0.0242188
5 0.4026042 0.3933594 0.0270833 0.0351562
0 0.6122396 0.7078125 0.0286458 0.0218750
3 0.3994792 0.3164062 0.0197917 0.0296875
5 0.6036458 0.2195313 0.0260417 0.0171875
1 0.5843750 0.7535156 0.0187500 0.0351562
1 0.5315104 0.3105469 0.0213542 0.0195312
0 0.5023437 0.7207031 0.0140625 0.0367188
4 0.5161458 0.6074219 0.0145833 0.0304687
4 0.6963542 0.5878906 0.0302083 0.0257812
1 0.3333333 0.6492187 0.0312500 0.0203125
1 0.6591146 0.3515625 0.0151042 0.0312500
3 0.7622396 0.5015625 0.0286458 0.0234375
3 0.3114583 0.5968750 0.0208333 0.0359375
0 0.3020833 0.5863281 0.0166667 0.0226562
4 0.4533854 0.6804687 0.0203125 0.0437500
0 0.5458333 0.0816406 0.0197917 0.0414062
10 0.5885417 0.4070313 0.0208333 0.0390625
9 0.5778646 0.9128906 0.0203125 0.0429688
9 0.4880208 0.1867187 0.0197917 0.0437500
6 0.3950521 0.6789063 0.0171875 0.0406250
9 0.6140625 0.6476563 0.0270833 0.0265625
10 0.4830729 0.6695313 0.0296875 0.0453125
10 0.4739583 0.2894531 0.0250000 0.0273438
10 0.5361979 0.9683594 0.0223958 0.0367188
6 0.5278646 0.3730469 0.0234375 0.0414062
7 0.5325521 0.1699219 0.0276042 0.0273438
11 0.2690104 0.6890625 0.0265625 0.0390625
6 0.3757813 0.3496094 0.0223958 0.0429688
7 0.6231771 0.1765625 0.0192708 0.0296875
8 0.4591146 0.3628906 0.0307292 0.0398437
