1 0.7445312 0.6164063 0.0265625 0.0359375
5 0.5869792 0.6035156 0.0354167 0.0507812
2 0.4328125 0.4527344 0.0322917 0.0585938
1 0.5859375 0.4304688 0.0500000 0.0468750
2 0.4427083 0.6304688 0.0510417 0.0390625
1 0.4760417 0.3210938 0.0322917 0.0500000
3 0.5880208 0.2441406 0.0343750 0.0601563
5 0.5286458 0.8265625 0.0385417 0.0578125
4 0.5567708 0.6953125 0.0333333 0.0578125
2 0.2752604 0.6414062 0.0401042 0.0531250
4 0.6179687 0.3945312 0.0484375 0.0328125
3 0.5656250 0.2230469 0.0458333 0.0289063
0 0.6565104 0.4179688 0.0463542 0.0312500
1 0.2460938 0.6117187 0.0453125 0.0390625
3 0.5822917 0.4257812 0.0375000 0.0593750
4 0.5299479 0.6714844 0.0244792 0.0335937
3 0.3950521 0.6308594 0.0276042 0.0789062
0 0.4632812 0.5644531 0.0328125 0.0382813
1 0.4145833 0.9851562 0.0291667 0.0281250
0 0.4380208 0.6574219 0.0177083 0.0492187
0 0.5132813 0.6968750 0.0484375 0.0296875
0 0.3864583 0.2296875 0.0250000 0.0359375
5 0.6591146 0.4152344 0.0473958 0.0351562
0 0.4489583 0.5933594 0.0375000 0.0367188
4 0.5247396 0.1464844 0.0473958 0.0335937
1 0.6190104 0.7792969 0.0338542 0.0679687
6 0.6507812 0.4578125 0.0442708 0.0656250
7 0.4606771 0.4824219 0.0286458 0.0539063
8 0.4755208 0.5656250 0.0479167 0.0718750
