2 0.3783854 0.2425781 0.0140625 0.0367188
5 0.4638021 0.3195312 0.0161458 0.0187500
1 0.5570312 0.2605469 0.0140625 0.0273438
5 0.6164063 0.8593750 0.0244792 0.0187500
5 0.4252604 0.5906250 0.0161458 0.0265625
5 0.5369792 0.8226562 0.0270833 0.0171875
5 0.6000000 0.6246094 0.0229167 0.0257812
3 0.6893229 0.3835938 0.0276042 0.0234375
4 0.7184896 0.6585937 0.0265625 0.0203125
3 0.3398438 0.4316406 0.0255208 0.0195312
3 0.4731771 0.5105469 0.0265625 0.0226562
1 0.4877604 0.7550781 0.0140625 0.0414062
0 0.5273438 0.6761719 0.0140625 0.0398437
2 0.5117188 0.4019531 0.0161458 0.0289063
0 0.7533854 0.3074219 0.0151042 0.0382813
5 0.3820312 0.3207031 0.0203125 0.0335937
8 0.4979167 0.4238281 0.0239583 0.0320312
9 0.5403646 0.5636719 0.0171875 0.0398437
7 0.4091146 0.4218750 0.0244792 0.0281250
7 0.4117188 0.8195313 0.0161458 0.0265625
6 0.5523438 0.6269531 0.0223958 0.0398437
8 0.4695313 0.6761719 0.0171875 0.0382813
6 0.6291667 0.6496094 0.0270833 0.0304687
9 0.5588542 0.2523437 0.0229167 0.0234375
11 0.5104167 0.3066406 0.0187500 0.0257812
10 0.4286458 0.3023438 0.0218750 0.0218750
10 0.4796875 0.6652344 0.0270833 0.0382813
10 0.7744792 0.6605469 0.0270833 0.0257812
11 0.3781250 0.7472656 0.0156250 0.0226562
10 0.6791667 0.4722656 0.0250000 0.0242188
8 0.5070313 0.6425781 0.0234375 0.0320312
6 0.7127604 0.0929688 0.0255208 0.0250000
10 0.3648438 0.1011719 0.0234375 0.0226562
