5 0.5760417 0.5417969 0.0312500 0.0242188
4 0.6661458 0.2183594 0.0333333 0.0304687
4 0.3010417 0.4039063 0.0354167 0.0296875
0 0.6031250 0.5394531 0.0375000 0.0242188
1 0.3692708 0.6250000 0.0187500 0.0500000
0 0.4015625 0.3882813 0.0208333 0.0296875
2 0.6130208 0.7566406 0.0187500 0.0554687
5 0.4322917 0.5187500 0.0322917 0.0250000
4 0.5880208 0.3199219 0.0187500 0.0273438
2 0.3869792 0.6105469 0.0187500 0.0539063
5 0.4510417 0.6062500 0.0322917 0.0296875
4 0.2497396 0.6925781 0.0307292 0.0257812
0 0.6783854 0.3140625 0.0369792 0.0250000
0 0.5036458 0.7785156 0.0322917 0.0304687
1 0.2838542 0.3347656 0.0218750 0.0476562
2 0.5437500 0.7042969 0.0375000 0.0242188
5 0.3934896 0.3062500 0.0213542 0.0500000
4 0.3518229 0.1292969 0.0171875 0.0445313
5 0.4557292 0.1328125 0.0239583 0.0437500
1 0.4208333 0.0335937 0.0218750 0.0546875
2 0.6411458 0.1683594 0.0291667 0.0257812
5 0.5049479 0.6937500 0.0338542 0.0359375
1 0.5184896 0.4839844 0.0317708 0.0320312
1 0.6231771 0.2187500 0.0182292 0.0281250
2 0.5312500 0.2648437 0.0281250 0.0453125
1 0.3846354 0.4523437 0.0348958 0.0281250
5 0.7161458 0.4757812 0.0229167 0.0421875
2 0.4161458 0.6554688 0.0197917 0.0515625
1 0.6291667 0.4574219 0.0166667 0.0445313
4 0.5734375 0.5714844 0.0270833 0.0226562
4 0.6846354 0.4277344 0.0338542 0.0335937
4 0.4752604 0.6925781 0.0203125 0.0289063
3 0.4937500 0.1121094 0.0250000 0.0476562
1 0.6283854 0.6062500 0.0380208 0.0265625
5 0.5265625 0.2101562 0.0343750 0.0312500
4 0.5604167 0.4425781 0.0343750 0.0273438
2 0.3330729 0.5390625 0.0213542 0.0343750
0 0.4458333 0.4667969 0.0229167 0.0257812
4 0.5304688 0.3093750 0.0276042 0.0250000
1 0.3565104 0.6417969 0.0223958 0.0445313
3 0.6989583 0.7234375 0.0281250 0.0343750
4 0.4747396 0.3636719 0.0203125 0.0351562
3 0.3593750 0.4324219 0.0322917 0.0289063
2 0.5856771 0.0957031 0.0307292 0.0414062
2 0.3937500 0.5960937 0.0218750 0.0531250
0 0.6778646 0.2984375 0.0244792 0.0500000
3 0.3278646 0.4796875 0.0234375 0.0468750
3 0.4208333 0.7296875 0.0229167 0.0468750
3 0.5541667 0.9476562 0.0375000 0.0265625
1 0.3500000 0.2515625 0.0333333 0.0343750
0 0.4182292 0.7832031 0.0166667 0.0429688
3 0.6489583 0.7351562 0.0187500 0.0328125
0 0.5872396 0.2941406 0.0369792 0.0304687
5 0.6388021 0.4296875 0.0390625 0.0312500
1 0.5684896 0.3609375 0.0359375 0.0203125
4 0.4434896 0.5328125 0.0369792 0.0265625
4 0.5947917 0.8285156 0.0354167 0.0273438
4 0.5197917 0.3718750 0.0343750 0.0281250
2 0.7033854 0.4375000 0.0390625 0.0312500
2 0.7164063 0.5449219 0.0223958 0.0429688
1 0.3070312 0.1777344 0.0338542 0.0320312
2 0.4291667 0.2984375 0.0260417 0.0312500
3 0.6356771 0.4042969 0.0296875 0.0320312
0 0.4591146 0.2292969 0.0338542 0.0367188
2 0.4549479 0.5363281 0.0265625 0.0289063
1 0.5018229 0.1703125 0.0234375 0.0312500
3 0.3666667 0.6496094 0.0322917 0.0257812
3 0.4114583 0.8410156 0.0229167 0.0445313
5 0.5877604 0.1890625 0.0161458 0.0531250
2 0.6450521 0.2570312 0.0359375 0.0281250
9 0.6127604 0.7042969 0.0328125 0.0367188
10 0.3309896 0.2507813 0.0338542 0.0437500
11 0.4145833 0.5785156 0.0218750 0.0304687
8 0.6760417 0.4667969 0.0302083 0.0304687
