2 0.6393229 0.5468750 0.0546875 0.0406250
1 0.5809896 0.7468750 0.0588542 0.0437500
1 0.7473958 0.6156250 0.0291667 0.0578125
1 0.4583333 0.6863281 0.0437500 0.0492187
4 0.4502604 0.5523438 0.0463542 0.0406250
4 0.3848958 0.6847656 0.0656250 0.0554687
3 0.6812500 0.8867188 0.0562500 0.0359375
2 0.6614583 0.6128906 0.0385417 0.0460938
0 0.3187500 0.5917969 0.0427083 0.0492187
2 0.6174479 0.2054688 0.0276042 0.0468750
4 0.3755208 0.5968750 0.0625000 0.0468750
2 0.4723958 0.3878906 0.0468750 0.0601563
3 0.5544271 0.2859375 0.0338542 0.0843750
4 0.7932292 0.5257812 0.0572917 0.0578125
3 0.4984375 0.6773438 0.0500000 0.0546875
4 0.7684896 0.6105469 0.0411458 0.0710937
5 0.6309896 0.3808594 0.0567708 0.0382813
3 0.3919271 0.3613281 0.0546875 0.0335937
0 0.6223958 0.5593750 0.0531250 0.0703125
3 0.5093750 0.4746094 0.0666667 0.0476562
0 0.4203125 0.5800781 0.0447917 0.0679687
1 0.6229167 0.5753906 0.0427083 0.0835937
5 0.4841146 0.3503906 0.0276042 0.0742188
3 0.4028646 0.2281250 0.0630208 0.0390625
5 0.6296875 0.6175781 0.0281250 0.0460938
0 0.7122396 0.2339844 0.0619792 0.0476562
2 0.4140625 0.6843750 0.0312500 0.0734375
5 0.6572917 0.5843750 0.0614583 0.0390625
2 0.4739583 0.2378906 0.0333333 0.0632812
5 0.3916667 0.7769531 0.0593750 0.0445313
5 0.4963542 0.7105469 0.0468750 0.0445313
5 0.5244792 0.4578125 0.0385417 0.0812500
2 0.5885417 0.6722656 0.0281250 0.0757812
4 0.4567708 0.6546875 0.0510417 0.0375000
0 0.3622396 0.4312500 0.0661458 0.0609375
2 0.6950521 0.6667969 0.0453125 0.0804688
3 0.4377604 0.7011719 0.0578125 0.0398437
2 0.7184896 0.3656250 0.0609375 0.0406250
4 0.5786458 0.5203125 0.0593750 0.0390625
2 0.2822917 0.4902344 0.0322917 0.0632812
5 0.7322917 0.5468750 0.0520833 0.0562500
3 0.5718750 0.2734375 0.0593750 0.0515625
7 0.3270833 0.3851562 0.0468750 0.0750000
9 0.3755208 0.6457031 0.0468750 0.0773438
11 0.7260417 0.3617187 0.0489583 0.0750000
7 0.7442708 0.4117188 0.0500000 0.0703125
11 0.6739583 0.2507813 0.0583333 0.0578125
6 0.6156250 0.6539063 0.0437500 0.0609375
8 0.2625000 0.6832031 0.0583333 0.0882813
