0 0.6716146 0.2050781 0.0151042 0.0304687
0 0.6130208 0.7292969 0.0166667 0.0289063
2 0.2791667 0.4726562 0.0104167 0.0156250
4 0.4674479 0.1292969 0.0151042 0.0335937
1 0.3072917 0.3496094 0.0166667 0.0367188
3 0.4281250 0.2984375 0.0187500 0.0203125
3 0.5197917 0.3250000 0.0218750 0.0171875
1 0.4596354 0.8390625 0.0223958 0.0203125
5 0.5627604 0.0679687 0.0182292 0.0281250
5 0.6679688 0.3308594 0.0223958 0.0210938
0 0.5296875 0.7722656 0.0218750 0.0179687
2 0.6507812 0.4902344 0.0203125 0.0195312
0 0.4283854 0.3906250 0.0223958 0.0203125
5 0.3252604 0.2968750 0.0255208 0.0187500
5 0.6140625 0.6585937 0.0156250 0.0265625
10 0.7158854 0.2437500 0.0203125 0.0250000
