1 0.3971354 0.5804687 0.0317708 0.0484375
5 0.3622396 0.5132813 0.0276042 0.0390625
2 0.7330729 0.3253906 0.0463542 0.0304687
5 0.4341146 0.3660156 0.0244792 0.0414062
9 0.2963542 0.6203125 0.0250000 0.0562500
6 0.5190104 0.1394531 0.0328125 0.0382813
6 0.5770833 0.6171875 0.0437500 0.0468750
10 0.5546875 0.6343750 0.0416667 0.0671875
8 0.4908854 0.6132812 0.0401042 0.0640625
8 0.3585937 0.5156250 0.0255208 0.0562500
11 0.5963542 0.1917969 0.0281250 0.0554687
8 0.5343750 0.6582031 0.0395833 0.0398437
10 0.3622396 0.4964844 0.0390625 0.0367188
9 0.5601563 0.5765625 0.0421875 0.0437500
10 0.6257812 0.7996094 0.0380208 0.0367188
7 0.6062500 0.6406250 0.0385417 0.0468750
11 0.4695313 0.6019531 0.0265625 0.0617188
7 0.3770833 0.5050781 0.0375000 0.0445313
6 0.5799479 0.3218750 0.0401042 0.0406250
7 0.6880208 0.2019531 0.0395833 0.0507812
9 0.4895833 0.6488281 0.0270833 0.0523438
10 0.4164062 0.4867187 0.0286458 0.0406250
7 0.3736979 0.6656250 0.0276042 0.0640625
7 0.5476562 0.2613281 0.0380208 0.0507812
