3 0.4364583 0.4375000 0.0270833 0.0250000
1 0.3510417 0.4785156 0.0260417 0.0210938
3 0.4286458 0.3890625 0.0208333 0.0234375
0 0.5122396 0.6222656 0.0317708 0.0226562
0 0.6888021 0.5589844 0.0276042 0.0164063
4 0.4065104 0.6093750 0.0182292 0.0250000
0 0.4838542 0.4316406 0.0177083 0.0257812
5 0.6598958 0.3687500 0.0229167 0.0234375
3 0.5315104 0.1386719 0.0119792 0.0460938
1 0.3203125 0.2730469 0.0145833 0.0398437
2 0.6486979 0.2472656 0.0317708 0.0273438
3 0.5609375 0.3953125 0.0145833 0.0250000
5 0.3067708 0.3398438 0.0166667 0.0453125
2 0.6427083 0.2113281 0.0145833 0.0304687
5 0.5916667 0.3335938 0.0260417 0.0187500
4 0.5505208 0.6484375 0.0281250 0.0296875
4 0.5294271 0.1832031 0.0296875 0.0210938
4 0.7054687 0.3597656 0.0192708 0.0429688
2 0.6705729 0.5570312 0.0265625 0.0234375
4 0.5127604 0.1300781 0.0203125 0.0414062
1 0.5562500 0.6605469 0.0291667 0.0226562
4 0.5093750 0.7660156 0.0197917 0.0367188
3 0.6947917 0.6390625 0.0239583 0.0250000
3 0.7247396 0.6398438 0.0255208 0.0234375
0 0.7096354 0.4710937 0.0276042 0.0312500
5 0.4252604 0.7976562 0.0223958 0.0218750
3 0.4294271 0.7656250 0.0192708 0.0296875
4 0.6565104 0.5714844 0.0286458 0.0242188
4 0.6611979 0.7152344 0.0286458 0.0273438
1 0.4906250 0.8152344 0.0250000 0.0257812
4 0.4619792 0.3656250 0.0229167 0.0328125
5 0.4765625 0.7976562 0.0197917 0.0359375
5 0.2700521 0.5687500 0.0151042 0.0468750
5 0.6757812 0.8093750 0.0296875 0.0171875
4 0.5929688 0.2179687 0.0192708 0.0203125
5 0.4578125 0.5425781 0.0302083 0.0304687
0 0.4630208 0.3843750 0.0145833 0.0437500
4 0.6726562 0.4582031 0.0119792 0.0320312
3 0.3690104 0.3414063 0.0286458 0.0281250
0 0.4013021 0.5261719 0.0223958 0.0445313
0 0.4046875 0.8273438 0.0145833 0.0468750
0 0.3789062 0.4480469 0.0192708 0.0273438
1 0.4276042 0.1382812 0.0239583 0.0328125
0 0.4106771 0.4121094 0.0182292 0.0273438
2 0.6734375 0.6437500 0.0260417 0.0281250
1 0.5286458 0.6027344 0.0156250 0.0273438
3 0.6046875 0.5140625 0.0187500 0.0203125
2 0.5057292 0.7144531 0.0312500 0.0242188
2 0.5583333 0.4968750 0.0270833 0.0203125
2 0.5825521 0.6507812 0.0286458 0.0265625
4 0.4664063 0.7953125 0.0223958 0.0359375
5 0.5140625 0.4007812 0.0135417 0.0484375
1 0.4203125 0.9027344 0.0156250 0.0414062
2 0.4966146 0.3132813 0.0223958 0.0281250
5 0.4903646 0.5894531 0.0213542 0.0367188
5 0.6320313 0.4812500 0.0223958 0.0281250
3 0.2713542 0.6476563 0.0291667 0.0218750
2 0.3820312 0.7570313 0.0234375 0.0328125
0 0.2799479 0.2839844 0.0203125 0.0210938
2 0.6697917 0.7851562 0.0302083 0.0218750
1 0.3919271 0.6492187 0.0255208 0.0328125
2 0.5057292 0.4183594 0.0291667 0.0195312
4 0.5041667 0.8093750 0.0250000 0.0359375
2 0.4468750 0.7968750 0.0145833 0.0406250
2 0.3848958 0.6953125 0.0166667 0.0437500
2 0.3507812 0.4386719 0.0307292 0.0289063
2 0.4682292 0.6085938 0.0145833 0.0250000
4 0.5721354 0.4242187 0.0296875 0.0296875
0 0.6130208 0.6011719 0.0322917 0.0273438
0 0.6091146 0.8781250 0.0255208 0.0312500
2 0.6703125 0.7656250 0.0239583 0.0328125
0 0.4690104 0.4707031 0.0296875 0.0304687
4 0.3231771 0.6300781 0.0265625 0.0273438
4 0.5265625 0.9039063 0.0291667 0.0203125
2 0.6354167 0.6859375 0.0229167 0.0296875
7 0.5533854 0.5039062 0.0276042 0.0296875
10 0.5526042 0.4382813 0.0302083 0.0421875
7 0.4906250 0.6425781 0.0270833 0.0367188
6 0.6359375 0.5828125 0.0291667 0.0359375
6 0.3945312 0.3628906 0.0276042 0.0273438
10 0.4822917 0.8773437 0.0239583 0.0453125
7 0.4539063 0.3972656 0.0213542 0.0320312
7 0.6203125 0.4804688 0.0270833 0.0265625
11 0.3502604 0.1609375 0.0286458 0.0375000
8 0.6281250 0.0839844 0.0302083 0.0382813
11 0.5736979 0.3148437 0.0213542 0.0281250
9 0.3893229 0.6500000 0.0286458 0.0281250
9 0.4898438 0.6113281 0.0234375 0.0429688
7 0.5364583 0.6343750 0.0239583 0.0250000
9 0.4510417 0.3191406 0.0281250 0.0429688
7 0.5903646 0.1796875 0.0213542 0.0296875
10 0.4708333 0.7843750 0.0250000 0.0390625
6 0.5893229 0.5593750 0.0213542 0.0437500
8 0.6328125 0.8742188 0.0187500 0.0437500
6 0.5604167 0.3738281 0.0239583 0.0304687
