4 0.5398437 0.2167969 0.1536458 0.1117188
3 0.5031250 0.7277344 0.1083333 0.2773438
5 0.7880208 0.5277344 0.1614583 0.1617187
4 0.4421875 0.1050781 0.1489583 0.1960938
3 0.2093750 0.6015625 0.1812500 0.1281250
4 0.4869792 0.6546875 0.1906250 0.1468750
2 0.1494792 0.3000000 0.1614583 0.1359375
5 0.6536458 0.4601562 0.1406250 0.1171875
0 0.7263021 0.3875000 0.1390625 0.1187500
2 0.4166667 0.2609375 0.1718750 0.1328125
4 0.7799479 0.6449219 0.1619792 0.1867187
6 0.3614583 0.1167969 0.1479167 0.2335937
11 0.3268229 0.1804688 0.1630208 0.1562500
6 0.4039063 0.5207031 0.1473958 0.1445312
6 0.2643229 0.1214844 0.1265625 0.2429688
7 0.5604167 0.1492188 0.1489583 0.1968750
8 0.6929688 0.3238281 0.1473958 0.1445312
11 0.2044271 0.4839844 0.1526042 0.1539062
9 0.8036458 0.3238281 0.1239583 0.2367188
11 0.7552083 0.4300781 0.1489583 0.2492187
9 0.3947917 0.3437500 0.1583333 0.1906250
9 0.6312500 0.0945312 0.1510417 0.1828125
