3 0.5622396 0.3757813 0.0140625 0.0234375
4 0.5919271 0.6527344 0.0296875 0.0210938
1 0.3627604 0.6023437 0.0140625 0.0234375
1 0.4914062 0.6250000 0.0255208 0.0218750
4 0.6507812 0.3484375 0.0182292 0.0265625
3 0.4356771 0.6652344 0.0213542 0.0226562
5 0.5388021 0.3351562 0.0213542 0.0328125
9 0.3812500 0.4593750 0.0281250 0.0312500
7 0.7484375 0.3738281 0.0260417 0.0257812
8 0.4367187 0.2457031 0.0255208 0.0257812
11 0.7044271 0.7292969 0.0255208 0.0257812
7 0.4000000 0.4886719 0.0239583 0.0242188
8 0.2278646 0.5144531 0.0265625 0.0289063
8 0.5005208 0.5171875 0.0229167 0.0406250
8 0.6359375 0.6546875 0.0250000 0.0312500
10 0.6471354 0.4281250 0.0161458 0.0390625
8 0.4752604 0.3996094 0.0286458 0.0304687
6 0.6039062 0.2578125 0.0234375 0.0250000
6 0.5989583 0.7300781 0.0250000 0.0242188
7 0.5098958 0.3718750 0.0156250 0.0359375
8 0.6210938 0.2007812 0.0223958 0.0281250
8 0.5458333 0.6246094 0.0187500 0.0273438
9 0.2708333 0.5515625 0.0166667 0.0328125
