4 0.3598958 0.3609375 0.0604167 0.1312500
1 0.5583333 0.2144531 0.1041667 0.0898438
2 0.3781250 0.7007813 0.1343750 0.0734375
0 0.5216146 0.5519531 0.1234375 0.0851563
3 0.7505208 0.3843750 0.1250000 0.1187500
1 0.4049479 0.4902344 0.0588542 0.1882813
5 0.5234375 0.1699219 0.0656250 0.1507813
5 0.4382813 0.5265625 0.1244792 0.0859375
5 0.5921875 0.2312500 0.1312500 0.0812500
2 0.4518229 0.4394531 0.1046875 0.1085938
1 0.6794271 0.2933594 0.1182292 0.0929688
2 0.3203125 0.4808594 0.0552083 0.1320312
2 0.7312500 0.4511719 0.1302083 0.1054688
5 0.3156250 0.7375000 0.1229167 0.0937500
5 0.4617188 0.2667969 0.1005208 0.1257813
2 0.2567708 0.3855469 0.1197917 0.0882813
1 0.1833333 0.5234375 0.0989583 0.1031250
2 0.5914063 0.1527344 0.0640625 0.1773437
2 0.5013021 0.5027344 0.0651042 0.1414063
3 0.4848958 0.2167969 0.0656250 0.1539062
4 0.4661458 0.7847656 0.1125000 0.1273438
1 0.6070313 0.9093750 0.0567708 0.1796875
1 0.4908854 0.4882812 0.1026042 0.0734375
2 0.6140625 0.7843750 0.1010417 0.1140625
3 0.2804687 0.6109375 0.1182292 0.1218750
3 0.6908854 0.6035156 0.1234375 0.0914062
2 0.4786458 0.2914062 0.1187500 0.1265625
0 0.6833333 0.5183594 0.1062500 0.0664062
0 0.2880208 0.3359375 0.0520833 0.0890625
5 0.5950521 0.5621094 0.0921875 0.0820312
0 0.3588542 0.4281250 0.0552083 0.1656250
1 0.5559896 0.3789062 0.1182292 0.0796875
1 0.2723958 0.1433594 0.1229167 0.0882813
4 0.6591146 0.6597656 0.1255208 0.0882813
5 0.6817708 0.2902344 0.0927083 0.1351563
2 0.6710938 0.5945312 0.1182292 0.1000000
1 0.6190104 0.2210938 0.1005208 0.1046875
3 0.4567708 0.4742188 0.1229167 0.0859375
1 0.7127604 0.4640625 0.1296875 0.0906250
5 0.6208333 0.9214844 0.0708333 0.1554687
5 0.3971354 0.4101562 0.1192708 0.0937500
4 0.4497396 0.6066406 0.0515625 0.1851562
2 0.4093750 0.5382813 0.1260417 0.0875000
3 0.1981771 0.4601562 0.0869792 0.1296875
1 0.4026042 0.3828125 0.0687500 0.1328125
1 0.5322917 0.6722656 0.1083333 0.0867187
0 0.5505208 0.4406250 0.1031250 0.1203125
0 0.5671875 0.1785156 0.1083333 0.0820312
0 0.3281250 0.6171875 0.1166667 0.0890625
5 0.4825521 0.5503906 0.0838542 0.0804688
5 0.6330729 0.7199219 0.0994792 0.1429688
3 0.5286458 0.4503906 0.1125000 0.0773438
7 0.5947917 0.6609375 0.1052083 0.1031250
8 0.5130208 0.7359375 0.0770833 0.1578125
10 0.4213542 0.5023437 0.1218750 0.1250000
