2 0.4807292 0.2687500 0.0229167 0.0359375
0 0.4515625 0.2722656 0.0145833 0.0320312
5 0.5570312 0.6863281 0.0171875 0.0226562
2 0.7093750 0.4300781 0.0187500 0.0539063
0 0.2742188 0.7964844 0.0328125 0.0210938
3 0.3932292 0.5468750 0.0375000 0.0265625
5 0.4273438 0.4851563 0.0213542 0.0453125
2 0.7080729 0.2906250 0.0328125 0.0234375
2 0.2182292 0.3097656 0.0208333 0.0539063
3 0.4661458 0.2648437 0.0333333 0.0250000
1 0.6869792 0.6343750 0.0197917 0.0281250
5 0.5856771 0.2457031 0.0338542 0.0242188
0 0.6252604 0.7003906 0.0348958 0.0289063
5 0.2096354 0.4113281 0.0223958 0.0460938
4 0.5921875 0.5636719 0.0250000 0.0304687
5 0.4822917 0.3296875 0.0312500 0.0312500
0 0.4265625 0.3167969 0.0312500 0.0242188
3 0.5843750 0.4414062 0.0239583 0.0234375
7 0.6820312 0.7585937 0.0276042 0.0312500
11 0.6453125 0.6718750 0.0218750 0.0500000
9 0.5171875 0.2828125 0.0250000 0.0312500
9 0.4893229 0.7144531 0.0255208 0.0429688
7 0.5630208 0.4875000 0.0260417 0.0296875
6 0.5239583 0.3890625 0.0312500 0.0343750
7 0.5096354 0.7707031 0.0307292 0.0398437
