4 0.3429687 0.8062500 0.0671875 0.0484375
2 0.3815104 0.2429688 0.0526042 0.1109375
5 0.7653646 0.3628906 0.0536458 0.0523438
3 0.5903646 0.7500000 0.0546875 0.0453125
5 0.5143229 0.1632812 0.0515625 0.0781250
3 0.3903646 0.2628906 0.0473958 0.0539063
4 0.7372396 0.7832031 0.0421875 0.0539063
0 0.6580729 0.7804688 0.0421875 0.0437500
1 0.6268229 0.6136719 0.0526042 0.0726563
3 0.5760417 0.6183594 0.0687500 0.0523438
5 0.5557292 0.9144531 0.0385417 0.0773438
3 0.5403646 0.5488281 0.0348958 0.0507812
2 0.5312500 0.4625000 0.0635417 0.0734375
4 0.6377604 0.4769531 0.0473958 0.0851563
2 0.3921875 0.6812500 0.0322917 0.0437500
3 0.6372396 0.6027344 0.0682292 0.0429688
4 0.5065104 0.5078125 0.0703125 0.0531250
4 0.6895833 0.3761719 0.0614583 0.0460938
4 0.3348958 0.6125000 0.0312500 0.0687500
1 0.5479167 0.1320312 0.0541667 0.0859375
4 0.4820313 0.3554688 0.0286458 0.0750000
3 0.2421875 0.3425781 0.0583333 0.0664062
2 0.5260417 0.8144531 0.0520833 0.0554687
5 0.5864583 0.5101562 0.0656250 0.0421875
3 0.3789062 0.5687500 0.0744792 0.0562500
2 0.4502604 0.2593750 0.0463542 0.0812500
4 0.2812500 0.4722656 0.0489583 0.0726563
0 0.7921875 0.6167969 0.0625000 0.0664062
5 0.4132812 0.1210938 0.0432292 0.0828125
1 0.5924479 0.3359375 0.0723958 0.0500000
4 0.3419271 0.6867188 0.0390625 0.0953125
2 0.6046875 0.1230469 0.0406250 0.1023437
5 0.5247396 0.1093750 0.0348958 0.0546875
1 0.6450521 0.7964844 0.0651042 0.0710937
0 0.4635417 0.5023437 0.0635417 0.0468750
4 0.5283854 0.3753906 0.0630208 0.0476562
2 0.4005208 0.3761719 0.0302083 0.0570312
3 0.4757812 0.1207031 0.0453125 0.1054688
3 0.5052083 0.3066406 0.0552083 0.0679687
4 0.5776042 0.7632813 0.0354167 0.1109375
0 0.6755208 0.4921875 0.0729167 0.0609375
2 0.4875000 0.6203125 0.0468750 0.0546875
0 0.5289063 0.1687500 0.0692708 0.0640625
0 0.5721354 0.5015625 0.0515625 0.0796875
1 0.5388021 0.2703125 0.0359375 0.0953125
3 0.4567708 0.3109375 0.0593750 0.0687500
2 0.4221354 0.2402344 0.0526042 0.0789062
1 0.4531250 0.6437500 0.0416667 0.0703125
2 0.3976562 0.6363281 0.0536458 0.0570312
1 0.6664062 0.7808594 0.0411458 0.1039063
2 0.6231771 0.8320312 0.0276042 0.0468750
11 0.7651042 0.4753906 0.0687500 0.0710937
7 0.4005208 0.4199219 0.0645833 0.0726563
10 0.6085938 0.5929688 0.0598958 0.0609375
