5 0.5187500 0.1820313 0.0656250 0.0453125
4 0.6968750 0.2160156 0.0656250 0.0570312
3 0.7143229 0.4792969 0.0380208 0.0773438
5 0.4684896 0.8929687 0.0317708 0.0609375
1 0.6804687 0.4167969 0.0630208 0.0429688
4 0.6007813 0.8863281 0.0432292 0.0523438
0 0.6945313 0.4664063 0.0734375 0.0515625
2 0.5856771 0.8261719 0.0546875 0.0492187
0 0.5947917 0.9402344 0.0375000 0.0726563
5 0.3968750 0.4921875 0.0635417 0.0453125
4 0.5591146 0.6835938 0.0609375 0.0546875
2 0.5197917 0.6910156 0.0593750 0.0726563
1 0.4299479 0.5441406 0.0692708 0.0539063
4 0.2783854 0.6191406 0.0661458 0.0570312
3 0.4718750 0.6285156 0.0302083 0.0382813
0 0.4218750 0.4886719 0.0385417 0.0757812
0 0.6627604 0.5320312 0.0630208 0.0453125
5 0.6236979 0.2570312 0.0723958 0.0531250
1 0.6390625 0.4820313 0.0333333 0.0968750
0 0.2940104 0.7855469 0.0276042 0.0398437
0 0.4979167 0.2082031 0.0385417 0.0476562
1 0.5333333 0.7253906 0.0552083 0.0664062
4 0.7125000 0.4863281 0.0375000 0.0648438
3 0.6184896 0.2488281 0.0484375 0.0742188
5 0.5067708 0.6843750 0.0416667 0.0875000
2 0.6958333 0.6488281 0.0593750 0.0382813
0 0.5531250 0.6015625 0.0312500 0.0843750
2 0.5093750 0.6437500 0.0635417 0.0546875
1 0.5273438 0.5992188 0.0401042 0.0546875
0 0.5398437 0.8773437 0.0526042 0.0890625
2 0.4065104 0.5859375 0.0463542 0.0562500
5 0.6104167 0.4085937 0.0604167 0.0468750
1 0.3997396 0.6433594 0.0328125 0.0523438
0 0.3919271 0.3570313 0.0453125 0.0640625
4 0.5729167 0.4160156 0.0333333 0.0476562
1 0.6429687 0.7898437 0.0630208 0.0687500
0 0.5486979 0.3046875 0.0296875 0.0796875
1 0.6565104 0.4179688 0.0307292 0.0687500
5 0.6401042 0.7289062 0.0656250 0.0625000
4 0.4757812 0.5605469 0.0484375 0.0460938
1 0.4208333 0.5500000 0.0614583 0.0484375
4 0.7234375 0.2835937 0.0604167 0.0421875
1 0.5932292 0.3542969 0.0510417 0.0585938
4 0.4072917 0.4332031 0.0479167 0.0695313
0 0.4927083 0.6488281 0.0406250 0.0367188
3 0.7145833 0.3519531 0.0677083 0.0664062
1 0.5656250 0.7398438 0.0479167 0.0421875
4 0.2757812 0.4074219 0.0442708 0.0632812
3 0.3130208 0.6691406 0.0354167 0.0742188
3 0.4205729 0.6183594 0.0401042 0.0710937
0 0.6729167 0.3332031 0.0291667 0.0523438
4 0.4843750 0.6429687 0.0479167 0.0843750
1 0.3898437 0.5820312 0.0609375 0.0515625
1 0.3559896 0.2378906 0.0630208 0.0492187
5 0.5361979 0.3273437 0.0682292 0.0437500
3 0.6492187 0.5574219 0.0453125 0.0773438
5 0.5966146 0.7476563 0.0567708 0.0484375
0 0.6471354 0.6015625 0.0619792 0.0546875
5 0.4393229 0.3500000 0.0411458 0.0484375
2 0.7434896 0.5035156 0.0692708 0.0523438
5 0.5278646 0.7960938 0.0453125 0.0937500
5 0.6122396 0.4621094 0.0484375 0.0710937
4 0.5007812 0.2417969 0.0380208 0.1039063
1 0.5221354 0.2062500 0.0442708 0.0625000
1 0.6510417 0.5718750 0.0447917 0.0640625
5 0.5210938 0.1808594 0.0411458 0.0507812
3 0.4385417 0.6121094 0.0395833 0.0648438
2 0.5554687 0.1542969 0.0619792 0.0710937
2 0.3765625 0.9101562 0.0458333 0.0781250
11 0.6981771 0.2277344 0.0432292 0.0960938
8 0.7197917 0.3855469 0.0625000 0.0601563
6 0.7041667 0.6601562 0.0677083 0.0781250
9 0.5229167 0.1605469 0.0583333 0.0914062
11 0.3888021 0.5417969 0.0598958 0.0789062
