3 0.5197917 0.5335937 0.0281250 0.0328125
3 0.6752604 0.7296875 0.0421875 0.0281250
0 0.5223958 0.6523438 0.0260417 0.0453125
4 0.7263021 0.6042969 0.0192708 0.0632812
4 0.4825521 0.3757813 0.0171875 0.0453125
3 0.4343750 0.1113281 0.0250000 0.0554687
1 0.5661458 0.8984375 0.0229167 0.0656250
4 0.5005208 0.9121094 0.0250000 0.0570312
4 0.3239583 0.4656250 0.0229167 0.0375000
1 0.5739583 0.5656250 0.0302083 0.0546875
1 0.6255208 0.3066406 0.0197917 0.0460938
3 0.6093750 0.5257812 0.0281250 0.0593750
4 0.4361979 0.2253906 0.0442708 0.0335937
4 0.6658854 0.3613281 0.0369792 0.0382813
0 0.5945312 0.8429688 0.0328125 0.0281250
2 0.3625000 0.7031250 0.0218750 0.0640625
1 0.6463542 0.2332031 0.0218750 0.0632812
0 0.5901042 0.8996094 0.0437500 0.0351562
2 0.6671875 0.6343750 0.0260417 0.0421875
5 0.4216146 0.6074219 0.0317708 0.0367188
1 0.3218750 0.6160156 0.0395833 0.0382813
1 0.7132812 0.6011719 0.0369792 0.0570312
0 0.3486979 0.5414062 0.0348958 0.0343750
2 0.5606771 0.4656250 0.0421875 0.0390625
0 0.4330729 0.4398437 0.0223958 0.0625000
0 0.3958333 0.7757812 0.0197917 0.0421875
4 0.3648438 0.5289063 0.0411458 0.0296875
2 0.2804687 0.7214844 0.0182292 0.0304687
5 0.6221354 0.4894531 0.0390625 0.0351562
3 0.4591146 0.3902344 0.0348958 0.0351562
4 0.8210937 0.5269531 0.0359375 0.0320312
2 0.5005208 0.7292969 0.0260417 0.0304687
4 0.4820313 0.7238281 0.0307292 0.0648438
3 0.4890625 0.4820313 0.0406250 0.0296875
2 0.5700521 0.6671875 0.0203125 0.0609375
3 0.4541667 0.6730469 0.0208333 0.0554687
0 0.3736979 0.3742187 0.0359375 0.0359375
1 0.3716146 0.5089844 0.0442708 0.0289063
2 0.6890625 0.5972656 0.0375000 0.0320312
3 0.6669271 0.6425781 0.0255208 0.0351562
1 0.5750000 0.4312500 0.0395833 0.0265625
3 0.4523437 0.3847656 0.0296875 0.0320312
1 0.4914062 0.8082031 0.0255208 0.0460938
4 0.6640625 0.3269531 0.0416667 0.0398437
1 0.5380208 0.6796875 0.0166667 0.0281250
4 0.5098958 0.6117187 0.0208333 0.0421875
3 0.6036458 0.4167969 0.0197917 0.0554687
4 0.4002604 0.3710938 0.0296875 0.0437500
5 0.5627604 0.4511719 0.0380208 0.0539063
0 0.4565104 0.6242188 0.0453125 0.0265625
4 0.7330729 0.4277344 0.0421875 0.0289063
1 0.7320313 0.5597656 0.0401042 0.0382813
3 0.3645833 0.1109375 0.0354167 0.0468750
5 0.4242187 0.7621094 0.0182292 0.0507812
2 0.5252604 0.6941406 0.0348958 0.0351562
2 0.5221354 0.8667969 0.0182292 0.0585938
2 0.5880208 0.6941406 0.0218750 0.0429688
5 0.5411458 0.6011719 0.0447917 0.0382813
0 0.5515625 0.5652344 0.0427083 0.0289063
8 0.6466146 0.4582031 0.0411458 0.0492187
7 0.4656250 0.1523438 0.0260417 0.0390625
11 0.4604167 0.6078125 0.0364583 0.0500000
9 0.4802083 0.5785156 0.0281250 0.0601563
9 0.5971354 0.2277344 0.0317708 0.0632812
10 0.3260417 0.6660156 0.0260417 0.0554687
6 0.6888021 0.8117188 0.0265625 0.0515625
