5 0.5671875 0.5089844 0.0250000 0.0320312
5 0.6729167 0.6804687 0.0239583 0.0328125
2 0.7554688 0.3960938 0.0182292 0.0390625
2 0.6286458 0.4808594 0.0250000 0.0195312
3 0.7023438 0.4792969 0.0109375 0.0210938
0 0.4578125 0.2101562 0.0145833 0.0296875
3 0.5848958 0.7566406 0.0229167 0.0226562
3 0.6023437 0.5933594 0.0276042 0.0195312
2 0.2442708 0.5796875 0.0135417 0.0406250
3 0.6778646 0.2929688 0.0234375 0.0265625
3 0.4135417 0.6609375 0.0250000 0.0203125
0 0.5013021 0.6417969 0.0213542 0.0226562
5 0.5924479 0.3199219 0.0171875 0.0367188
0 0.6763021 0.2500000 0.0182292 0.0343750
5 0.5513021 0.4890625 0.0255208 0.0218750
2 0.6614583 0.4351563 0.0187500 0.0265625
2 0.6796875 0.5753906 0.0229167 0.0335937
1 0.2755208 0.5796875 0.0197917 0.0187500
2 0.4307292 0.4722656 0.0145833 0.0242188
5 0.3164062 0.2531250 0.0182292 0.0343750
1 0.5260417 0.7570313 0.0218750 0.0328125
3 0.3747396 0.2347656 0.0286458 0.0195312
2 0.5682292 0.6601562 0.0125000 0.0328125
1 0.5630208 0.5269531 0.0250000 0.0226562
2 0.5674479 0.3382812 0.0192708 0.0296875
3 0.6322917 0.4113281 0.0312500 0.0226562
3 0.2346354 0.5531250 0.0140625 0.0187500
5 0.3091146 0.6152344 0.0171875 0.0195312
4 0.4955729 0.2636719 0.0151042 0.0226562
3 0.4541667 0.6011719 0.0177083 0.0195312
4 0.3036458 0.4089844 0.0250000 0.0226562
0 0.3888021 0.6195312 0.0182292 0.0218750
4 0.3976562 0.1457031 0.0171875 0.0382813
2 0.4302083 0.8203125 0.0135417 0.0250000
3 0.6026042 0.5898438 0.0291667 0.0218750
3 0.5648437 0.4441406 0.0161458 0.0273438
3 0.7395833 0.5355469 0.0135417 0.0242188
1 0.3947917 0.3937500 0.0177083 0.0203125
3 0.5674479 0.3515625 0.0223958 0.0312500
4 0.7143229 0.5421875 0.0265625 0.0265625
4 0.2125000 0.3718750 0.0281250 0.0218750
4 0.4304688 0.3644531 0.0140625 0.0335937
5 0.6286458 0.8683594 0.0260417 0.0242188
0 0.6742187 0.6421875 0.0307292 0.0218750
3 0.6286458 0.6687500 0.0260417 0.0234375
1 0.6843750 0.4281250 0.0291667 0.0203125
4 0.4515625 0.6863281 0.0229167 0.0242188
1 0.6510417 0.4492188 0.0281250 0.0218750
1 0.5044271 0.3945312 0.0255208 0.0187500
0 0.5122396 0.8535156 0.0286458 0.0195312
5 0.5143229 0.6710938 0.0265625 0.0203125
0 0.6101562 0.2554688 0.0182292 0.0375000
5 0.5932292 0.6367188 0.0250000 0.0296875
0 0.5026042 0.4015625 0.0260417 0.0203125
1 0.6315104 0.3531250 0.0130208 0.0375000
4 0.2963542 0.7523437 0.0187500 0.0171875
3 0.2966146 0.6601562 0.0192708 0.0328125
1 0.5559896 0.5066406 0.0286458 0.0289063
2 0.5359375 0.3757813 0.0270833 0.0187500
4 0.3341146 0.3382812 0.0255208 0.0156250
4 0.3325521 0.3945312 0.0182292 0.0312500
3 0.4653646 0.2125000 0.0296875 0.0187500
4 0.7484375 0.7148438 0.0125000 0.0390625
0 0.3578125 0.8148437 0.0135417 0.0406250
3 0.4958333 0.5816406 0.0125000 0.0257812
0 0.5255208 0.3371094 0.0187500 0.0335937
5 0.4914062 0.6429687 0.0223958 0.0312500
3 0.4174479 0.5425781 0.0192708 0.0179687
2 0.6570312 0.2562500 0.0265625 0.0187500
1 0.7083333 0.4699219 0.0302083 0.0226562
1 0.4367187 0.2339844 0.0182292 0.0414062
11 0.6044271 0.2015625 0.0171875 0.0281250
10 0.4846354 0.1000000 0.0234375 0.0375000
8 0.4841146 0.6152344 0.0182292 0.0398437
6 0.4705729 0.5277344 0.0213542 0.0351562
11 0.7013021 0.2464844 0.0255208 0.0304687
6 0.5343750 0.5359375 0.0250000 0.0359375
9 0.5289063 0.1449219 0.0265625 0.0335937
10 0.6398438 0.3914063 0.0223958 0.0312500
7 0.7098958 0.5441406 0.0250000 0.0351562
6 0.7369792 0.7351562 0.0270833 0.0281250
6 0.6361979 0.5292969 0.0244792 0.0257812
