0 0.6562500 0.7515625 0.0364583 0.0203125
1 0.4601562 0.3179688 0.0140625 0.0562500
1 0.5377604 0.7570313 0.0182292 0.0343750
1 0.3630208 0.5285156 0.0322917 0.0414062
5 0.3645833 0.5957031 0.0354167 0.0273438
4 0.4453125 0.8386719 0.0312500 0.0257812
2 0.4330729 0.1156250 0.0234375 0.0562500
4 0.5309896 0.6898437 0.0348958 0.0406250
2 0.5992188 0.5992188 0.0369792 0.0296875
2 0.7640625 0.3554688 0.0385417 0.0296875
1 0.6309896 0.4890625 0.0203125 0.0250000
3 0.6059896 0.7320313 0.0307292 0.0468750
0 0.5768229 0.6281250 0.0276042 0.0546875
3 0.5242187 0.8300781 0.0255208 0.0414062
0 0.6807292 0.5554687 0.0385417 0.0281250
2 0.6979167 0.4285156 0.0343750 0.0351562
0 0.4140625 0.5101562 0.0364583 0.0484375
5 0.4197917 0.7746094 0.0333333 0.0242188
3 0.3960938 0.3093750 0.0203125 0.0312500
4 0.6786458 0.5101562 0.0229167 0.0281250
3 0.4679687 0.6804687 0.0265625 0.0484375
4 0.6286458 0.6222656 0.0166667 0.0554687
4 0.4098958 0.4617188 0.0302083 0.0453125
0 0.5143229 0.7304688 0.0317708 0.0296875
5 0.7364583 0.4894531 0.0364583 0.0382813
0 0.6114583 0.7066406 0.0239583 0.0585938
0 0.5221354 0.2472656 0.0192708 0.0414062
5 0.4776042 0.5421875 0.0354167 0.0265625
4 0.4622396 0.4511719 0.0182292 0.0476562
1 0.6320313 0.5765625 0.0276042 0.0421875
4 0.7497396 0.4531250 0.0244792 0.0531250
0 0.4880208 0.3800781 0.0364583 0.0210938
3 0.4929688 0.5183594 0.0276042 0.0335937
5 0.2950521 0.5781250 0.0369792 0.0265625
1 0.5726562 0.2562500 0.0213542 0.0437500
5 0.3940104 0.7148438 0.0182292 0.0546875
1 0.2611979 0.4785156 0.0171875 0.0382813
4 0.6151042 0.0558594 0.0208333 0.0585938
1 0.6895833 0.7613281 0.0364583 0.0257812
2 0.7078125 0.2839844 0.0177083 0.0492187
3 0.5000000 0.8835937 0.0218750 0.0562500
0 0.3492188 0.6000000 0.0296875 0.0421875
1 0.4562500 0.5031250 0.0250000 0.0484375
0 0.4739583 0.3636719 0.0354167 0.0304687
7 0.4731771 0.2281250 0.0338542 0.0515625
7 0.5929688 0.7898437 0.0359375 0.0375000
11 0.4088542 0.2664063 0.0281250 0.0343750
7 0.5364583 0.9070312 0.0333333 0.0437500
9 0.6406250 0.1917969 0.0322917 0.0429688
10 0.3502604 0.6218750 0.0369792 0.0500000
9 0.6752604 0.7054687 0.0369792 0.0406250
8 0.4492188 0.7742187 0.0328125 0.0562500
6 0.3846354 0.8980469 0.0348958 0.0554687
6 0.3656250 0.6527344 0.0270833 0.0476562
