1 0.5973958 0.3718750 0.0437500 0.0375000
4 0.3929687 0.1773437 0.0234375 0.0750000
3 0.3596354 0.6824219 0.0494792 0.0429688
0 0.4088542 0.4105469 0.0229167 0.0664062
2 0.3885417 0.3550781 0.0270833 0.0617188
4 0.3309896 0.5167969 0.0463542 0.0460938
3 0.4252604 0.4847656 0.0328125 0.0304687
1 0.4570312 0.5730469 0.0307292 0.0570312
1 0.4763021 0.4101562 0.0265625 0.0515625
0 0.6541667 0.5089844 0.0489583 0.0398437
4 0.5960937 0.5972656 0.0421875 0.0476562
5 0.6763021 0.7761719 0.0505208 0.0351562
2 0.3250000 0.5976562 0.0302083 0.0437500
4 0.4578125 0.8453125 0.0437500 0.0484375
3 0.4403646 0.7792969 0.0255208 0.0773438
4 0.4924479 0.2628906 0.0203125 0.0664062
2 0.5622396 0.1984375 0.0515625 0.0406250
2 0.2617188 0.4832031 0.0307292 0.0539063
1 0.2278646 0.5382813 0.0348958 0.0500000
4 0.6867188 0.7707031 0.0442708 0.0351562
4 0.5593750 0.3421875 0.0354167 0.0468750
0 0.7111979 0.4265625 0.0380208 0.0578125
1 0.6296875 0.3460937 0.0364583 0.0421875
3 0.4322917 0.3210938 0.0333333 0.0375000
0 0.4442708 0.5015625 0.0260417 0.0390625
0 0.5148438 0.7082031 0.0453125 0.0273438
1 0.5716146 0.4250000 0.0484375 0.0453125
1 0.6356771 0.6246094 0.0380208 0.0648438
4 0.4072917 0.6050781 0.0312500 0.0492187
2 0.6953125 0.4570312 0.0281250 0.0531250
1 0.5398437 0.3878906 0.0432292 0.0617188
4 0.5601563 0.2667969 0.0401042 0.0539063
5 0.3875000 0.8570313 0.0468750 0.0328125
4 0.4942708 0.9449219 0.0375000 0.0492187
5 0.5117188 0.4144531 0.0286458 0.0664062
3 0.6520833 0.3921875 0.0531250 0.0343750
3 0.6041667 0.4476562 0.0291667 0.0359375
3 0.7901042 0.5058594 0.0229167 0.0351562
5 0.3630208 0.4535156 0.0239583 0.0554687
5 0.4296875 0.6500000 0.0333333 0.0609375
0 0.5658854 0.4941406 0.0515625 0.0445313
1 0.4169271 0.7976562 0.0286458 0.0781250
0 0.3348958 0.7710938 0.0218750 0.0656250
4 0.4244792 0.4449219 0.0250000 0.0398437
1 0.5729167 0.5054688 0.0447917 0.0406250
4 0.6979167 0.4250000 0.0458333 0.0375000
0 0.4822917 0.5246094 0.0312500 0.0617188
1 0.5549479 0.4207031 0.0286458 0.0632812
1 0.5580729 0.6339844 0.0411458 0.0570312
6 0.5419271 0.4582031 0.0276042 0.0507812
7 0.6031250 0.4179688 0.0406250 0.0421875
11 0.3476562 0.2273438 0.0328125 0.0593750
7 0.5617188 0.5515625 0.0421875 0.0421875
6 0.5789062 0.1203125 0.0348958 0.0656250
11 0.4817708 0.7851562 0.0416667 0.0453125
11 0.7054687 0.4753906 0.0369792 0.0554687
11 0.5424479 0.3429687 0.0421875 0.0484375
10 0.5695313 0.7156250 0.0421875 0.0406250
6 0.5901042 0.4468750 0.0427083 0.0484375
11 0.3846354 0.4363281 0.0411458 0.0398437
9 0.4940104 0.3195312 0.0369792 0.0734375
8 0.6289062 0.5265625 0.0328125 0.0546875
8 0.3471354 0.8527344 0.0484375 0.0476562
7 0.3002604 0.6007813 0.0463542 0.0468750
9 0.4484375 0.6960937 0.0343750 0.0484375
10 0.5471354 0.4890625 0.0390625 0.0453125
6 0.6570312 0.6199219 0.0442708 0.0664062
6 0.6036458 0.6726562 0.0406250 0.0453125
