4 0.6161458 0.4085937 0.0218750 0.0234375
5 0.5903646 0.4273438 0.0171875 0.0187500
4 0.7085938 0.7035156 0.0244792 0.0226562
1 0.6739583 0.5902344 0.0260417 0.0195312
3 0.5513021 0.9183594 0.0192708 0.0335937
0 0.4164062 0.7734375 0.0244792 0.0218750
3 0.5875000 0.6707031 0.0114583 0.0382813
3 0.3492188 0.5925781 0.0234375 0.0226562
5 0.7726563 0.7148438 0.0276042 0.0203125
3 0.6674479 0.7000000 0.0255208 0.0203125
1 0.5750000 0.2613281 0.0197917 0.0226562
3 0.4906250 0.2109375 0.0239583 0.0296875
1 0.2791667 0.4667969 0.0166667 0.0289063
5 0.6757812 0.4335938 0.0244792 0.0218750
1 0.4299479 0.6378906 0.0192708 0.0195312
3 0.7513021 0.4945312 0.0192708 0.0218750
3 0.6924479 0.3304687 0.0276042 0.0171875
3 0.5656250 0.6058594 0.0166667 0.0320312
11 0.5247396 0.8570313 0.0171875 0.0359375
11 0.5078125 0.6121094 0.0270833 0.0304687
6 0.6445312 0.4953125 0.0223958 0.0265625
8 0.5518229 0.1558594 0.0244792 0.0429688
7 0.5778646 0.3281250 0.0244792 0.0265625
