1 0.7526042 0.2539062 0.0177083 0.0265625
4 0.5888021 0.5589844 0.0307292 0.0289063
2 0.5085937 0.5414062 0.0182292 0.0281250
2 0.5580729 0.3441406 0.0380208 0.0382813
4 0.3622396 0.4789062 0.0276042 0.0375000
1 0.4648438 0.8257813 0.0296875 0.0390625
2 0.5651042 0.8105469 0.0343750 0.0367188
3 0.3812500 0.9382812 0.0260417 0.0515625
5 0.6408854 0.7042969 0.0192708 0.0539063
4 0.2921875 0.7441406 0.0187500 0.0523438
4 0.4955729 0.3074219 0.0182292 0.0539063
1 0.5869792 0.2667969 0.0208333 0.0335937
5 0.6518229 0.5468750 0.0421875 0.0296875
3 0.5002604 0.2527344 0.0234375 0.0476562
5 0.4242187 0.4265625 0.0223958 0.0328125
5 0.5645833 0.5621094 0.0250000 0.0367188
3 0.5260417 0.2839844 0.0385417 0.0273438
0 0.5591146 0.1507813 0.0244792 0.0515625
5 0.5773438 0.4953125 0.0296875 0.0421875
0 0.4807292 0.6757812 0.0218750 0.0578125
1 0.4164062 0.7375000 0.0234375 0.0281250
1 0.4981771 0.8425781 0.0338542 0.0273438
0 0.5854167 0.5578125 0.0197917 0.0421875
5 0.5447917 0.3187500 0.0364583 0.0250000
0 0.3367188 0.2875000 0.0192708 0.0562500
0 0.5161458 0.3410156 0.0166667 0.0554687
5 0.7408854 0.3117187 0.0213542 0.0437500
1 0.5450521 0.4996094 0.0307292 0.0335937
4 0.7750000 0.4453125 0.0250000 0.0546875
4 0.5171875 0.2562500 0.0197917 0.0406250
3 0.4039063 0.3433594 0.0151042 0.0242188
0 0.3471354 0.3480469 0.0348958 0.0304687
0 0.3690104 0.7710938 0.0276042 0.0296875
2 0.5093750 0.8394531 0.0312500 0.0507812
4 0.6643229 0.7851562 0.0359375 0.0328125
5 0.4989583 0.2699219 0.0354167 0.0257812
5 0.2781250 0.7531250 0.0208333 0.0359375
1 0.5546875 0.0777344 0.0177083 0.0429688
2 0.6765625 0.6742187 0.0364583 0.0265625
4 0.6815104 0.4878906 0.0244792 0.0460938
5 0.4794271 0.7656250 0.0276042 0.0468750
1 0.5835938 0.3277344 0.0380208 0.0226562
3 0.7041667 0.5789062 0.0270833 0.0437500
2 0.5289063 0.7894531 0.0296875 0.0476562
4 0.7104167 0.4003906 0.0270833 0.0382813
4 0.5158854 0.8367187 0.0171875 0.0484375
4 0.4221354 0.5800781 0.0171875 0.0492187
1 0.3549479 0.6066406 0.0255208 0.0367188
0 0.3322917 0.4496094 0.0187500 0.0507812
3 0.5257812 0.5730469 0.0286458 0.0320312
4 0.5609375 0.8398438 0.0166667 0.0250000
0 0.6947917 0.4140625 0.0187500 0.0593750
5 0.5020833 0.1980469 0.0333333 0.0289063
1 0.3106771 0.5660156 0.0192708 0.0289063
0 0.2695312 0.5535156 0.0223958 0.0351562
5 0.5325521 0.3445313 0.0338542 0.0375000
1 0.5773438 0.3164062 0.0317708 0.0328125
4 0.4166667 0.3199219 0.0322917 0.0429688
1 0.4638021 0.5910156 0.0203125 0.0539063
1 0.3919271 0.7496094 0.0296875 0.0242188
1 0.2460938 0.6046875 0.0182292 0.0312500
1 0.4229167 0.8652344 0.0333333 0.0257812
5 0.6375000 0.2847656 0.0166667 0.0257812
3 0.6052083 0.6562500 0.0197917 0.0312500
2 0.3955729 0.3503906 0.0286458 0.0226562
3 0.6348958 0.6992188 0.0354167 0.0265625
4 0.5421875 0.2570312 0.0354167 0.0296875
1 0.7416667 0.3320312 0.0239583 0.0281250
0 0.6565104 0.7371094 0.0338542 0.0210938
3 0.6473958 0.2949219 0.0364583 0.0320312
4 0.6778646 0.1601562 0.0390625 0.0218750
2 0.4817708 0.7945313 0.0343750 0.0296875
3 0.6575521 0.7320313 0.0182292 0.0328125
0 0.5369792 0.2031250 0.0395833 0.0234375
3 0.3726563 0.7417969 0.0369792 0.0242188
0 0.5411458 0.5652344 0.0229167 0.0320312
4 0.4432292 0.2945313 0.0385417 0.0343750
1 0.7078125 0.4058594 0.0354167 0.0242188
1 0.5153646 0.4835937 0.0369792 0.0265625
1 0.4781250 0.1234375 0.0197917 0.0531250
11 0.6171875 0.8101563 0.0260417 0.0390625
6 0.6450521 0.6992188 0.0338542 0.0500000
9 0.5846354 0.7820312 0.0317708 0.0328125
8 0.4601562 0.2433594 0.0359375 0.0382813
11 0.5734375 0.5648437 0.0354167 0.0390625
6 0.6713542 0.4042969 0.0322917 0.0320312
8 0.5864583 0.3070312 0.0343750 0.0484375
9 0.3403646 0.7582031 0.0338542 0.0367188
9 0.3528646 0.0933594 0.0234375 0.0554687
8 0.5033854 0.5226563 0.0348958 0.0500000
7 0.3598958 0.2046875 0.0229167 0.0531250
8 0.4585938 0.5906250 0.0234375 0.0484375
11 0.3679688 0.3972656 0.0338542 0.0351562
