4 0.7682292 0.5226563 0.0239583 0.0187500
4 0.4585938 0.3621094 0.0109375 0.0195312
0 0.5057292 0.8167969 0.0239583 0.0179687
3 0.6958333 0.6394531 0.0239583 0.0195312
2 0.3671875 0.1648438 0.0239583 0.0187500
4 0.5914063 0.4812500 0.0234375 0.0218750
4 0.4091146 0.2101562 0.0234375 0.0218750
3 0.5328125 0.5648437 0.0166667 0.0234375
4 0.7437500 0.3503906 0.0229167 0.0164063
2 0.6028646 0.4089844 0.0265625 0.0179687
3 0.3125000 0.6566406 0.0156250 0.0335937
4 0.5156250 0.1484375 0.0229167 0.0187500
0 0.4229167 0.4195313 0.0250000 0.0156250
0 0.5434896 0.6824219 0.0223958 0.0210938
4 0.3117187 0.4703125 0.0255208 0.0187500
3 0.4846354 0.4523437 0.0182292 0.0281250
2 0.3739583 0.5343750 0.0093750 0.0140625
0 0.4445312 0.8292969 0.0130208 0.0210938
1 0.4953125 0.3769531 0.0114583 0.0226562
5 0.5710937 0.3046875 0.0203125 0.0234375
1 0.3208333 0.3617187 0.0104167 0.0156250
0 0.4200521 0.2656250 0.0161458 0.0156250
3 0.3872396 0.2054688 0.0244792 0.0187500
10 0.6966146 0.6875000 0.0213542 0.0218750
10 0.4643229 0.2402344 0.0223958 0.0257812
7 0.5901042 0.4128906 0.0187500 0.0226562
6 0.6690104 0.7214844 0.0234375 0.0273438
7 0.3846354 0.5488281 0.0140625 0.0304687
6 0.4455729 0.9136719 0.0151042 0.0367188
9 0.3440104 0.3582031 0.0161458 0.0289063
7 0.3914063 0.3414063 0.0244792 0.0234375
10 0.5416667 0.2425781 0.0239583 0.0289063
6 0.3802083 0.3828125 0.0239583 0.0234375
7 0.6312500 0.4769531 0.0260417 0.0289063
