4 0.3765625 0.2757812 0.0177083 0.0515625
4 0.6231771 0.4722656 0.0348958 0.0351562
1 0.6588542 0.4988281 0.0302083 0.0257812
2 0.3572917 0.3281250 0.0291667 0.0375000
1 0.5276042 0.4781250 0.0229167 0.0484375
5 0.5247396 0.5796875 0.0307292 0.0312500
2 0.5611979 0.6750000 0.0182292 0.0265625
2 0.2765625 0.4539063 0.0364583 0.0218750
0 0.4158854 0.6957031 0.0338542 0.0242188
4 0.5591146 0.8328125 0.0296875 0.0359375
1 0.5645833 0.2769531 0.0239583 0.0398437
5 0.4085937 0.3535156 0.0203125 0.0445313
3 0.6669271 0.6601562 0.0223958 0.0328125
3 0.2908854 0.6144531 0.0359375 0.0320312
2 0.4135417 0.7542969 0.0208333 0.0507812
3 0.4283854 0.3062500 0.0171875 0.0375000
5 0.4945312 0.4675781 0.0348958 0.0257812
1 0.4205729 0.3406250 0.0338542 0.0359375
2 0.3317708 0.3261719 0.0218750 0.0335937
11 0.6203125 0.3582031 0.0291667 0.0335937
9 0.7005208 0.5644531 0.0333333 0.0320312
8 0.5437500 0.7085938 0.0229167 0.0531250
7 0.3997396 0.5289063 0.0286458 0.0468750
9 0.5622396 0.4351563 0.0338542 0.0437500
