1 0.4908854 0.3070312 0.0411458 0.0296875
1 0.6138021 0.8859375 0.0390625 0.0390625
2 0.3661458 0.6878906 0.0416667 0.0304687
4 0.4856771 0.6269531 0.0213542 0.0554687
3 0.2549479 0.6382813 0.0338542 0.0312500
2 0.6075521 0.1644531 0.0421875 0.0335937
4 0.4572917 0.8980469 0.0427083 0.0382813
4 0.4786458 0.7503906 0.0260417 0.0742188
2 0.3000000 0.3710938 0.0354167 0.0640625
1 0.4656250 0.7054687 0.0406250 0.0515625
0 0.6132812 0.1957031 0.0296875 0.0507812
1 0.7312500 0.2855469 0.0229167 0.0320312
5 0.5546875 0.4210937 0.0270833 0.0406250
0 0.6164063 0.5496094 0.0296875 0.0367188
3 0.4601562 0.4722656 0.0411458 0.0367188
0 0.5546875 0.3042969 0.0291667 0.0351562
5 0.6606771 0.4167969 0.0401042 0.0335937
2 0.3973958 0.4656250 0.0416667 0.0343750
3 0.4125000 0.6929688 0.0270833 0.0593750
2 0.4395833 0.8773437 0.0416667 0.0375000
2 0.6052083 0.8113281 0.0427083 0.0226562
0 0.4554687 0.6738281 0.0359375 0.0304687
5 0.5398437 0.3058594 0.0223958 0.0429688
4 0.4924479 0.2679687 0.0453125 0.0312500
3 0.5507812 0.9488281 0.0401042 0.0367188
3 0.7390625 0.4296875 0.0302083 0.0484375
1 0.4549479 0.5871094 0.0463542 0.0335937
1 0.5380208 0.8562500 0.0322917 0.0687500
2 0.5424479 0.7335938 0.0276042 0.0312500
0 0.4661458 0.7089844 0.0489583 0.0289063
5 0.3031250 0.4367187 0.0250000 0.0296875
1 0.4388021 0.8140625 0.0286458 0.0312500
2 0.4796875 0.6765625 0.0250000 0.0687500
6 0.4872396 0.7500000 0.0390625 0.0437500
6 0.3010417 0.6148438 0.0281250 0.0656250
7 0.5851563 0.6898437 0.0390625 0.0390625
6 0.7117187 0.6156250 0.0421875 0.0421875
9 0.5375000 0.6394531 0.0385417 0.0398437
