4 0.7070312 0.7207031 0.1182292 0.0914062
5 0.4265625 0.3804688 0.0583333 0.1500000
4 0.6546875 0.5445313 0.1062500 0.1015625
2 0.3216146 0.1687500 0.0869792 0.1609375
2 0.6210938 0.8199219 0.1244792 0.1117188
5 0.4770833 0.3500000 0.0510417 0.1171875
2 0.3382812 0.7496094 0.1203125 0.0992187
1 0.7291667 0.6429687 0.1083333 0.0921875
5 0.6320313 0.1527344 0.1119792 0.0773438
2 0.7763021 0.8222656 0.1161458 0.0820312
0 0.3986979 0.4332031 0.0942708 0.0742188
3 0.5554687 0.6085938 0.1265625 0.1062500
4 0.2890625 0.6523438 0.0552083 0.1140625
3 0.3148437 0.5671875 0.0765625 0.0671875
0 0.3713542 0.1820313 0.0968750 0.0906250
1 0.5450521 0.7847656 0.0630208 0.1757812
3 0.3127604 0.2031250 0.1036458 0.1375000
1 0.6161458 0.6476563 0.0875000 0.1046875
2 0.4830729 0.2992187 0.0932292 0.1203125
0 0.3674479 0.2187500 0.1109375 0.0796875
5 0.6393229 0.4316406 0.1036458 0.0742188
0 0.5445313 0.3605469 0.0713542 0.1460937
4 0.5705729 0.2394531 0.1255208 0.0898438
5 0.6453125 0.4105469 0.1312500 0.0914062
4 0.6927083 0.4898438 0.0958333 0.1156250
3 0.7716146 0.7078125 0.0713542 0.1359375
2 0.5921875 0.0667969 0.0687500 0.1335938
1 0.2786458 0.1726563 0.1197917 0.0843750
4 0.4942708 0.3144531 0.0750000 0.1039063
0 0.3473958 0.3519531 0.0906250 0.0742188
5 0.3236979 0.8699219 0.0713542 0.0945312
4 0.3158854 0.6398438 0.0630208 0.1640625
5 0.5966146 0.7269531 0.0817708 0.1226562
5 0.3950521 0.2503906 0.0630208 0.1539062
4 0.3854167 0.4109375 0.0583333 0.1734375
5 0.2846354 0.4226563 0.1005208 0.1015625
2 0.6460938 0.3089844 0.0692708 0.1820313
1 0.1651042 0.3828125 0.1083333 0.1109375
5 0.1414063 0.7164063 0.1078125 0.0781250
0 0.7546875 0.6234375 0.1020833 0.0968750
5 0.2054688 0.7011719 0.0953125 0.0835937
0 0.2781250 0.4199219 0.0604167 0.1492188
2 0.5380208 0.7128906 0.0760417 0.1789062
0 0.3664062 0.6140625 0.0598958 0.1531250
4 0.4789062 0.0742188 0.0880208 0.1484375
3 0.7408854 0.3617187 0.1026042 0.1203125
0 0.3703125 0.7855469 0.0520833 0.1664063
5 0.3942708 0.4671875 0.0593750 0.1078125
1 0.4614583 0.4476562 0.0645833 0.1140625
2 0.7015625 0.2695312 0.0656250 0.1468750
2 0.5708333 0.7675781 0.0885417 0.1039063
1 0.3794271 0.3195312 0.0734375 0.1125000
3 0.6289062 0.2312500 0.0713542 0.1609375
4 0.6695313 0.5238281 0.1005208 0.0898438
4 0.4856771 0.3914063 0.0598958 0.0828125
3 0.7520833 0.7171875 0.0968750 0.1296875
0 0.6906250 0.7839844 0.1041667 0.0710937
5 0.3096354 0.7093750 0.0755208 0.1828125
1 0.5187500 0.3804688 0.0635417 0.1609375
1 0.5606771 0.4136719 0.0651042 0.1007813
0 0.5197917 0.9246094 0.0687500 0.1492188
3 0.7536458 0.6480469 0.1083333 0.1117188
3 0.3533854 0.7648438 0.0640625 0.1640625
1 0.7052083 0.4636719 0.1208333 0.1101562
2 0.5604167 0.7046875 0.1031250 0.0765625
1 0.6044271 0.6976562 0.0744792 0.0765625
0 0.5117188 0.8078125 0.1109375 0.0875000
6 0.2367188 0.4441406 0.0671875 0.1101562
6 0.6382813 0.2984375 0.1036458 0.1031250
8 0.6854167 0.3304687 0.1020833 0.1500000
6 0.4221354 0.0812500 0.0734375 0.1625000
