3 0.4895833 0.3847656 0.0104167 0.0367188
5 0.6072917 0.6769531 0.0239583 0.0179687
3 0.6174479 0.4070313 0.0171875 0.0265625
1 0.3544271 0.7199219 0.0234375 0.0179687
1 0.2773438 0.5714844 0.0234375 0.0242188
2 0.2674479 0.8574219 0.0109375 0.0320312
5 0.5364583 0.6562500 0.0125000 0.0312500
5 0.6486979 0.5792969 0.0223958 0.0273438
0 0.5466146 0.5449219 0.0265625 0.0195312
2 0.6403646 0.7433594 0.0109375 0.0210938
0 0.3755208 0.6355469 0.0125000 0.0351562
5 0.6830729 0.3980469 0.0276042 0.0195312
2 0.3927083 0.3285156 0.0093750 0.0164063
4 0.7101563 0.5824219 0.0151042 0.0273438
6 0.5880208 0.5281250 0.0177083 0.0343750
