5 0.5765625 0.2726562 0.0500000 0.0328125
1 0.5408854 0.6425781 0.0421875 0.0382813
5 0.6661458 0.5355469 0.0354167 0.0539063
1 0.7078125 0.2511719 0.0375000 0.0523438
1 0.6895833 0.6625000 0.0500000 0.0437500
4 0.6252604 0.7949219 0.0494792 0.0335937
4 0.4460938 0.2531250 0.0234375 0.0593750
1 0.6411458 0.3054688 0.0281250 0.0546875
3 0.6776042 0.7230469 0.0468750 0.0398437
4 0.5523438 0.3542969 0.0390625 0.0554687
4 0.7393229 0.6917969 0.0213542 0.0570312
4 0.3908854 0.4406250 0.0505208 0.0421875
0 0.5429688 0.3851562 0.0380208 0.0468750
1 0.7416667 0.6937500 0.0468750 0.0312500
5 0.4408854 0.8496094 0.0338542 0.0773438
3 0.6098958 0.6773438 0.0520833 0.0406250
1 0.4088542 0.3464844 0.0364583 0.0320312
1 0.5333333 0.6433594 0.0500000 0.0382813
0 0.5924479 0.2082031 0.0494792 0.0367188
0 0.5718750 0.7636719 0.0343750 0.0476562
1 0.5130208 0.1828125 0.0218750 0.0281250
1 0.4921875 0.0433594 0.0343750 0.0523438
2 0.5502604 0.6105469 0.0265625 0.0476562
4 0.4158854 0.4707031 0.0307292 0.0398437
2 0.4984375 0.3144531 0.0479167 0.0398437
2 0.4635417 0.1976563 0.0333333 0.0546875
0 0.2648437 0.6468750 0.0463542 0.0421875
3 0.7854167 0.5453125 0.0427083 0.0390625
4 0.3450521 0.3597656 0.0359375 0.0460938
5 0.4651042 0.6535156 0.0458333 0.0570312
2 0.6932292 0.1957031 0.0312500 0.0726563
2 0.4098958 0.3027344 0.0447917 0.0523438
3 0.4132812 0.6976562 0.0338542 0.0437500
4 0.6747396 0.7656250 0.0432292 0.0328125
4 0.6635417 0.6019531 0.0447917 0.0382813
2 0.2822917 0.3140625 0.0437500 0.0328125
4 0.4817708 0.1445312 0.0333333 0.0750000
4 0.5411458 0.6769531 0.0291667 0.0570312
2 0.2895833 0.5398437 0.0479167 0.0359375
1 0.6367188 0.5871094 0.0265625 0.0742188
5 0.4052083 0.6617188 0.0437500 0.0437500
5 0.6984375 0.3441406 0.0416667 0.0554687
2 0.6153646 0.5667969 0.0473958 0.0367188
3 0.7747396 0.5710937 0.0432292 0.0578125
3 0.6916667 0.3640625 0.0197917 0.0406250
3 0.3406250 0.7988281 0.0333333 0.0679687
4 0.6908854 0.7320313 0.0515625 0.0328125
0 0.3398438 0.4019531 0.0473958 0.0398437
5 0.5010417 0.5273438 0.0322917 0.0265625
0 0.3442708 0.6687500 0.0239583 0.0468750
5 0.5997396 0.1949219 0.0234375 0.0710937
5 0.3138021 0.3488281 0.0338542 0.0617188
3 0.6479167 0.8753906 0.0479167 0.0351562
1 0.3414063 0.7652344 0.0307292 0.0460938
1 0.6000000 0.3648438 0.0406250 0.0343750
3 0.5255208 0.2203125 0.0427083 0.0359375
5 0.6604167 0.3246094 0.0385417 0.0523438
2 0.4950521 0.5054688 0.0473958 0.0406250
1 0.5877604 0.7156250 0.0276042 0.0609375
3 0.6033854 0.6625000 0.0473958 0.0359375
3 0.7388021 0.6285156 0.0442708 0.0414062
3 0.5559896 0.4957031 0.0359375 0.0617188
4 0.6640625 0.7199219 0.0260417 0.0710937
2 0.7346354 0.7234375 0.0526042 0.0343750
1 0.7348958 0.5464844 0.0322917 0.0445313
0 0.4075521 0.7160156 0.0453125 0.0304687
1 0.5830729 0.6246094 0.0213542 0.0664062
2 0.5270833 0.5652344 0.0343750 0.0367188
2 0.4867187 0.4632812 0.0328125 0.0359375
2 0.5679688 0.4410156 0.0255208 0.0304687
2 0.3460937 0.5347656 0.0442708 0.0398437
4 0.6807292 0.2890625 0.0447917 0.0296875
1 0.3901042 0.6269531 0.0291667 0.0460938
4 0.4601562 0.1023437 0.0265625 0.0500000
1 0.6437500 0.2800781 0.0322917 0.0617188
2 0.3830729 0.3613281 0.0380208 0.0382813
4 0.7158854 0.4230469 0.0421875 0.0351562
7 0.3695312 0.1371094 0.0286458 0.0679687
9 0.7354167 0.4242187 0.0468750 0.0453125
10 0.7072917 0.5476562 0.0458333 0.0546875
6 0.6028646 0.4238281 0.0442708 0.0492187
7 0.6744792 0.5941406 0.0364583 0.0554687
9 0.7791667 0.3320312 0.0437500 0.0453125
7 0.6723958 0.6566406 0.0468750 0.0523438
7 0.4130208 0.2644531 0.0458333 0.0460938
10 0.4570312 0.6453125 0.0453125 0.0437500
