0 0.7552083 0.1417969 0.1781250 0.1289062
1 0.3791667 0.3746094 0.0687500 0.1585938
4 0.7239583 0.8308594 0.1489583 0.1757812
0 0.3281250 0.4929688 0.1281250 0.1953125
2 0.4750000 0.3359375 0.1291667 0.1468750
2 0.5132813 0.2531250 0.0953125 0.2765625
2 0.2968750 0.6683594 0.1520833 0.1273438
3 0.3770833 0.1550781 0.0729167 0.2179687
3 0.3864583 0.0976562 0.0968750 0.1953125
5 0.4182292 0.7437500 0.1239583 0.2328125
5 0.6148438 0.4738281 0.0963542 0.1398437
0 0.5174479 0.5582031 0.0984375 0.2695312
1 0.3361979 0.5976562 0.0994792 0.2312500
2 0.5658854 0.3636719 0.1953125 0.1476562
2 0.7010417 0.4765625 0.1687500 0.1312500
5 0.7244792 0.4644531 0.1864583 0.1257813
3 0.4466146 0.2625000 0.1276042 0.2578125
5 0.5716146 0.3132813 0.0994792 0.1281250
2 0.6536458 0.1726563 0.1093750 0.2531250
0 0.6661458 0.9410156 0.1708333 0.1164063
3 0.5080729 0.7777344 0.1453125 0.1304687
3 0.2544271 0.7347656 0.1682292 0.1164063
0 0.4596354 0.6156250 0.1578125 0.1171875
1 0.5494792 0.0980469 0.0697917 0.1210938
4 0.5119792 0.4429688 0.0875000 0.1750000
4 0.6598958 0.5378906 0.1854167 0.1726563
0 0.6739583 0.5066406 0.0802083 0.1273438
2 0.7000000 0.6074219 0.1156250 0.2414062
0 0.2179687 0.7148438 0.1651042 0.1390625
4 0.6127604 0.6445312 0.1119792 0.2140625
4 0.5335937 0.9031250 0.1307292 0.1921875
2 0.7195312 0.6195312 0.1244792 0.1875000
4 0.6072917 0.6210938 0.1625000 0.1531250
4 0.2257812 0.5183594 0.1588542 0.1695312
5 0.2598958 0.7390625 0.1708333 0.1125000
0 0.3145833 0.7855469 0.1052083 0.2351563
0 0.2903646 0.7476563 0.0911458 0.2703125
2 0.6466146 0.6824219 0.1630208 0.1070312
0 0.7802083 0.5117188 0.1208333 0.2250000
5 0.6424479 0.7574219 0.1484375 0.1820313
0 0.7466146 0.4339844 0.1723958 0.1273438
3 0.3283854 0.1734375 0.1005208 0.1750000
3 0.7921875 0.5132813 0.1239583 0.1968750
4 0.4442708 0.6625000 0.0906250 0.1609375
5 0.3838542 0.5808594 0.1000000 0.1210938
0 0.5625000 0.7507812 0.0812500 0.1203125
2 0.7541667 0.5582031 0.1177083 0.2289063
1 0.3859375 0.1527344 0.0875000 0.1054688
1 0.6802083 0.8414063 0.0885417 0.2156250
2 0.4861979 0.3285156 0.1390625 0.1289062
1 0.6731771 0.6144531 0.0848958 0.2507813
4 0.2809896 0.1789062 0.1057292 0.2187500
0 0.3205729 0.4589844 0.1526042 0.1507813
4 0.5562500 0.8195313 0.1750000 0.1156250
3 0.4348958 0.6253906 0.1854167 0.1304687
0 0.3968750 0.3796875 0.0812500 0.2562500
5 0.2747396 0.6484375 0.1328125 0.1140625
2 0.4234375 0.2210938 0.1645833 0.1343750
0 0.6052083 0.7375000 0.1593750 0.2015625
0 0.6729167 0.5277344 0.1500000 0.1507813
4 0.6385417 0.8117188 0.1802083 0.1359375
4 0.2744792 0.5296875 0.1531250 0.2125000
0 0.5911458 0.4273438 0.1604167 0.1406250
2 0.5729167 0.5015625 0.0895833 0.2375000
3 0.6986979 0.3253906 0.1588542 0.1976563
3 0.6643229 0.6933594 0.1119792 0.2460938
0 0.4291667 0.6617188 0.1666667 0.1125000
1 0.6442708 0.8378906 0.1687500 0.1195313
5 0.6940104 0.3109375 0.1671875 0.1015625
1 0.4187500 0.2757812 0.1708333 0.1296875
5 0.4622396 0.6710938 0.1380208 0.1562500
5 0.6984375 0.6296875 0.1354167 0.2390625
0 0.6005208 0.1597656 0.1843750 0.1070312
1 0.5679688 0.5605469 0.1171875 0.2210938
4 0.4760417 0.5179687 0.0697917 0.1968750
2 0.5031250 0.7218750 0.1010417 0.1437500
1 0.2622396 0.2484375 0.1651042 0.1171875
11 0.5880208 0.4972656 0.1041667 0.2023437
8 0.5796875 0.2453125 0.1562500 0.1875000
10 0.6213542 0.5851563 0.1656250 0.1562500
6 0.2000000 0.1742188 0.1739583 0.1984375
7 0.3789062 0.7351562 0.1536458 0.2046875
8 0.7127604 0.4007812 0.1421875 0.2484375
6 0.4268229 0.2890625 0.1161458 0.2531250
10 0.6632813 0.6062500 0.1421875 0.1406250
10 0.7421875 0.3003906 0.1437500 0.2570312
6 0.3143229 0.6324219 0.1401042 0.2429688
