5 0.4533854 0.1765625 0.0557292 0.1234375
2 0.4080729 0.1949219 0.0755208 0.1335938
2 0.4557292 0.3539062 0.0687500 0.1109375
4 0.4723958 0.2300781 0.0656250 0.0617188
2 0.3338542 0.4078125 0.0416667 0.0875000
3 0.5960937 0.2027344 0.0421875 0.1132812
3 0.6385417 0.6218750 0.0864583 0.0609375
5 0.6947917 0.2378906 0.0968750 0.1039063
2 0.7263021 0.4460938 0.0973958 0.0703125
3 0.7223958 0.8226562 0.0447917 0.1406250
4 0.5906250 0.2195313 0.0562500 0.1156250
2 0.6289062 0.5695313 0.0765625 0.0843750
2 0.7242188 0.4066406 0.0953125 0.0898438
5 0.6502604 0.4925781 0.0432292 0.0679687
5 0.2966146 0.4492188 0.0942708 0.0843750
2 0.5981771 0.3765625 0.0765625 0.1031250
5 0.6721354 0.5523438 0.0505208 0.0718750
5 0.5026042 0.6582031 0.0739583 0.1148437
1 0.5218750 0.2472656 0.0947917 0.0617188
1 0.3981771 0.3886719 0.0557292 0.0648438
3 0.5156250 0.8750000 0.0572917 0.1234375
4 0.6645833 0.4429688 0.0947917 0.0687500
2 0.6197917 0.3355469 0.0510417 0.1289062
2 0.5945312 0.6820312 0.0473958 0.0812500
0 0.2781250 0.6093750 0.0395833 0.1046875
4 0.4481771 0.4121094 0.0848958 0.0585938
5 0.5640625 0.5125000 0.1000000 0.0656250
4 0.5635417 0.3503906 0.0937500 0.0695313
4 0.7963542 0.7316406 0.0635417 0.1257813
4 0.5166667 0.6042969 0.0854167 0.0710937
2 0.3861979 0.2859375 0.0786458 0.0750000
1 0.6848958 0.4628906 0.0833333 0.0710937
0 0.5341146 0.7921875 0.0630208 0.0656250
2 0.5778646 0.3886719 0.0505208 0.0976562
4 0.5856771 0.4656250 0.0880208 0.0562500
1 0.5348958 0.2527344 0.0687500 0.0726563
5 0.6106771 0.3597656 0.0505208 0.0820312
4 0.6466146 0.2250000 0.0953125 0.0734375
0 0.7270833 0.7199219 0.0645833 0.0914062
4 0.5679688 0.2515625 0.0776042 0.0703125
4 0.3559896 0.2953125 0.0453125 0.1140625
2 0.6812500 0.3871094 0.1031250 0.0710937
2 0.4380208 0.6199219 0.0843750 0.0570312
1 0.7229167 0.2300781 0.0854167 0.0851563
5 0.3877604 0.7710938 0.0994792 0.0640625
2 0.6119792 0.7828125 0.0854167 0.0578125
1 0.6528646 0.2207031 0.0619792 0.0882813
0 0.7072917 0.5468750 0.0968750 0.0968750
4 0.5554687 0.3531250 0.0817708 0.0671875
2 0.4942708 0.6320313 0.0614583 0.1546875
4 0.4859375 0.6609375 0.0916667 0.0640625
3 0.5263021 0.4144531 0.0619792 0.0695313
4 0.4122396 0.7937500 0.0671875 0.0609375
4 0.3265625 0.6144531 0.0750000 0.1132812
3 0.4653646 0.3019531 0.0817708 0.0757812
3 0.6927083 0.2500000 0.0812500 0.0765625
1 0.7299479 0.1574219 0.0921875 0.0601563
4 0.5174479 0.2929688 0.0838542 0.0828125
4 0.6593750 0.3500000 0.0875000 0.0718750
3 0.5664062 0.4949219 0.0848958 0.0585938
2 0.5770833 0.1808594 0.0437500 0.1257813
4 0.5986979 0.6617188 0.0598958 0.1203125
0 0.6973958 0.6527344 0.0770833 0.0757812
1 0.6161458 0.2824219 0.0875000 0.0789062
0 0.3223958 0.2199219 0.0562500 0.0960938
5 0.6018229 0.3039062 0.0838542 0.0718750
3 0.3140625 0.8757812 0.0552083 0.1437500
5 0.5013021 0.8324219 0.0505208 0.0742188
0 0.6770833 0.5148438 0.0812500 0.0593750
4 0.8070312 0.7343750 0.0963542 0.0859375
9 0.5520833 0.2148438 0.0843750 0.0937500
9 0.6723958 0.5101562 0.0802083 0.0796875
10 0.6161458 0.3378906 0.0895833 0.0867187
9 0.3296875 0.3335938 0.0937500 0.0875000
10 0.6971354 0.2519531 0.0859375 0.0820312
10 0.7348958 0.5871094 0.0583333 0.0882813
10 0.6018229 0.8230469 0.0911458 0.1117188
6 0.6158854 0.5628906 0.0994792 0.1179687
9 0.5458333 0.7968750 0.0572917 0.0781250
11 0.6156250 0.5019531 0.0791667 0.0773438
10 0.3914063 0.7226562 0.0682292 0.1062500
7 0.4500000 0.5542969 0.0635417 0.0914062
9 0.7255208 0.5105469 0.0916667 0.1335938
10 0.6421875 0.5531250 0.0635417 0.1265625
7 0.7679687 0.3074219 0.0901042 0.1351563
6 0.2942708 0.1281250 0.0697917 0.1187500
8 0.4794271 0.8738281 0.0796875 0.0945312
6 0.5382813 0.3175781 0.0536458 0.0992187
