2 0.4033854 0.6085938 0.0348958 0.0375000
0 0.5015625 0.6964844 0.0197917 0.0367188
5 0.4169271 0.2664063 0.0223958 0.0593750
0 0.7096354 0.5468750 0.0255208 0.0343750
5 0.4270833 0.5054688 0.0447917 0.0312500
1 0.3710938 0.3257813 0.0421875 0.0296875
5 0.4486979 0.3531250 0.0296875 0.0562500
5 0.3544271 0.7253906 0.0234375 0.0273438
3 0.4742188 0.2628906 0.0380208 0.0320312
0 0.3177083 0.5960937 0.0385417 0.0265625
5 0.3028646 0.5609375 0.0380208 0.0265625
1 0.4653646 0.5984375 0.0369792 0.0250000
5 0.5343750 0.5503906 0.0364583 0.0460938
2 0.2218750 0.3707031 0.0197917 0.0554687
4 0.6802083 0.3367188 0.0197917 0.0328125
2 0.3226562 0.2433594 0.0421875 0.0289063
0 0.4820313 0.5644531 0.0255208 0.0304687
3 0.3106771 0.3777344 0.0338542 0.0382813
2 0.4500000 0.4515625 0.0375000 0.0296875
0 0.4208333 0.6847656 0.0145833 0.0523438
4 0.3989583 0.2988281 0.0208333 0.0289063
3 0.5549479 0.4312500 0.0182292 0.0265625
3 0.7346354 0.3664062 0.0432292 0.0312500
3 0.7013021 0.4312500 0.0421875 0.0328125
0 0.4830729 0.3589844 0.0296875 0.0601563
5 0.5541667 0.5410156 0.0291667 0.0585938
3 0.5398437 0.4632812 0.0213542 0.0593750
0 0.5098958 0.8390625 0.0177083 0.0437500
5 0.6463542 0.7218750 0.0416667 0.0281250
3 0.3804688 0.3851562 0.0359375 0.0390625
5 0.2877604 0.5210938 0.0401042 0.0312500
1 0.5750000 0.7957031 0.0375000 0.0304687
3 0.3236979 0.2242187 0.0411458 0.0296875
5 0.4955729 0.7468750 0.0317708 0.0281250
2 0.5218750 0.7203125 0.0312500 0.0390625
1 0.4921875 0.4007812 0.0239583 0.0578125
4 0.6718750 0.5804687 0.0291667 0.0468750
3 0.5593750 0.6687500 0.0375000 0.0437500
3 0.3867188 0.7003906 0.0161458 0.0539063
1 0.4372396 0.6750000 0.0380208 0.0359375
0 0.4973958 0.1949219 0.0302083 0.0445313
2 0.4770833 0.3335938 0.0208333 0.0656250
3 0.5755208 0.7781250 0.0229167 0.0312500
1 0.4656250 0.7523437 0.0354167 0.0281250
1 0.7786458 0.6156250 0.0343750 0.0281250
1 0.3611979 0.6199219 0.0192708 0.0414062
3 0.4742188 0.7570313 0.0276042 0.0578125
3 0.5281250 0.1453125 0.0270833 0.0390625
5 0.5197917 0.5453125 0.0229167 0.0218750
3 0.4960938 0.6769531 0.0421875 0.0429688
2 0.4638021 0.1070312 0.0401042 0.0328125
2 0.3239583 0.4023438 0.0187500 0.0437500
4 0.6044271 0.1523438 0.0265625 0.0328125
4 0.4250000 0.7605469 0.0406250 0.0289063
3 0.2981771 0.5835938 0.0421875 0.0375000
1 0.4609375 0.6375000 0.0312500 0.0500000
3 0.5111979 0.3117187 0.0369792 0.0234375
0 0.3093750 0.7414063 0.0375000 0.0359375
4 0.3841146 0.6750000 0.0359375 0.0562500
3 0.3028646 0.3937500 0.0213542 0.0421875
5 0.6239583 0.6343750 0.0395833 0.0250000
0 0.6143229 0.5132813 0.0421875 0.0390625
2 0.6510417 0.2953125 0.0364583 0.0484375
2 0.4500000 0.7562500 0.0208333 0.0640625
10 0.4963542 0.2367188 0.0239583 0.0578125
