4 0.3898437 0.6343750 0.0265625 0.0296875
3 0.3421875 0.3273437 0.0197917 0.0359375
4 0.5276042 0.7113281 0.0166667 0.0273438
0 0.4182292 0.7707031 0.0156250 0.0195312
4 0.3481771 0.5285156 0.0265625 0.0179687
0 0.4739583 0.6316406 0.0156250 0.0210938
2 0.5638021 0.1851562 0.0276042 0.0171875
8 0.3083333 0.3617187 0.0250000 0.0343750
8 0.4864583 0.4539063 0.0177083 0.0390625
6 0.4911458 0.7191406 0.0281250 0.0273438
10 0.6611979 0.6753906 0.0171875 0.0382813
10 0.2145833 0.6097656 0.0187500 0.0398437
10 0.5705729 0.3265625 0.0276042 0.0359375
6 0.4950521 0.5468750 0.0255208 0.0250000
