4 0.6617188 0.4847656 0.0255208 0.0273438
3 0.5783854 0.5187500 0.0317708 0.0203125
0 0.6184896 0.3414063 0.0161458 0.0296875
4 0.6523438 0.3671875 0.0265625 0.0359375
5 0.5151042 0.4878906 0.0291667 0.0257812
2 0.3260417 0.5933594 0.0145833 0.0242188
1 0.3315104 0.7402344 0.0265625 0.0226562
1 0.5934896 0.3023438 0.0317708 0.0187500
3 0.5062500 0.2617188 0.0270833 0.0218750
2 0.6927083 0.2234375 0.0177083 0.0218750
2 0.5562500 0.5226563 0.0229167 0.0250000
2 0.5453125 0.6867188 0.0229167 0.0468750
4 0.5843750 0.5542969 0.0208333 0.0429688
2 0.7520833 0.7937500 0.0156250 0.0312500
5 0.2820313 0.3968750 0.0203125 0.0218750
0 0.5752604 0.4683594 0.0171875 0.0445313
3 0.7911458 0.6800781 0.0312500 0.0304687
1 0.4981771 0.7222656 0.0276042 0.0257812
2 0.3218750 0.3058594 0.0177083 0.0335937
4 0.5276042 0.1523438 0.0218750 0.0328125
0 0.5460938 0.6523438 0.0182292 0.0250000
0 0.4651042 0.7050781 0.0208333 0.0179687
5 0.5200521 0.6988281 0.0151042 0.0289063
1 0.6804687 0.4667969 0.0338542 0.0257812
2 0.3528646 0.6015625 0.0296875 0.0265625
3 0.3963542 0.7683594 0.0291667 0.0226562
4 0.4854167 0.2625000 0.0270833 0.0250000
1 0.5768229 0.8695312 0.0182292 0.0437500
4 0.6861979 0.3324219 0.0234375 0.0226562
0 0.3986979 0.6359375 0.0171875 0.0265625
3 0.6755208 0.6199219 0.0312500 0.0226562
2 0.5562500 0.6449219 0.0177083 0.0492187
2 0.6098958 0.4351563 0.0291667 0.0218750
0 0.5739583 0.3527344 0.0302083 0.0242188
3 0.5622396 0.7878906 0.0244792 0.0164063
4 0.3059896 0.4789062 0.0234375 0.0296875
0 0.2731771 0.5054688 0.0151042 0.0312500
3 0.5302083 0.5371094 0.0250000 0.0289063
3 0.4572917 0.4121094 0.0322917 0.0273438
2 0.6468750 0.7039062 0.0177083 0.0515625
5 0.3388021 0.5945312 0.0328125 0.0203125
2 0.5752604 0.6195312 0.0255208 0.0234375
5 0.7257813 0.4187500 0.0307292 0.0234375
3 0.6359375 0.4199219 0.0197917 0.0445313
4 0.3966146 0.4636719 0.0130208 0.0429688
0 0.3947917 0.4375000 0.0322917 0.0281250
2 0.4489583 0.5535156 0.0250000 0.0335937
0 0.3653646 0.6808594 0.0286458 0.0289063
8 0.6976562 0.5132813 0.0317708 0.0312500
