4 0.4638021 0.3613281 0.0203125 0.0257812
3 0.4372396 0.2972656 0.0109375 0.0242188
0 0.5036458 0.6550781 0.0208333 0.0164063
5 0.4791667 0.5632812 0.0156250 0.0343750
1 0.4317708 0.2472656 0.0239583 0.0148437
3 0.5289063 0.5703125 0.0255208 0.0171875
0 0.6773438 0.7449219 0.0223958 0.0195312
1 0.3929687 0.3917969 0.0213542 0.0195312
1 0.4127604 0.4644531 0.0151042 0.0195312
9 0.5450521 0.5914063 0.0213542 0.0218750
8 0.6947917 0.5410156 0.0187500 0.0351562
11 0.3731771 0.7371094 0.0182292 0.0367188
11 0.5557292 0.3542969 0.0177083 0.0320312
8 0.4968750 0.4070313 0.0177083 0.0281250
8 0.4296875 0.2730469 0.0218750 0.0335937
7 0.3914063 0.2984375 0.0161458 0.0359375
10 0.4708333 0.2417969 0.0135417 0.0242188
6 0.4145833 0.8429688 0.0208333 0.0296875
10 0.5875000 0.5757813 0.0208333 0.0203125
8 0.3638021 0.6410156 0.0234375 0.0273438
6 0.5317708 0.7285156 0.0229167 0.0226562
8 0.2742188 0.6988281 0.0203125 0.0351562
