2 0.6143229 0.4921875 0.0838542 0.1203125
3 0.2869792 0.7300781 0.0656250 0.1523438
3 0.7341146 0.5875000 0.1223958 0.1046875
4 0.3591146 0.7925781 0.0630208 0.1242188
5 0.3169271 0.3917969 0.0723958 0.1757812
4 0.3057292 0.4125000 0.0677083 0.1546875
3 0.3666667 0.5285156 0.1114583 0.1226562
1 0.7442708 0.4859375 0.1052083 0.1187500
3 0.3588542 0.4800781 0.0541667 0.1804688
0 0.5901042 0.8277344 0.0854167 0.0898438
3 0.7221354 0.5796875 0.1234375 0.1156250
5 0.6125000 0.4824219 0.1250000 0.0789062
5 0.6630208 0.6507812 0.1166667 0.0875000
5 0.7473958 0.3761719 0.1020833 0.1710937
0 0.3354167 0.7039062 0.0541667 0.0906250
3 0.4226563 0.8406250 0.0942708 0.1656250
3 0.6682292 0.7113281 0.1281250 0.0929688
5 0.2156250 0.3609375 0.1156250 0.1156250
5 0.4789062 0.7855469 0.0640625 0.1257813
2 0.4234375 0.1750000 0.0791667 0.2140625
2 0.5419271 0.6914062 0.1265625 0.0953125
1 0.7424479 0.6199219 0.0755208 0.0914062
0 0.5484375 0.5351562 0.1125000 0.0875000
4 0.5515625 0.8414063 0.0625000 0.1281250
2 0.4473958 0.6695313 0.0885417 0.1750000
5 0.5598958 0.4468750 0.0687500 0.1734375
2 0.4601562 0.1875000 0.0901042 0.1203125
0 0.7940104 0.4894531 0.1140625 0.0789062
2 0.4833333 0.7953125 0.1197917 0.0843750
1 0.6841146 0.8566406 0.0598958 0.1273438
10 0.5109375 0.9484375 0.0750000 0.1015625
11 0.3632812 0.7515625 0.1130208 0.1265625
6 0.3565104 0.5910156 0.1119792 0.1132812
11 0.7296875 0.3640625 0.1145833 0.1156250
9 0.4315104 0.5890625 0.0744792 0.1671875
10 0.5809896 0.7312500 0.1109375 0.1140625
8 0.6872396 0.5917969 0.1265625 0.1257813
9 0.2916667 0.4027344 0.0708333 0.1054688
8 0.2020833 0.3218750 0.1229167 0.1125000
10 0.3750000 0.4414062 0.1093750 0.1062500
9 0.7429687 0.6660156 0.0796875 0.1820313
