0 0.3583333 0.5273438 0.0500000 0.0406250
1 0.3554688 0.5167969 0.0598958 0.0398437
3 0.6424479 0.4632812 0.0442708 0.0546875
2 0.3510417 0.2203125 0.0510417 0.0343750
3 0.7546875 0.7625000 0.0593750 0.0406250
2 0.5299479 0.0132812 0.0380208 0.0265625
4 0.4486979 0.6359375 0.0380208 0.0859375
0 0.4338542 0.5164062 0.0312500 0.0625000
1 0.5924479 0.4546875 0.0328125 0.0484375
4 0.6132812 0.6687500 0.0380208 0.0562500
1 0.5281250 0.0683594 0.0291667 0.0414062
2 0.6341146 0.7585937 0.0286458 0.0734375
3 0.5343750 0.5351562 0.0572917 0.0390625
0 0.6309896 0.8464844 0.0484375 0.0398437
5 0.5164062 0.6015625 0.0411458 0.0718750
3 0.5697917 0.0898438 0.0260417 0.0406250
5 0.4979167 0.7777344 0.0312500 0.0835937
0 0.4820313 0.6355469 0.0348958 0.0632812
4 0.4791667 0.5167969 0.0416667 0.0507812
2 0.5796875 0.6960937 0.0291667 0.0750000
5 0.5643229 0.5718750 0.0348958 0.0484375
2 0.3796875 0.4156250 0.0250000 0.0796875
1 0.6000000 0.4917969 0.0552083 0.0382813
5 0.5869792 0.3882813 0.0604167 0.0593750
0 0.6130208 0.1179687 0.0333333 0.0546875
3 0.4054687 0.4578125 0.0276042 0.0406250
0 0.5075521 0.3984375 0.0557292 0.0390625
0 0.5403646 0.5464844 0.0307292 0.0742188
3 0.4359375 0.5437500 0.0375000 0.0546875
2 0.2445313 0.5335937 0.0307292 0.0437500
2 0.6260417 0.3035156 0.0354167 0.0570312
2 0.4500000 0.7000000 0.0364583 0.0656250
1 0.6026042 0.5808594 0.0260417 0.0835937
0 0.4078125 0.3875000 0.0354167 0.0718750
1 0.6320313 0.5125000 0.0484375 0.0437500
3 0.5455729 0.7031250 0.0515625 0.0453125
1 0.4057292 0.8179688 0.0364583 0.0781250
10 0.5664062 0.0156250 0.0328125 0.0312500
10 0.5164062 0.3519531 0.0484375 0.0476562
8 0.4471354 0.3707031 0.0380208 0.0742188
6 0.6114583 0.8347656 0.0531250 0.0523438
11 0.7611979 0.5605469 0.0369792 0.0789062
11 0.6106771 0.3566406 0.0526042 0.0664062
10 0.6828125 0.2925781 0.0541667 0.0523438
6 0.6796875 0.6882812 0.0531250 0.0546875
9 0.4934896 0.3753906 0.0567708 0.0632812
7 0.6848958 0.7593750 0.0552083 0.0625000
