3 0.4132812 0.6371094 0.0171875 0.0460938
3 0.5335937 0.7152344 0.0380208 0.0242188
5 0.6640625 0.2281250 0.0291667 0.0437500
5 0.4278646 0.3554688 0.0348958 0.0265625
2 0.5848958 0.6437500 0.0291667 0.0453125
3 0.6486979 0.5574219 0.0348958 0.0273438
3 0.4791667 0.0789062 0.0187500 0.0406250
4 0.4742188 0.3886719 0.0359375 0.0304687
1 0.4515625 0.8195313 0.0197917 0.0296875
1 0.5489583 0.7656250 0.0281250 0.0468750
4 0.4890625 0.3300781 0.0177083 0.0539063
4 0.4010417 0.7351562 0.0354167 0.0281250
5 0.6531250 0.5421875 0.0239583 0.0265625
3 0.5234375 0.6554688 0.0229167 0.0406250
1 0.4505208 0.7117187 0.0229167 0.0359375
5 0.5674479 0.4261719 0.0317708 0.0398437
5 0.6898437 0.5203125 0.0338542 0.0375000
1 0.4942708 0.3687500 0.0333333 0.0437500
2 0.6820312 0.3964844 0.0390625 0.0367188
1 0.4473958 0.5777344 0.0281250 0.0414062
1 0.6302083 0.6363281 0.0187500 0.0554687
2 0.4151042 0.5355469 0.0208333 0.0289063
1 0.5750000 0.1691406 0.0375000 0.0320312
0 0.4817708 0.8953125 0.0333333 0.0281250
2 0.5619792 0.2988281 0.0250000 0.0351562
1 0.7677083 0.6019531 0.0322917 0.0320312
3 0.3864583 0.5062500 0.0218750 0.0500000
3 0.5760417 0.6476563 0.0239583 0.0343750
3 0.4807292 0.6675781 0.0260417 0.0351562
2 0.7286458 0.1871094 0.0375000 0.0289063
4 0.5299479 0.7968750 0.0328125 0.0453125
1 0.7489583 0.1964844 0.0177083 0.0601563
2 0.6216146 0.1703125 0.0380208 0.0468750
2 0.5091146 0.4718750 0.0255208 0.0484375
3 0.4447917 0.6492187 0.0385417 0.0296875
2 0.5757813 0.4546875 0.0213542 0.0437500
3 0.6268229 0.3988281 0.0234375 0.0367188
3 0.2794271 0.5398437 0.0223958 0.0515625
0 0.3486979 0.6933594 0.0411458 0.0304687
2 0.6406250 0.7507812 0.0322917 0.0265625
4 0.6114583 0.6371094 0.0281250 0.0414062
2 0.3476562 0.7281250 0.0276042 0.0312500
5 0.6213542 0.6218750 0.0343750 0.0375000
4 0.4388021 0.6859375 0.0255208 0.0359375
0 0.2320312 0.6386719 0.0244792 0.0445313
1 0.5851563 0.3925781 0.0307292 0.0289063
2 0.7143229 0.6527344 0.0359375 0.0257812
0 0.5377604 0.2968750 0.0348958 0.0312500
2 0.4872396 0.9105469 0.0296875 0.0398437
2 0.5895833 0.7792969 0.0322917 0.0429688
1 0.3885417 0.6664062 0.0177083 0.0546875
4 0.5927083 0.3550781 0.0291667 0.0335937
4 0.5093750 0.5394531 0.0291667 0.0289063
0 0.6927083 0.6292969 0.0406250 0.0367188
4 0.6825521 0.5761719 0.0171875 0.0414062
0 0.4614583 0.3640625 0.0208333 0.0265625
2 0.7046875 0.8367187 0.0166667 0.0578125
5 0.6705729 0.7117187 0.0307292 0.0406250
5 0.6713542 0.1832031 0.0354167 0.0382813
1 0.5796875 0.5359375 0.0333333 0.0281250
0 0.4638021 0.3386719 0.0244792 0.0570312
5 0.3924479 0.5820312 0.0192708 0.0328125
4 0.7236979 0.7628906 0.0296875 0.0304687
3 0.6830729 0.4535156 0.0182292 0.0492187
2 0.3458333 0.3882813 0.0270833 0.0484375
4 0.4963542 0.7066406 0.0218750 0.0367188
5 0.3388021 0.6410156 0.0244792 0.0429688
4 0.5919271 0.1988281 0.0192708 0.0617188
3 0.6359375 0.7773438 0.0291667 0.0281250
2 0.5567708 0.2496094 0.0364583 0.0273438
0 0.4057292 0.2378906 0.0281250 0.0507812
5 0.5916667 0.5832031 0.0375000 0.0351562
3 0.4976563 0.4460938 0.0369792 0.0343750
0 0.6614583 0.7421875 0.0364583 0.0375000
8 0.6880208 0.3933594 0.0354167 0.0414062
10 0.5739583 0.7128906 0.0354167 0.0492187
11 0.6851563 0.5121094 0.0359375 0.0398437
7 0.7455729 0.5039062 0.0348958 0.0390625
11 0.6888021 0.5609375 0.0244792 0.0531250
6 0.5393229 0.8507813 0.0317708 0.0500000
11 0.5361979 0.0714844 0.0307292 0.0492187
11 0.5768229 0.3324219 0.0234375 0.0523438
9 0.5914063 0.4777344 0.0244792 0.0367188
7 0.6906250 0.2890625 0.0229167 0.0515625
9 0.4000000 0.5500000 0.0364583 0.0359375
9 0.3903646 0.7687500 0.0223958 0.0500000
