4 0.3187500 0.8679687 0.0541667 0.0406250
3 0.4145833 0.4503906 0.0291667 0.0523438
3 0.7812500 0.5253906 0.0531250 0.0539063
5 0.3835938 0.4609375 0.0609375 0.0437500
3 0.5729167 0.6261719 0.0291667 0.0476562
5 0.3716146 0.5093750 0.0421875 0.0640625
0 0.5916667 0.5324219 0.0500000 0.0367188
0 0.2752604 0.1351563 0.0515625 0.0359375
5 0.5567708 0.7562500 0.0479167 0.0640625
4 0.4885417 0.5984375 0.0354167 0.0453125
0 0.6796875 0.4011719 0.0479167 0.0382813
4 0.5382813 0.4097656 0.0401042 0.0398437
5 0.6114583 0.6785156 0.0260417 0.0445313
0 0.6052083 0.5457031 0.0322917 0.0539063
3 0.5080729 0.7832031 0.0473958 0.0585938
3 0.3867188 0.7335938 0.0265625 0.0750000
5 0.3304687 0.2308594 0.0473958 0.0476562
3 0.6125000 0.7289062 0.0541667 0.0390625
3 0.6171875 0.8062500 0.0562500 0.0375000
5 0.6252604 0.3769531 0.0317708 0.0398437
5 0.6260417 0.3453125 0.0250000 0.0515625
1 0.6591146 0.7871094 0.0546875 0.0367188
3 0.5661458 0.1812500 0.0541667 0.0375000
4 0.5505208 0.3492188 0.0270833 0.0421875
2 0.7747396 0.3101563 0.0598958 0.0343750
0 0.5901042 0.3894531 0.0406250 0.0429688
1 0.4434896 0.4953125 0.0359375 0.0406250
0 0.2794271 0.3066406 0.0338542 0.0367188
2 0.6411458 0.4238281 0.0312500 0.0804688
1 0.5302083 0.7507812 0.0239583 0.0781250
5 0.3789062 0.4476562 0.0328125 0.0687500
4 0.6401042 0.4605469 0.0468750 0.0414062
3 0.6770833 0.5136719 0.0541667 0.0398437
1 0.6497396 0.6128906 0.0380208 0.0523438
2 0.6929688 0.3390625 0.0567708 0.0468750
5 0.4940104 0.4402344 0.0421875 0.0507812
1 0.5348958 0.5300781 0.0520833 0.0398437
0 0.5778646 0.6250000 0.0401042 0.0718750
0 0.4098958 0.3683594 0.0479167 0.0398437
2 0.4994792 0.5390625 0.0333333 0.0781250
3 0.5830729 0.7195312 0.0432292 0.0812500
2 0.6000000 0.8128906 0.0593750 0.0382813
1 0.4940104 0.5054688 0.0317708 0.0609375
0 0.5908854 0.3734375 0.0484375 0.0468750
0 0.6148438 0.5027344 0.0536458 0.0351562
2 0.5434896 0.5046875 0.0473958 0.0578125
4 0.4906250 0.4507813 0.0312500 0.0531250
4 0.6229167 0.5597656 0.0406250 0.0539063
2 0.5281250 0.7761719 0.0364583 0.0820312
0 0.5648437 0.5808594 0.0546875 0.0460938
1 0.7000000 0.3191406 0.0395833 0.0351562
1 0.4080729 0.7722656 0.0588542 0.0570312
6 0.5846354 0.6007813 0.0401042 0.0781250
9 0.5744792 0.5667969 0.0500000 0.0492187
11 0.5828125 0.3343750 0.0406250 0.0546875
10 0.6268229 0.6289062 0.0453125 0.0718750
8 0.4125000 0.1582031 0.0479167 0.0679687
11 0.5179687 0.5890625 0.0557292 0.0781250
6 0.6877604 0.2042969 0.0421875 0.0726563
8 0.3111979 0.5511719 0.0359375 0.0554687
9 0.2643229 0.3468750 0.0453125 0.0515625
6 0.3947917 0.2496094 0.0510417 0.0507812
7 0.6554688 0.4773438 0.0515625 0.0859375
