2 0.3835938 0.8167969 0.1036458 0.0585938
3 0.5445313 0.0500000 0.0723958 0.1000000
3 0.4611979 0.5980469 0.0421875 0.0726563
5 0.3403646 0.5519531 0.0807292 0.0492187
1 0.4356771 0.8117188 0.0505208 0.1375000
3 0.5109375 0.5265625 0.0541667 0.1546875
2 0.5986979 0.3875000 0.0776042 0.0812500
0 0.3375000 0.5218750 0.0635417 0.1281250
1 0.4877604 0.7218750 0.0484375 0.0937500
0 0.3682292 0.3296875 0.1083333 0.0796875
1 0.6747396 0.5730469 0.0432292 0.1320312
5 0.5260417 0.8136719 0.0572917 0.1257813
0 0.6174479 0.8593750 0.0484375 0.0718750
5 0.5031250 0.4859375 0.0520833 0.1000000
9 0.5276042 0.7488281 0.0531250 0.0804688
7 0.2039063 0.2679687 0.0973958 0.1281250
6 0.6304688 0.4367187 0.0692708 0.0890625
6 0.7799479 0.2328125 0.0911458 0.0890625
10 0.3726563 0.7210937 0.0901042 0.0890625
8 0.6161458 0.6750000 0.0927083 0.0906250
11 0.5893229 0.6464844 0.0859375 0.0851563
11 0.3640625 0.4054687 0.0989583 0.0968750
6 0.4604167 0.2746094 0.0989583 0.1085938
7 0.6013021 0.5136719 0.0921875 0.0882813
7 0.5518229 0.5039062 0.0765625 0.1078125
8 0.4104167 0.4277344 0.0593750 0.1179687
6 0.5325521 0.6179687 0.0859375 0.0859375
7 0.6625000 0.3644531 0.0822917 0.0976562
9 0.6747396 0.1781250 0.0848958 0.1125000
