1 0.6526042 0.6281250 0.0302083 0.0328125
1 0.4273438 0.4628906 0.0161458 0.0257812
5 0.3119792 0.4574219 0.0322917 0.0289063
0 0.5088542 0.6593750 0.0343750 0.0281250
4 0.5312500 0.8417969 0.0156250 0.0507812
5 0.3544271 0.2914062 0.0359375 0.0265625
3 0.5039062 0.5660156 0.0213542 0.0226562
0 0.6630208 0.4484375 0.0302083 0.0218750
3 0.4140625 0.7769531 0.0343750 0.0242188
0 0.5781250 0.5804687 0.0260417 0.0234375
2 0.4104167 0.7722656 0.0302083 0.0273438
5 0.5190104 0.4734375 0.0255208 0.0406250
2 0.6640625 0.4761719 0.0239583 0.0429688
5 0.3773437 0.8187500 0.0359375 0.0234375
0 0.4953125 0.7746094 0.0239583 0.0257812
1 0.3809896 0.2613281 0.0151042 0.0210938
4 0.6502604 0.1675781 0.0328125 0.0210938
1 0.4822917 0.7003906 0.0333333 0.0242188
5 0.4710937 0.7101563 0.0223958 0.0515625
0 0.6187500 0.1277344 0.0322917 0.0226562
4 0.3875000 0.8226562 0.0197917 0.0453125
1 0.6705729 0.4480469 0.0130208 0.0289063
2 0.5458333 0.8457031 0.0239583 0.0507812
1 0.6268229 0.3675781 0.0223958 0.0273438
1 0.4080729 0.3167969 0.0203125 0.0414062
0 0.6583333 0.6703125 0.0250000 0.0359375
4 0.3875000 0.1179687 0.0312500 0.0218750
1 0.5088542 0.7644531 0.0333333 0.0320312
2 0.6632813 0.8882813 0.0161458 0.0500000
2 0.6929688 0.6363281 0.0255208 0.0476562
5 0.3872396 0.2007812 0.0213542 0.0234375
4 0.6484375 0.5714844 0.0302083 0.0289063
5 0.6687500 0.5539063 0.0302083 0.0296875
0 0.4614583 0.8414063 0.0156250 0.0281250
5 0.4713542 0.2562500 0.0343750 0.0234375
5 0.6476563 0.5589844 0.0203125 0.0273438
4 0.6236979 0.0906250 0.0328125 0.0234375
2 0.4455729 0.7371094 0.0265625 0.0210938
1 0.3947917 0.5675781 0.0302083 0.0273438
0 0.7057292 0.7406250 0.0312500 0.0328125
5 0.6132812 0.4101562 0.0182292 0.0453125
3 0.5036458 0.4261719 0.0281250 0.0351562
0 0.5687500 0.6453125 0.0322917 0.0250000
1 0.5869792 0.4519531 0.0281250 0.0257812
0 0.4908854 0.3058594 0.0317708 0.0242188
0 0.4593750 0.4375000 0.0197917 0.0390625
5 0.4320312 0.4445312 0.0255208 0.0234375
4 0.6294271 0.7492188 0.0307292 0.0359375
4 0.4585938 0.1722656 0.0182292 0.0507812
1 0.6960937 0.1968750 0.0182292 0.0203125
1 0.3549479 0.5558594 0.0151042 0.0351562
4 0.5406250 0.7597656 0.0156250 0.0242188
10 0.3947917 0.8804688 0.0312500 0.0296875
10 0.6520833 0.6203125 0.0302083 0.0343750
6 0.4937500 0.5355469 0.0312500 0.0382813
6 0.5450521 0.6816406 0.0244792 0.0382813
