3 0.4968750 0.5855469 0.0645833 0.0773438
0 0.4812500 0.7570313 0.0760417 0.0765625
5 0.6705729 0.7890625 0.0859375 0.0625000
3 0.4726562 0.9644531 0.0401042 0.0695313
1 0.5645833 0.1417969 0.0739583 0.0664062
2 0.6096354 0.3289063 0.0557292 0.1046875
2 0.3062500 0.8425781 0.0802083 0.0570312
3 0.5552083 0.7253906 0.0385417 0.1367188
0 0.5768229 0.6042969 0.0755208 0.0679687
2 0.4783854 0.2042969 0.0661458 0.1054688
4 0.6755208 0.2554688 0.0843750 0.0546875
5 0.4588542 0.5664062 0.0520833 0.1140625
2 0.4851563 0.1417969 0.0723958 0.0851563
5 0.4703125 0.6683594 0.0447917 0.1398437
4 0.4950521 0.1945312 0.0557292 0.0984375
1 0.6726562 0.2355469 0.0796875 0.0601563
2 0.3742187 0.8371094 0.0411458 0.1117188
5 0.6809896 0.5699219 0.0786458 0.0679687
1 0.6716146 0.7539062 0.0296875 0.0609375
4 0.3914063 0.2265625 0.0338542 0.1109375
3 0.6065104 0.4957031 0.0442708 0.0929688
1 0.2817708 0.7625000 0.0781250 0.0593750
7 0.5625000 0.2945313 0.0729167 0.0843750
9 0.5252604 0.2929688 0.0723958 0.0812500
6 0.5450521 0.5937500 0.0567708 0.0750000
10 0.4354167 0.4101562 0.0697917 0.0718750
10 0.5268229 0.8378906 0.0640625 0.0976562
