2 0.4807292 0.1792969 0.0177083 0.0382813
0 0.3242188 0.6628906 0.0171875 0.0242188
5 0.7570313 0.4472656 0.0192708 0.0398437
4 0.4197917 0.4996094 0.0281250 0.0226562
4 0.7664062 0.5421875 0.0213542 0.0281250
3 0.5039062 0.6261719 0.0203125 0.0460938
4 0.5145833 0.7019531 0.0208333 0.0257812
4 0.4286458 0.4824219 0.0343750 0.0289063
4 0.5807292 0.1683594 0.0177083 0.0539063
3 0.6286458 0.5417969 0.0291667 0.0398437
1 0.6385417 0.7277344 0.0187500 0.0226562
2 0.3552083 0.6617188 0.0354167 0.0359375
5 0.4679687 0.6875000 0.0307292 0.0437500
1 0.4851563 0.1300781 0.0265625 0.0273438
2 0.6880208 0.4609375 0.0343750 0.0312500
1 0.5697917 0.7250000 0.0343750 0.0234375
5 0.7059896 0.4929688 0.0359375 0.0234375
3 0.5619792 0.6703125 0.0312500 0.0343750
4 0.3171875 0.3187500 0.0239583 0.0343750
5 0.7182292 0.6523438 0.0375000 0.0265625
0 0.3562500 0.6339844 0.0333333 0.0289063
0 0.6403646 0.6109375 0.0223958 0.0328125
4 0.5718750 0.3101563 0.0239583 0.0406250
0 0.6205729 0.3714844 0.0338542 0.0226562
0 0.5528646 0.3449219 0.0286458 0.0320312
0 0.4281250 0.6472656 0.0260417 0.0492187
1 0.4492188 0.3089844 0.0203125 0.0460938
3 0.5036458 0.5921875 0.0166667 0.0359375
2 0.3557292 0.7824219 0.0197917 0.0570312
2 0.6877604 0.5988281 0.0151042 0.0523438
0 0.2651042 0.7042969 0.0343750 0.0335937
0 0.5388021 0.2773438 0.0255208 0.0500000
2 0.5406250 0.6433594 0.0354167 0.0226562
5 0.6002604 0.3601563 0.0223958 0.0328125
2 0.6156250 0.5632812 0.0375000 0.0250000
2 0.7341146 0.5175781 0.0151042 0.0226562
1 0.6296875 0.1460937 0.0145833 0.0484375
3 0.5033854 0.1890625 0.0338542 0.0234375
2 0.6039062 0.2406250 0.0348958 0.0343750
1 0.5492187 0.7718750 0.0203125 0.0484375
2 0.6877604 0.8601562 0.0348958 0.0250000
2 0.4296875 0.1730469 0.0302083 0.0351562
0 0.3747396 0.6675781 0.0203125 0.0382813
1 0.6609375 0.5339844 0.0291667 0.0273438
11 0.6630208 0.4566406 0.0270833 0.0460938
9 0.4411458 0.5648437 0.0364583 0.0406250
10 0.5890625 0.8578125 0.0197917 0.0468750
8 0.6697917 0.4695313 0.0312500 0.0437500
8 0.7648438 0.5808594 0.0276042 0.0492187
10 0.6914062 0.3695312 0.0338542 0.0343750
11 0.6820312 0.6421875 0.0213542 0.0406250
9 0.6513021 0.5769531 0.0317708 0.0492187
9 0.5828125 0.1867187 0.0250000 0.0453125
11 0.8242188 0.5046875 0.0317708 0.0359375
9 0.5971354 0.4507813 0.0296875 0.0500000
8 0.5578125 0.2691406 0.0343750 0.0351562
9 0.5515625 0.2468750 0.0229167 0.0531250
7 0.4028646 0.6710938 0.0317708 0.0390625
