4 0.4880208 0.3613281 0.0093750 0.0164063
5 0.5692708 0.5976562 0.0145833 0.0359375
4 0.4669271 0.4101562 0.0130208 0.0312500
3 0.6791667 0.4191406 0.0218750 0.0179687
0 0.4757812 0.6031250 0.0213542 0.0281250
5 0.5908854 0.3410156 0.0255208 0.0179687
3 0.5614583 0.4003906 0.0166667 0.0320312
3 0.4557292 0.8199219 0.0177083 0.0335937
2 0.3018229 0.5230469 0.0234375 0.0226562
1 0.5348958 0.6300781 0.0250000 0.0242188
3 0.6070313 0.5093750 0.0234375 0.0156250
2 0.5627604 0.3496094 0.0213542 0.0210938
4 0.5005208 0.2500000 0.0187500 0.0343750
5 0.7869792 0.5042969 0.0229167 0.0242188
0 0.3622396 0.6996094 0.0151042 0.0304687
4 0.3231771 0.2757812 0.0244792 0.0203125
2 0.5205729 0.5210938 0.0192708 0.0296875
0 0.3385417 0.6003906 0.0177083 0.0304687
0 0.6888021 0.5332031 0.0234375 0.0179687
5 0.5736979 0.2386719 0.0161458 0.0320312
1 0.7205729 0.4832031 0.0223958 0.0226562
4 0.6411458 0.4156250 0.0218750 0.0171875
5 0.3138021 0.3781250 0.0161458 0.0250000
2 0.3338542 0.4660156 0.0145833 0.0335937
3 0.5979167 0.4132812 0.0177083 0.0187500
2 0.5414062 0.2445313 0.0255208 0.0187500
5 0.7250000 0.6503906 0.0270833 0.0195312
3 0.6544271 0.3589844 0.0098958 0.0273438
5 0.5838542 0.5648437 0.0250000 0.0203125
1 0.4997396 0.7117187 0.0109375 0.0171875
4 0.5208333 0.3859375 0.0135417 0.0156250
2 0.5742188 0.3996094 0.0161458 0.0304687
4 0.3851562 0.3769531 0.0098958 0.0179687
0 0.5416667 0.4679687 0.0125000 0.0187500
5 0.6265625 0.5250000 0.0145833 0.0296875
4 0.7492188 0.6683594 0.0234375 0.0210938
3 0.6382813 0.6414062 0.0140625 0.0375000
0 0.6460938 0.1988281 0.0171875 0.0320312
10 0.4281250 0.0871094 0.0218750 0.0304687
8 0.5174479 0.2671875 0.0223958 0.0218750
11 0.6216146 0.3933594 0.0151042 0.0226562
9 0.6054688 0.6339844 0.0213542 0.0210938
9 0.6205729 0.2292969 0.0182292 0.0367188
10 0.5895833 0.5058594 0.0218750 0.0289063
11 0.3929687 0.2332031 0.0161458 0.0367188
10 0.6656250 0.6031250 0.0145833 0.0203125
7 0.5859375 0.7230469 0.0229167 0.0351562
6 0.4174479 0.8816406 0.0161458 0.0351562
9 0.5625000 0.3371094 0.0166667 0.0335937
7 0.6033854 0.4804688 0.0234375 0.0250000
10 0.7273437 0.4457031 0.0203125 0.0242188
10 0.5104167 0.4480469 0.0208333 0.0242188
6 0.4205729 0.3871094 0.0223958 0.0242188
