5 0.4846354 0.5777344 0.0255208 0.0382813
2 0.7197917 0.4933594 0.0333333 0.0382813
1 0.6794271 0.4710937 0.0234375 0.0468750
5 0.7216146 0.4109375 0.0296875 0.0468750
1 0.5338542 0.6859375 0.0187500 0.0421875
5 0.6125000 0.6218750 0.0250000 0.0406250
2 0.6000000 0.4394531 0.0260417 0.0304687
2 0.4812500 0.8417969 0.0250000 0.0476562
4 0.2812500 0.4546875 0.0208333 0.0250000
4 0.5841146 0.6546875 0.0182292 0.0468750
5 0.6799479 0.3781250 0.0359375 0.0281250
5 0.6760417 0.4941406 0.0281250 0.0382813
3 0.6239583 0.3164062 0.0208333 0.0375000
8 0.5000000 0.8453125 0.0239583 0.0531250
8 0.5830729 0.2570312 0.0348958 0.0359375
11 0.5059896 0.6164063 0.0265625 0.0375000
10 0.4161458 0.3316406 0.0302083 0.0382813
11 0.4606771 0.5222656 0.0223958 0.0398437
7 0.5528646 0.3355469 0.0338542 0.0320312
11 0.6986979 0.8152344 0.0359375 0.0382813
7 0.8187500 0.4359375 0.0333333 0.0328125
7 0.5802083 0.5339844 0.0333333 0.0335937
9 0.5044271 0.3566406 0.0317708 0.0367188
6 0.6255208 0.6687500 0.0343750 0.0328125
7 0.6031250 0.1570313 0.0312500 0.0453125
