4 0.3994792 0.4484375 0.0135417 0.0250000
2 0.4348958 0.2355469 0.0208333 0.0351562
0 0.3236979 0.5972656 0.0171875 0.0460938
5 0.5315104 0.5421875 0.0161458 0.0312500
3 0.3640625 0.5687500 0.0260417 0.0250000
3 0.6020833 0.8742188 0.0250000 0.0265625
2 0.6169271 0.5582031 0.0140625 0.0273438
1 0.6234375 0.7156250 0.0125000 0.0406250
2 0.4515625 0.5792969 0.0156250 0.0289063
5 0.4502604 0.1222656 0.0223958 0.0335937
2 0.6091146 0.8996094 0.0182292 0.0257812
1 0.5992188 0.1621094 0.0161458 0.0429688
0 0.5226563 0.8152344 0.0203125 0.0367188
4 0.4552083 0.2968750 0.0270833 0.0187500
3 0.6789063 0.3109375 0.0296875 0.0203125
1 0.6786458 0.6394531 0.0270833 0.0257812
0 0.6703125 0.8328125 0.0250000 0.0218750
3 0.6515625 0.3183594 0.0281250 0.0226562
2 0.5817708 0.5527344 0.0281250 0.0257812
5 0.4726562 0.1828125 0.0151042 0.0343750
5 0.4158854 0.3660156 0.0140625 0.0242188
4 0.3210938 0.4160156 0.0140625 0.0210938
1 0.4981771 0.5550781 0.0296875 0.0195312
3 0.5375000 0.3734375 0.0260417 0.0218750
4 0.6888021 0.2808594 0.0182292 0.0398437
5 0.4705729 0.8925781 0.0151042 0.0179687
3 0.7354167 0.6109375 0.0302083 0.0250000
1 0.5864583 0.8875000 0.0166667 0.0437500
0 0.6046875 0.6316406 0.0281250 0.0242188
2 0.5731771 0.2468750 0.0296875 0.0218750
0 0.4325521 0.4101562 0.0151042 0.0343750
0 0.5619792 0.4425781 0.0291667 0.0242188
2 0.6481771 0.7429687 0.0296875 0.0218750
2 0.5442708 0.2988281 0.0197917 0.0382813
2 0.4174479 0.5820312 0.0182292 0.0250000
3 0.6304688 0.5445313 0.0213542 0.0437500
2 0.6953125 0.4753906 0.0270833 0.0257812
0 0.5200521 0.4019531 0.0161458 0.0273438
0 0.5466146 0.3976562 0.0151042 0.0187500
2 0.6591146 0.4875000 0.0203125 0.0343750
2 0.3460937 0.5355469 0.0140625 0.0398437
5 0.3893229 0.5078125 0.0255208 0.0281250
2 0.4632812 0.6636719 0.0265625 0.0195312
2 0.7135417 0.6722656 0.0260417 0.0210938
5 0.3343750 0.4597656 0.0312500 0.0273438
1 0.6872396 0.2375000 0.0265625 0.0187500
0 0.7132812 0.6429687 0.0223958 0.0375000
1 0.4843750 0.2699219 0.0145833 0.0429688
5 0.6632813 0.5371094 0.0286458 0.0210938
3 0.4528646 0.0828125 0.0296875 0.0218750
5 0.5960937 0.2187500 0.0151042 0.0437500
1 0.2562500 0.7320313 0.0260417 0.0234375
3 0.5960937 0.3480469 0.0265625 0.0195312
4 0.3161458 0.5523438 0.0312500 0.0250000
3 0.6966146 0.5917969 0.0182292 0.0226562
3 0.5669271 0.4984375 0.0255208 0.0250000
3 0.7309896 0.4394531 0.0203125 0.0398437
1 0.5218750 0.5007812 0.0145833 0.0265625
2 0.4614583 0.2367188 0.0229167 0.0312500
3 0.4953125 0.4035156 0.0229167 0.0195312
5 0.6283854 0.3410156 0.0255208 0.0195312
1 0.6424479 0.7300781 0.0286458 0.0210938
7 0.4393229 0.7683594 0.0234375 0.0382813
10 0.4809896 0.4890625 0.0234375 0.0234375
7 0.5427083 0.7554688 0.0229167 0.0375000
11 0.5104167 0.3332031 0.0187500 0.0398437
