0 0.5994792 0.4699219 0.0666667 0.0492187
5 0.4111979 0.4484375 0.0526042 0.0500000
0 0.5786458 0.8765625 0.0437500 0.0625000
3 0.5718750 0.8144531 0.0656250 0.0789062
0 0.6028646 0.1929687 0.0463542 0.0687500
0 0.3851562 0.6351562 0.0765625 0.0593750
2 0.2283854 0.7691406 0.0755208 0.0585938
3 0.4484375 0.2664063 0.0656250 0.0625000
3 0.4958333 0.1480469 0.0375000 0.0460938
3 0.5682292 0.1480469 0.0333333 0.1070312
1 0.7877604 0.6351562 0.0671875 0.0875000
2 0.6591146 0.1828125 0.0755208 0.0500000
2 0.3768229 0.5605469 0.0723958 0.0757812
3 0.4924479 0.3441406 0.0369792 0.1117188
4 0.3658854 0.6558594 0.0317708 0.0601563
2 0.7388021 0.4460938 0.0661458 0.0734375
5 0.6546875 0.5496094 0.0687500 0.0585938
1 0.5127604 0.5121094 0.0588542 0.0617188
1 0.3653646 0.5347656 0.0359375 0.0867187
3 0.6783854 0.4378906 0.0703125 0.0554687
2 0.5361979 0.6441406 0.0755208 0.0710937
3 0.2752604 0.7644531 0.0765625 0.0492187
4 0.7010417 0.5031250 0.0416667 0.0890625
1 0.4875000 0.4394531 0.0687500 0.0414062
0 0.4721354 0.7496094 0.0390625 0.0523438
5 0.2971354 0.3914063 0.0317708 0.1062500
3 0.3445313 0.7121094 0.0765625 0.0539063
1 0.6020833 0.6207031 0.0791667 0.0554687
5 0.7039062 0.6050781 0.0661458 0.0460938
2 0.6236979 0.6753906 0.0484375 0.1085938
0 0.2695312 0.5710937 0.0703125 0.0562500
3 0.6736979 0.7878906 0.0598958 0.0898438
0 0.3104167 0.4398437 0.0322917 0.0453125
5 0.7158854 0.3140625 0.0713542 0.0703125
0 0.3833333 0.7320313 0.0697917 0.0500000
3 0.7015625 0.6261719 0.0541667 0.0585938
3 0.3455729 0.6488281 0.0755208 0.0523438
3 0.4588542 0.3960938 0.0375000 0.0796875
3 0.5390625 0.6781250 0.0552083 0.0718750
4 0.5473958 0.8644531 0.0395833 0.1054688
2 0.7130208 0.5644531 0.0697917 0.0539063
5 0.4195313 0.8039063 0.0567708 0.0812500
2 0.6390625 0.4589844 0.0354167 0.0554687
2 0.6197917 0.5226563 0.0479167 0.0890625
0 0.6703125 0.4277344 0.0697917 0.0664062
0 0.5585938 0.4769531 0.0328125 0.1132812
4 0.5895833 0.3472656 0.0375000 0.0695313
8 0.3932292 0.2550781 0.0687500 0.1039063
