5 0.6882812 0.5410156 0.0203125 0.0539063
2 0.4757812 0.8566406 0.0286458 0.0320312
1 0.4018229 0.2574219 0.0286458 0.0351562
0 0.6729167 0.4214844 0.0354167 0.0226562
1 0.4453125 0.4167969 0.0312500 0.0226562
1 0.7070312 0.3609375 0.0328125 0.0296875
4 0.4609375 0.8726563 0.0333333 0.0250000
4 0.3921875 0.6738281 0.0354167 0.0210938
2 0.4591146 0.6546875 0.0307292 0.0312500
2 0.7333333 0.4285156 0.0312500 0.0304687
3 0.4406250 0.7402344 0.0218750 0.0523438
0 0.5291667 0.9414062 0.0218750 0.0437500
3 0.6513021 0.8281250 0.0359375 0.0359375
1 0.4833333 0.3574219 0.0260417 0.0242188
5 0.4411458 0.1222656 0.0218750 0.0304687
0 0.6351562 0.7695312 0.0359375 0.0203125
2 0.2502604 0.6347656 0.0213542 0.0257812
1 0.4210937 0.5769531 0.0338542 0.0226562
3 0.5916667 0.3675781 0.0229167 0.0460938
5 0.5338542 0.7796875 0.0208333 0.0250000
3 0.4846354 0.2226562 0.0223958 0.0390625
2 0.5820312 0.5855469 0.0359375 0.0289063
5 0.6820312 0.1480469 0.0213542 0.0523438
4 0.4450521 0.1093750 0.0348958 0.0250000
3 0.5427083 0.5980469 0.0166667 0.0414062
1 0.6106771 0.6878906 0.0203125 0.0257812
0 0.6010417 0.8753906 0.0312500 0.0289063
0 0.5976562 0.3046875 0.0182292 0.0375000
3 0.6442708 0.8441406 0.0333333 0.0195312
2 0.5445313 0.6066406 0.0359375 0.0273438
2 0.2736979 0.5042969 0.0234375 0.0304687
2 0.3346354 0.3835938 0.0348958 0.0296875
4 0.5481771 0.6257812 0.0213542 0.0343750
6 0.6278646 0.3308594 0.0286458 0.0320312
8 0.6895833 0.6691406 0.0291667 0.0429688
11 0.2841146 0.4863281 0.0307292 0.0335937
8 0.5846354 0.5093750 0.0203125 0.0468750
7 0.5106771 0.1371094 0.0307292 0.0507812
7 0.6484375 0.7484375 0.0333333 0.0328125
8 0.4763021 0.7695312 0.0348958 0.0500000
8 0.5927083 0.3914063 0.0312500 0.0453125
11 0.8229167 0.3781250 0.0333333 0.0421875
6 0.5856771 0.3406250 0.0328125 0.0343750
11 0.3822917 0.5296875 0.0354167 0.0359375
8 0.3411458 0.5546875 0.0250000 0.0484375
11 0.5541667 0.6128906 0.0291667 0.0289063
7 0.5291667 0.5316406 0.0197917 0.0367188
