3 0.5041667 0.6484375 0.0385417 0.0500000
3 0.3091146 0.1683594 0.0223958 0.0289063
1 0.3203125 0.5703125 0.0427083 0.0328125
1 0.5361979 0.8589844 0.0463542 0.0335937
5 0.8234375 0.4589844 0.0385417 0.0601563
5 0.5976562 0.5531250 0.0432292 0.0375000
2 0.5835938 0.8011719 0.0453125 0.0335937
0 0.6872396 0.8089844 0.0432292 0.0320312
1 0.5552083 0.4835937 0.0375000 0.0328125
3 0.5570312 0.8039063 0.0317708 0.0562500
3 0.3953125 0.4375000 0.0322917 0.0328125
0 0.3075521 0.6578125 0.0411458 0.0531250
4 0.4651042 0.3132813 0.0281250 0.0421875
2 0.5192708 0.3761719 0.0364583 0.0554687
2 0.5656250 0.3164062 0.0229167 0.0578125
1 0.4627604 0.1597656 0.0286458 0.0351562
4 0.7807292 0.4113281 0.0437500 0.0320312
3 0.2322917 0.6265625 0.0500000 0.0343750
3 0.5255208 0.3894531 0.0177083 0.0367188
4 0.3427083 0.6531250 0.0468750 0.0328125
0 0.4020833 0.5164062 0.0468750 0.0406250
2 0.5463542 0.5371094 0.0218750 0.0398437
0 0.8023438 0.5675781 0.0317708 0.0695313
3 0.4497396 0.6000000 0.0244792 0.0515625
2 0.4463542 0.4917969 0.0333333 0.0382813
3 0.5234375 0.1750000 0.0291667 0.0656250
3 0.3924479 0.2613281 0.0234375 0.0617188
0 0.6403646 0.3402344 0.0203125 0.0414062
4 0.5984375 0.5066406 0.0458333 0.0351562
3 0.5002604 0.6820312 0.0453125 0.0437500
2 0.6635417 0.4382813 0.0208333 0.0484375
0 0.6945313 0.6070313 0.0453125 0.0437500
4 0.5380208 0.7320313 0.0250000 0.0703125
3 0.6013021 0.7714844 0.0442708 0.0335937
3 0.5289063 0.7910156 0.0203125 0.0335937
4 0.4916667 0.2035156 0.0270833 0.0648438
2 0.6838542 0.2609375 0.0364583 0.0578125
4 0.3635417 0.6351562 0.0343750 0.0343750
3 0.5210938 0.3792969 0.0453125 0.0320312
0 0.5830729 0.7535156 0.0442708 0.0273438
2 0.4486979 0.8308594 0.0348958 0.0632812
3 0.5955729 0.5964844 0.0401042 0.0414062
1 0.5742188 0.6695313 0.0380208 0.0437500
0 0.6609375 0.4105469 0.0479167 0.0289063
0 0.5932292 0.6339844 0.0427083 0.0273438
1 0.4638021 0.5746094 0.0296875 0.0460938
3 0.3343750 0.8078125 0.0458333 0.0312500
3 0.6356771 0.4625000 0.0203125 0.0578125
2 0.4281250 0.3433594 0.0427083 0.0320312
0 0.5536458 0.7937500 0.0312500 0.0703125
2 0.7585937 0.9242187 0.0328125 0.0468750
1 0.5947917 0.6812500 0.0427083 0.0265625
3 0.6088542 0.7269531 0.0208333 0.0617188
2 0.4507813 0.5234375 0.0296875 0.0281250
1 0.3690104 0.6273437 0.0421875 0.0421875
0 0.4161458 0.7062500 0.0229167 0.0296875
8 0.5781250 0.8785156 0.0416667 0.0476562
9 0.4661458 0.6781250 0.0385417 0.0437500
7 0.3299479 0.3343750 0.0432292 0.0531250
