3 0.6723958 0.5699219 0.0385417 0.0367188
1 0.5869792 0.4050781 0.0406250 0.0273438
1 0.5825521 0.7621094 0.0223958 0.0617188
4 0.5302083 0.7453125 0.0197917 0.0437500
4 0.2596354 0.4457031 0.0203125 0.0507812
2 0.3598958 0.1816406 0.0250000 0.0664062
5 0.6156250 0.4250000 0.0343750 0.0484375
4 0.2476562 0.4835937 0.0255208 0.0500000
0 0.6101562 0.4714844 0.0432292 0.0367188
4 0.5223958 0.7199219 0.0375000 0.0601563
4 0.6697917 0.3925781 0.0395833 0.0382813
5 0.7486979 0.6996094 0.0244792 0.0679687
4 0.3044271 0.5406250 0.0223958 0.0531250
1 0.5020833 0.5175781 0.0302083 0.0335937
0 0.5223958 0.4464844 0.0187500 0.0679687
2 0.6276042 0.6183594 0.0177083 0.0617188
0 0.6057292 0.7371094 0.0468750 0.0351562
5 0.3072917 0.5464844 0.0354167 0.0601563
3 0.7690104 0.4140625 0.0494792 0.0359375
2 0.4791667 0.2121094 0.0364583 0.0398437
4 0.4184896 0.5156250 0.0328125 0.0531250
1 0.6117187 0.6109375 0.0432292 0.0296875
3 0.5716146 0.5757813 0.0380208 0.0359375
0 0.5414062 0.1136719 0.0223958 0.0601563
0 0.7130208 0.3863281 0.0322917 0.0554687
9 0.4705729 0.2503906 0.0255208 0.0570312
6 0.5919271 0.8476562 0.0411458 0.0609375
7 0.4453125 0.4031250 0.0260417 0.0375000
10 0.6984375 0.8144531 0.0395833 0.0382813
7 0.5140625 0.1937500 0.0322917 0.0640625
6 0.3565104 0.3843750 0.0401042 0.0546875
8 0.5231771 0.4578125 0.0432292 0.0437500
7 0.3463542 0.5750000 0.0312500 0.0546875
6 0.7177083 0.7183594 0.0458333 0.0632812
9 0.5085937 0.8253906 0.0401042 0.0679687
10 0.6276042 0.7078125 0.0437500 0.0484375
