1 0.4445312 0.3367188 0.0588542 0.0859375
0 0.3744792 0.5199219 0.0791667 0.0554687
5 0.7726563 0.4406250 0.0432292 0.1265625
3 0.7122396 0.8652344 0.0671875 0.0757812
3 0.6510417 0.7679687 0.0458333 0.1234375
4 0.3065104 0.4636719 0.0609375 0.0992187
5 0.4755208 0.4546875 0.0572917 0.0546875
3 0.6747396 0.4175781 0.0453125 0.0773438
2 0.6315104 0.3683594 0.0526042 0.0648438
4 0.3158854 0.3914063 0.0796875 0.0593750
0 0.6434896 0.3417969 0.0463542 0.1304687
2 0.4653646 0.5136719 0.0380208 0.0757812
1 0.5575521 0.9171875 0.0609375 0.0734375
0 0.4627604 0.7894531 0.0671875 0.1054688
5 0.6247396 0.6000000 0.0859375 0.0859375
3 0.6205729 0.5578125 0.0557292 0.0703125
5 0.5057292 0.5558594 0.0427083 0.0632812
1 0.7375000 0.6257812 0.0708333 0.0515625
5 0.5140625 0.1843750 0.0447917 0.1265625
0 0.4263021 0.7496094 0.0442708 0.1132812
1 0.4440104 0.1191406 0.0755208 0.0601563
1 0.6953125 0.4792969 0.0927083 0.0648438
0 0.6570312 0.5078125 0.0609375 0.0875000
0 0.6020833 0.4238281 0.0541667 0.0679687
0 0.5343750 0.5074219 0.0770833 0.0601563
5 0.6960937 0.7632813 0.0859375 0.0703125
0 0.6614583 0.1464844 0.0812500 0.0570312
7 0.5822917 0.2640625 0.0583333 0.1187500
7 0.4671875 0.7382812 0.0531250 0.1000000
8 0.2833333 0.8175781 0.0552083 0.1273438
8 0.5828125 0.5433594 0.0843750 0.1132812
7 0.5070313 0.3996094 0.0734375 0.1023437
7 0.7208333 0.2441406 0.0604167 0.0726563
9 0.2033854 0.5421875 0.0848958 0.0906250
6 0.2817708 0.5316406 0.0666667 0.0742188
10 0.5645833 0.5078125 0.0552083 0.0687500
9 0.3575521 0.2097656 0.0515625 0.1210938
9 0.3997396 0.2109375 0.0640625 0.1171875
7 0.6216146 0.5011719 0.0796875 0.0820312
10 0.4216146 0.7289062 0.0609375 0.1093750
6 0.6947917 0.5878906 0.0750000 0.1023437
8 0.5127604 0.8082031 0.0703125 0.0742188
11 0.4408854 0.7132812 0.0713542 0.1218750
8 0.7692708 0.3839844 0.0697917 0.1039063
8 0.3539062 0.0562500 0.0651042 0.1093750
7 0.4312500 0.3558594 0.0468750 0.1070312
11 0.2721354 0.6117187 0.0765625 0.0843750
