2 0.5789062 0.3183594 0.0463542 0.0648438
1 0.4424479 0.7488281 0.0546875 0.0429688
1 0.4364583 0.0886719 0.0395833 0.0835937
3 0.2867188 0.6378906 0.0328125 0.0539063
4 0.5934896 0.8191406 0.0557292 0.0382813
1 0.6364583 0.7976562 0.0364583 0.0562500
1 0.3257813 0.6464844 0.0255208 0.0804688
2 0.6919271 0.6804687 0.0348958 0.0718750
0 0.2924479 0.8726563 0.0244792 0.0515625
2 0.4981771 0.3816406 0.0546875 0.0632812
3 0.6601562 0.1683594 0.0505208 0.0445313
4 0.4929688 0.5265625 0.0328125 0.0515625
2 0.2473958 0.4152344 0.0510417 0.0492187
0 0.7489583 0.5882812 0.0572917 0.0515625
3 0.3617187 0.5363281 0.0526042 0.0382813
4 0.6497396 0.1542969 0.0557292 0.0460938
2 0.6552083 0.2289063 0.0614583 0.0484375
1 0.3226562 0.6523438 0.0286458 0.0562500
4 0.4005208 0.5460938 0.0541667 0.0437500
3 0.3414063 0.2863281 0.0380208 0.0757812
0 0.5265625 0.8066406 0.0354167 0.0945312
1 0.4234375 0.6671875 0.0302083 0.0453125
1 0.4468750 0.5714844 0.0291667 0.0445313
1 0.4302083 0.4714844 0.0385417 0.0398437
2 0.6307292 0.5769531 0.0520833 0.0382813
3 0.3768229 0.9628906 0.0244792 0.0726563
1 0.3729167 0.6292969 0.0489583 0.0367188
4 0.3721354 0.3656250 0.0515625 0.0500000
5 0.5278646 0.7000000 0.0536458 0.0515625
1 0.3106771 0.4199219 0.0546875 0.0445313
3 0.5484375 0.4234375 0.0479167 0.0656250
0 0.5210938 0.4468750 0.0557292 0.0468750
0 0.3747396 0.2167969 0.0234375 0.0382813
1 0.4471354 0.4644531 0.0390625 0.0601563
0 0.2984375 0.5804687 0.0562500 0.0421875
1 0.4848958 0.3980469 0.0250000 0.0460938
2 0.6411458 0.3128906 0.0531250 0.0351562
6 0.3518229 0.6863281 0.0526042 0.0679687
10 0.5393229 0.7187500 0.0578125 0.0843750
10 0.4205729 0.4761719 0.0484375 0.0476562
9 0.4356771 0.1960938 0.0494792 0.0500000
10 0.4453125 0.7031250 0.0520833 0.0546875
9 0.6333333 0.4406250 0.0489583 0.0578125
8 0.3927083 0.1476562 0.0416667 0.0562500
11 0.5682292 0.5203125 0.0541667 0.0546875
9 0.4643229 0.7613281 0.0328125 0.0757812
7 0.4036458 0.8160156 0.0416667 0.0804688
11 0.5281250 0.5937500 0.0562500 0.0578125
11 0.5278646 0.6628906 0.0473958 0.0539063
