4 0.5065104 0.3574219 0.0182292 0.0382813
3 0.6343750 0.8265625 0.0166667 0.0203125
5 0.4098958 0.3843750 0.0166667 0.0281250
1 0.5252604 0.1882813 0.0234375 0.0234375
0 0.4385417 0.8058594 0.0208333 0.0335937
0 0.3617187 0.6816406 0.0296875 0.0273438
4 0.6986979 0.7878906 0.0265625 0.0242188
4 0.3708333 0.3769531 0.0125000 0.0382813
5 0.2106771 0.3109375 0.0265625 0.0265625
1 0.4809896 0.3410156 0.0244792 0.0148437
3 0.7552083 0.5347656 0.0197917 0.0257812
2 0.6997396 0.3046875 0.0223958 0.0328125
3 0.4981771 0.7195312 0.0151042 0.0375000
3 0.4627604 0.8011719 0.0203125 0.0382813
4 0.4773438 0.8968750 0.0140625 0.0265625
1 0.5671875 0.3792969 0.0229167 0.0257812
1 0.5671875 0.4503906 0.0145833 0.0273438
1 0.5367188 0.6031250 0.0255208 0.0296875
5 0.7492188 0.3910156 0.0130208 0.0398437
4 0.3039062 0.3460937 0.0265625 0.0203125
1 0.5744792 0.7222656 0.0239583 0.0179687
5 0.3455729 0.7214844 0.0130208 0.0257812
4 0.4541667 0.4093750 0.0208333 0.0312500
3 0.5893229 0.5496094 0.0255208 0.0226562
2 0.3809896 0.3714844 0.0234375 0.0195312
1 0.4093750 0.2531250 0.0281250 0.0203125
0 0.4622396 0.6886719 0.0255208 0.0179687
5 0.5322917 0.4875000 0.0166667 0.0203125
3 0.6802083 0.3843750 0.0166667 0.0328125
0 0.6416667 0.3277344 0.0260417 0.0226562
1 0.4651042 0.8468750 0.0218750 0.0312500
3 0.4617188 0.4890625 0.0140625 0.0234375
5 0.3338542 0.5886719 0.0291667 0.0179687
4 0.7500000 0.4144531 0.0156250 0.0210938
2 0.5369792 0.3746094 0.0260417 0.0242188
2 0.3145833 0.6984375 0.0291667 0.0203125
4 0.3638021 0.3355469 0.0119792 0.0242188
5 0.4640625 0.4503906 0.0197917 0.0382813
1 0.4080729 0.3832031 0.0244792 0.0148437
3 0.5932292 0.7382812 0.0125000 0.0234375
2 0.3684896 0.8042969 0.0140625 0.0367188
2 0.4734375 0.2812500 0.0197917 0.0328125
0 0.4747396 0.5453125 0.0130208 0.0343750
4 0.3093750 0.4390625 0.0239583 0.0187500
1 0.6786458 0.5808594 0.0218750 0.0195312
2 0.2848958 0.6992188 0.0281250 0.0156250
4 0.6091146 0.7703125 0.0255208 0.0234375
0 0.6333333 0.6632813 0.0302083 0.0203125
1 0.4731771 0.5847656 0.0203125 0.0382813
1 0.4078125 0.5089844 0.0166667 0.0195312
5 0.6528646 0.1636719 0.0192708 0.0195312
0 0.5304688 0.6449219 0.0192708 0.0179687
4 0.5255208 0.5804687 0.0104167 0.0406250
3 0.6109375 0.4394531 0.0239583 0.0179687
3 0.6729167 0.3996094 0.0156250 0.0289063
5 0.5606771 0.6039062 0.0203125 0.0203125
5 0.6437500 0.1332031 0.0156250 0.0414062
5 0.6669271 0.4476562 0.0296875 0.0234375
2 0.7643229 0.4738281 0.0151042 0.0382813
3 0.5065104 0.1289062 0.0151042 0.0234375
0 0.4343750 0.5789062 0.0260417 0.0250000
2 0.5210938 0.2437500 0.0234375 0.0218750
5 0.6515625 0.7394531 0.0291667 0.0195312
1 0.6403646 0.3003906 0.0182292 0.0382813
1 0.5606771 0.4808594 0.0130208 0.0273438
1 0.4190104 0.7503906 0.0244792 0.0226562
2 0.5489583 0.8808594 0.0229167 0.0304687
0 0.7153646 0.6726562 0.0223958 0.0265625
0 0.4296875 0.6421875 0.0187500 0.0218750
4 0.3609375 0.5929688 0.0239583 0.0296875
7 0.7408854 0.6304688 0.0276042 0.0265625
10 0.5549479 0.3250000 0.0255208 0.0265625
7 0.6611979 0.5035156 0.0234375 0.0289063
11 0.4617188 0.6710938 0.0182292 0.0281250
