3 0.6385417 0.2988281 0.0625000 0.1195313
5 0.5471354 0.1402344 0.1130208 0.0679687
4 0.5299479 0.1753906 0.1119792 0.0757812
1 0.3263021 0.5921875 0.0973958 0.1062500
3 0.5531250 0.6507812 0.0437500 0.1078125
3 0.4825521 0.2656250 0.0807292 0.1265625
1 0.6140625 0.9164062 0.1135417 0.0812500
4 0.5010417 0.8234375 0.0604167 0.1171875
1 0.4773438 0.2433594 0.1026042 0.0929688
0 0.7330729 0.4402344 0.0557292 0.1242188
1 0.3114583 0.6402344 0.0427083 0.1523438
1 0.3372396 0.7308594 0.0713542 0.1445312
3 0.6901042 0.3707031 0.0635417 0.1539062
1 0.5875000 0.2246094 0.0968750 0.0867187
3 0.4940104 0.3855469 0.0963542 0.1242188
1 0.2919271 0.1445312 0.0432292 0.1625000
1 0.4049479 0.2011719 0.0546875 0.1054688
5 0.6726562 0.3281250 0.1067708 0.0812500
4 0.5546875 0.6921875 0.0760417 0.1562500
4 0.7135417 0.1085938 0.0937500 0.1062500
5 0.5111979 0.9828125 0.0588542 0.0328125
0 0.6320313 0.3726563 0.0661458 0.1546875
4 0.5309896 0.4019531 0.0505208 0.0648438
1 0.5419271 0.5570312 0.1078125 0.0734375
5 0.4294271 0.8050781 0.1015625 0.0726563
1 0.3588542 0.8628906 0.0635417 0.1679688
5 0.5109375 0.8539062 0.0614583 0.1359375
0 0.5713542 0.7085938 0.0614583 0.0750000
5 0.5229167 0.1214844 0.0739583 0.1539062
5 0.6101562 0.4117188 0.1036458 0.0843750
4 0.6531250 0.7671875 0.0604167 0.0750000
2 0.2919271 0.3835938 0.0494792 0.1546875
1 0.5755208 0.5414062 0.1020833 0.0828125
2 0.6151042 0.5531250 0.0520833 0.0890625
0 0.5968750 0.2933594 0.0541667 0.1007813
2 0.6945313 0.4781250 0.0911458 0.0828125
1 0.5455729 0.2878906 0.0640625 0.1351563
3 0.3192708 0.4000000 0.0947917 0.0687500
4 0.4830729 0.7632813 0.0963542 0.0671875
2 0.6893229 0.4367187 0.0942708 0.0703125
5 0.3580729 0.6648437 0.0494792 0.1500000
0 0.4622396 0.3101563 0.0536458 0.0703125
0 0.4445312 0.1542969 0.0869792 0.0976562
1 0.4169271 0.4593750 0.0723958 0.0968750
0 0.4986979 0.4726562 0.1067708 0.0796875
3 0.6276042 0.7464844 0.1104167 0.0789062
3 0.6869792 0.1398437 0.1031250 0.0765625
1 0.5924479 0.8734375 0.1098958 0.0734375
11 0.5765625 0.8449219 0.0635417 0.1382812
11 0.4940104 0.4722656 0.0890625 0.0882813
10 0.3000000 0.2171875 0.1010417 0.1484375
8 0.7078125 0.3605469 0.0895833 0.1023437
9 0.5093750 0.5851563 0.0656250 0.1312500
7 0.6929688 0.2542969 0.0942708 0.1023437
7 0.3726563 0.5250000 0.0755208 0.1453125
8 0.3799479 0.9234375 0.0661458 0.1515625
8 0.6812500 0.2011719 0.0916667 0.1195313
7 0.7518229 0.5085937 0.0859375 0.1296875
8 0.6429687 0.5527344 0.0911458 0.1195313
11 0.6921875 0.2164062 0.0697917 0.1390625
