5 0.7283854 0.2175781 0.0140625 0.0179687
5 0.6890625 0.4500000 0.0208333 0.0359375
5 0.5455729 0.5863281 0.0182292 0.0289063
3 0.3757813 0.6722656 0.0307292 0.0257812
4 0.6539063 0.4796875 0.0265625 0.0234375
1 0.4148438 0.4171875 0.0119792 0.0234375
3 0.7127604 0.5988281 0.0307292 0.0195312
4 0.3994792 0.2925781 0.0270833 0.0210938
5 0.3541667 0.3800781 0.0114583 0.0445313
0 0.5890625 0.3843750 0.0291667 0.0265625
4 0.4570312 0.8449219 0.0140625 0.0367188
0 0.6096354 0.2023437 0.0265625 0.0218750
4 0.3065104 0.3523438 0.0151042 0.0406250
2 0.4570312 0.3136719 0.0234375 0.0210938
0 0.3679688 0.2507813 0.0234375 0.0187500
3 0.6026042 0.2855469 0.0281250 0.0179687
4 0.7416667 0.5609375 0.0239583 0.0265625
5 0.6473958 0.2527344 0.0135417 0.0226562
10 0.5098958 0.4039063 0.0239583 0.0234375
7 0.5565104 0.3199219 0.0296875 0.0304687
10 0.6020833 0.5472656 0.0218750 0.0320312
6 0.6419271 0.4296875 0.0161458 0.0375000
11 0.7031250 0.7835937 0.0270833 0.0281250
11 0.5687500 0.1929687 0.0229167 0.0421875
7 0.5481771 0.6289062 0.0244792 0.0250000
9 0.3695312 0.3753906 0.0161458 0.0304687
9 0.6679688 0.3730469 0.0223958 0.0273438
9 0.3682292 0.3972656 0.0177083 0.0335937
8 0.4427083 0.7519531 0.0250000 0.0367188
10 0.3963542 0.5906250 0.0156250 0.0343750
6 0.3231771 0.6382813 0.0255208 0.0281250
11 0.6455729 0.7882813 0.0286458 0.0265625
10 0.6111979 0.1128906 0.0161458 0.0289063
