4 0.4880208 0.3855469 0.0375000 0.0835937
0 0.5835938 0.1445312 0.0338542 0.0343750
0 0.4250000 0.4597656 0.0375000 0.0507812
3 0.4104167 0.6765625 0.0468750 0.0562500
4 0.4101562 0.7425781 0.0296875 0.0773438
3 0.4138021 0.3675781 0.0317708 0.0507812
5 0.3424479 0.4722656 0.0401042 0.0539063
0 0.7039062 0.3730469 0.0546875 0.0601563
1 0.4164062 0.2507813 0.0432292 0.0453125
0 0.5812500 0.5511719 0.0270833 0.0414062
0 0.7820312 0.7941406 0.0567708 0.0539063
4 0.3192708 0.4726562 0.0666667 0.0484375
0 0.5966146 0.1996094 0.0515625 0.0617188
1 0.5161458 0.8761719 0.0312500 0.1007813
2 0.5976562 0.5984375 0.0432292 0.0578125
0 0.4466146 0.6957031 0.0567708 0.0679687
0 0.3031250 0.4546875 0.0677083 0.0531250
9 0.6421875 0.8175781 0.0562500 0.0820312
8 0.6421875 0.4562500 0.0489583 0.0828125
8 0.3796875 0.5671875 0.0447917 0.0546875
8 0.5169271 0.2109375 0.0453125 0.0843750
10 0.5648437 0.5257812 0.0494792 0.0875000
10 0.4932292 0.9371094 0.0583333 0.0835937
9 0.5994792 0.8468750 0.0614583 0.0671875
8 0.4169271 0.4351563 0.0390625 0.0906250
