4 0.4747396 0.1718750 0.0765625 0.0609375
5 0.6708333 0.8042969 0.0395833 0.1242188
1 0.3989583 0.1441406 0.0854167 0.0648438
0 0.3882813 0.2945313 0.0494792 0.0687500
0 0.6927083 0.7820312 0.0531250 0.0671875
2 0.7221354 0.4554687 0.0473958 0.1062500
4 0.7473958 0.6808594 0.0729167 0.0632812
4 0.4875000 0.4050781 0.0395833 0.1210938
5 0.4145833 0.8187500 0.0729167 0.0906250
4 0.6833333 0.4050781 0.0885417 0.0585938
0 0.6085938 0.8914062 0.0838542 0.0656250
1 0.7031250 0.5695313 0.0697917 0.0687500
0 0.4502604 0.4062500 0.0838542 0.0515625
2 0.7242188 0.3320312 0.0932292 0.0531250
1 0.5562500 0.2187500 0.0562500 0.1218750
3 0.5768229 0.2109375 0.0734375 0.0625000
5 0.4414062 0.7140625 0.0390625 0.0812500
3 0.4059896 0.5007812 0.0369792 0.0796875
5 0.5937500 0.5539063 0.0729167 0.0578125
4 0.5979167 0.1781250 0.0895833 0.0812500
2 0.5627604 0.7968750 0.0411458 0.0640625
4 0.3611979 0.1144531 0.0432292 0.0960938
2 0.4075521 0.4058594 0.0328125 0.1148437
1 0.2218750 0.4468750 0.0635417 0.0640625
0 0.5958333 0.2214844 0.0614583 0.0820312
0 0.3718750 0.3886719 0.0854167 0.0742188
2 0.4114583 0.5082031 0.0416667 0.1023437
0 0.5093750 0.1949219 0.0645833 0.0804688
5 0.6111979 0.3441406 0.0796875 0.0585938
6 0.4908854 0.7011719 0.0526042 0.0773438
8 0.7687500 0.7441406 0.0812500 0.0976562
7 0.2723958 0.5296875 0.0833333 0.0875000
9 0.4143229 0.2902344 0.0765625 0.1148437
11 0.5398437 0.9414062 0.0619792 0.1156250
10 0.6585937 0.4355469 0.0526042 0.1179687
6 0.5846354 0.7367187 0.0755208 0.0812500
11 0.5622396 0.2191406 0.0546875 0.1257813
10 0.2364583 0.6148438 0.0822917 0.0812500
10 0.3950521 0.8101563 0.0828125 0.0765625
8 0.6731771 0.4296875 0.0776042 0.0750000
11 0.5341146 0.7425781 0.0765625 0.0992187
11 0.4916667 0.2656250 0.0812500 0.0812500
8 0.7125000 0.5015625 0.0822917 0.1125000
9 0.6187500 0.6945313 0.0729167 0.0703125
9 0.4093750 0.7359375 0.0750000 0.1171875
8 0.2903646 0.2699219 0.0640625 0.0742188
11 0.5346354 0.4808594 0.0859375 0.0835937
8 0.3523438 0.2914062 0.0807292 0.0843750
8 0.5471354 0.1777344 0.0734375 0.0742188
