5 0.4778646 0.7496094 0.0244792 0.0398437
5 0.3593750 0.7980469 0.0302083 0.0226562
4 0.6570312 0.4214844 0.0338542 0.0210938
1 0.7210937 0.6828125 0.0244792 0.0390625
0 0.6580729 0.7941406 0.0234375 0.0226562
5 0.4846354 0.1859375 0.0171875 0.0218750
0 0.6200521 0.2804687 0.0307292 0.0171875
1 0.6940104 0.4601562 0.0161458 0.0234375
0 0.7216146 0.4214844 0.0255208 0.0351562
5 0.3343750 0.4160156 0.0281250 0.0289063
1 0.5294271 0.8105469 0.0171875 0.0445313
4 0.5750000 0.4890625 0.0281250 0.0281250
3 0.6278646 0.7074219 0.0307292 0.0195312
4 0.6401042 0.1660156 0.0291667 0.0210938
4 0.6796875 0.2488281 0.0281250 0.0179687
1 0.7281250 0.4359375 0.0187500 0.0328125
4 0.4645833 0.7250000 0.0270833 0.0187500
0 0.7049479 0.7031250 0.0276042 0.0218750
2 0.2880208 0.7652344 0.0302083 0.0226562
0 0.5354167 0.7214844 0.0322917 0.0242188
5 0.5684896 0.7957031 0.0119792 0.0429688
2 0.6171875 0.6003906 0.0166667 0.0445313
2 0.4802083 0.6164063 0.0156250 0.0328125
4 0.5802083 0.4789062 0.0291667 0.0250000
2 0.2661458 0.6460938 0.0135417 0.0187500
1 0.3013021 0.7238281 0.0223958 0.0382813
5 0.5572917 0.6308594 0.0302083 0.0304687
0 0.4752604 0.1667969 0.0265625 0.0242188
4 0.5973958 0.7089844 0.0156250 0.0367188
5 0.6283854 0.5757813 0.0276042 0.0312500
2 0.6036458 0.4738281 0.0197917 0.0445313
3 0.4541667 0.0179687 0.0156250 0.0359375
2 0.6546875 0.1457031 0.0250000 0.0289063
3 0.6419271 0.7074219 0.0223958 0.0414062
4 0.5393229 0.6015625 0.0286458 0.0234375
1 0.5393229 0.7019531 0.0307292 0.0226562
3 0.6328125 0.3296875 0.0218750 0.0406250
5 0.5580729 0.4082031 0.0307292 0.0257812
0 0.3354167 0.6972656 0.0281250 0.0351562
1 0.6380208 0.6757812 0.0281250 0.0203125
3 0.4841146 0.6699219 0.0151042 0.0242188
1 0.4320312 0.6296875 0.0192708 0.0468750
2 0.3065104 0.4328125 0.0223958 0.0250000
3 0.5575521 0.7250000 0.0307292 0.0234375
8 0.6687500 0.4976563 0.0239583 0.0296875
8 0.5580729 0.5609375 0.0296875 0.0343750
7 0.5513021 0.8539062 0.0286458 0.0312500
9 0.5484375 0.6847656 0.0218750 0.0398437
10 0.4953125 0.5710937 0.0260417 0.0265625
11 0.5416667 0.5496094 0.0197917 0.0351562
9 0.6208333 0.3535156 0.0197917 0.0289063
9 0.3208333 0.2683594 0.0281250 0.0273438
9 0.5369792 0.7945313 0.0218750 0.0312500
8 0.5033854 0.1867187 0.0192708 0.0437500
6 0.5510417 0.7902344 0.0239583 0.0460938
9 0.4312500 0.2878906 0.0229167 0.0367188
6 0.3947917 0.7839844 0.0197917 0.0445313
10 0.4361979 0.3605469 0.0171875 0.0273438
10 0.5401042 0.5632812 0.0291667 0.0296875
7 0.3656250 0.2527344 0.0177083 0.0320312
11 0.7627604 0.4910156 0.0317708 0.0398437
6 0.5682292 0.3156250 0.0177083 0.0265625
11 0.7781250 0.4812500 0.0270833 0.0296875
6 0.4945312 0.5851563 0.0255208 0.0281250
