0 0.7013021 0.5757813 0.0223958 0.0234375
1 0.4888021 0.3156250 0.0182292 0.0281250
4 0.6656250 0.5914063 0.0156250 0.0187500
0 0.6015625 0.8179688 0.0260417 0.0312500
1 0.3062500 0.5527344 0.0197917 0.0320312
2 0.3486979 0.6765625 0.0151042 0.0187500
0 0.6901042 0.6746094 0.0291667 0.0257812
0 0.4343750 0.2980469 0.0156250 0.0414062
1 0.4945312 0.2761719 0.0182292 0.0335937
5 0.5380208 0.5511719 0.0187500 0.0210938
0 0.6419271 0.4957031 0.0244792 0.0304687
2 0.2210938 0.5867187 0.0223958 0.0359375
4 0.5252604 0.4574219 0.0286458 0.0179687
3 0.4377604 0.1792969 0.0192708 0.0335937
0 0.3505208 0.5464844 0.0135417 0.0226562
1 0.6822917 0.5332031 0.0218750 0.0351562
1 0.7075521 0.3492188 0.0192708 0.0250000
3 0.4557292 0.4847656 0.0125000 0.0210938
1 0.2997396 0.4519531 0.0307292 0.0210938
4 0.6643229 0.3625000 0.0276042 0.0203125
4 0.5328125 0.7007813 0.0218750 0.0203125
3 0.3244792 0.4257812 0.0239583 0.0250000
2 0.3684896 0.4015625 0.0276042 0.0234375
1 0.3796875 0.5238281 0.0270833 0.0195312
4 0.5221354 0.8613281 0.0223958 0.0273438
0 0.6825521 0.2015625 0.0171875 0.0343750
3 0.4789062 0.6441406 0.0255208 0.0242188
5 0.3447917 0.8000000 0.0291667 0.0265625
3 0.5997396 0.5683594 0.0244792 0.0226562
3 0.2244792 0.5351562 0.0229167 0.0343750
3 0.4510417 0.4816406 0.0229167 0.0210938
1 0.4117188 0.2632813 0.0182292 0.0312500
2 0.3903646 0.0234375 0.0265625 0.0265625
0 0.2632813 0.4191406 0.0223958 0.0351562
2 0.6184896 0.8734375 0.0151042 0.0421875
4 0.3544271 0.7511719 0.0130208 0.0367188
2 0.3583333 0.5042969 0.0281250 0.0210938
5 0.3856771 0.5203125 0.0244792 0.0171875
2 0.4705729 0.4453125 0.0276042 0.0187500
3 0.6208333 0.4222656 0.0312500 0.0226562
3 0.6375000 0.7546875 0.0281250 0.0218750
4 0.4718750 0.3488281 0.0281250 0.0242188
2 0.3398438 0.8160156 0.0192708 0.0367188
5 0.2645833 0.5148438 0.0281250 0.0234375
4 0.3846354 0.5960937 0.0234375 0.0296875
5 0.7367187 0.6000000 0.0244792 0.0203125
2 0.7585937 0.3703125 0.0276042 0.0218750
0 0.5442708 0.7441406 0.0229167 0.0351562
3 0.5979167 0.4203125 0.0177083 0.0359375
2 0.6369792 0.5304688 0.0239583 0.0312500
1 0.4960938 0.7449219 0.0182292 0.0242188
1 0.4229167 0.7441406 0.0208333 0.0257812
4 0.5575521 0.7656250 0.0234375 0.0359375
1 0.6950521 0.6820312 0.0286458 0.0171875
5 0.3411458 0.6941406 0.0270833 0.0226562
4 0.7343750 0.4601562 0.0177083 0.0203125
5 0.5335937 0.3210938 0.0286458 0.0203125
4 0.2760417 0.6171875 0.0208333 0.0203125
2 0.6981771 0.3089844 0.0286458 0.0210938
3 0.2598958 0.4644531 0.0270833 0.0242188
5 0.5950521 0.8835937 0.0244792 0.0281250
4 0.5539063 0.4179688 0.0286458 0.0234375
3 0.5994792 0.6148438 0.0270833 0.0187500
0 0.4098958 0.1937500 0.0270833 0.0187500
4 0.6718750 0.4121094 0.0291667 0.0257812
2 0.6703125 0.7113281 0.0187500 0.0351562
2 0.4812500 0.3156250 0.0260417 0.0203125
3 0.3895833 0.2339844 0.0260417 0.0195312
0 0.5283854 0.6546875 0.0203125 0.0187500
1 0.4614583 0.8687500 0.0135417 0.0359375
1 0.3723958 0.2699219 0.0281250 0.0226562
2 0.5492187 0.4523437 0.0119792 0.0343750
2 0.7187500 0.6671875 0.0291667 0.0187500
3 0.5026042 0.5339844 0.0291667 0.0289063
3 0.5981771 0.3183594 0.0255208 0.0179687
3 0.3703125 0.2082031 0.0270833 0.0179687
5 0.3125000 0.4781250 0.0208333 0.0343750
5 0.4557292 0.5890625 0.0229167 0.0359375
0 0.5156250 0.8437500 0.0250000 0.0296875
9 0.6539063 0.6574219 0.0223958 0.0367188
9 0.4625000 0.6621094 0.0166667 0.0367188
8 0.6255208 0.8171875 0.0270833 0.0265625
7 0.6630208 0.3863281 0.0229167 0.0242188
10 0.5080729 0.2554688 0.0213542 0.0343750
7 0.5057292 0.6273437 0.0187500 0.0437500
11 0.4276042 0.2433594 0.0239583 0.0257812
7 0.3455729 0.3894531 0.0161458 0.0304687
10 0.3182292 0.3742187 0.0291667 0.0281250
10 0.3960938 0.1480469 0.0161458 0.0398437
9 0.3330729 0.4421875 0.0255208 0.0265625
