5 0.4052083 0.8050781 0.0250000 0.0273438
2 0.3080729 0.6550781 0.0223958 0.0273438
0 0.5807292 0.7390625 0.0260417 0.0187500
0 0.3619792 0.7503906 0.0125000 0.0367188
5 0.2656250 0.6144531 0.0187500 0.0257812
1 0.4122396 0.2574219 0.0171875 0.0226562
4 0.5135417 0.8683594 0.0156250 0.0367188
2 0.4786458 0.4714844 0.0156250 0.0304687
5 0.4864583 0.6382813 0.0156250 0.0328125
3 0.4257812 0.5347656 0.0234375 0.0257812
1 0.4312500 0.6324219 0.0177083 0.0210938
5 0.5372396 0.5121094 0.0140625 0.0226562
1 0.5973958 0.2742188 0.0166667 0.0218750
4 0.3710938 0.6273437 0.0213542 0.0218750
4 0.5401042 0.8175781 0.0145833 0.0351562
2 0.5984375 0.4445312 0.0239583 0.0187500
2 0.3502604 0.3500000 0.0140625 0.0359375
4 0.6007813 0.1363281 0.0130208 0.0351562
1 0.7005208 0.3632812 0.0239583 0.0171875
5 0.7528646 0.6445312 0.0213542 0.0359375
2 0.6596354 0.7390625 0.0223958 0.0265625
4 0.5812500 0.6441406 0.0197917 0.0226562
0 0.5492187 0.7785156 0.0234375 0.0195312
2 0.4127604 0.8847656 0.0265625 0.0179687
1 0.5950521 0.7269531 0.0192708 0.0195312
1 0.4455729 0.8675781 0.0171875 0.0242188
3 0.3416667 0.6691406 0.0260417 0.0164063
1 0.6481771 0.6488281 0.0213542 0.0226562
2 0.5054688 0.2574219 0.0140625 0.0335937
2 0.4341146 0.7128906 0.0161458 0.0210938
1 0.5221354 0.2832031 0.0192708 0.0335937
4 0.4937500 0.5988281 0.0135417 0.0210938
4 0.3937500 0.4742188 0.0250000 0.0265625
0 0.5940104 0.6703125 0.0223958 0.0171875
0 0.4125000 0.1593750 0.0125000 0.0359375
2 0.3638021 0.7523437 0.0244792 0.0187500
8 0.4770833 0.5812500 0.0239583 0.0296875
10 0.6406250 0.0457031 0.0208333 0.0351562
11 0.4250000 0.3226562 0.0145833 0.0343750
6 0.6437500 0.3503906 0.0229167 0.0242188
10 0.4325521 0.5800781 0.0234375 0.0289063
10 0.6062500 0.3320312 0.0229167 0.0281250
9 0.4122396 0.5046875 0.0161458 0.0281250
9 0.5549479 0.3250000 0.0203125 0.0328125
