0 0.3890625 0.6628906 0.0197917 0.0382813
4 0.5981771 0.4578125 0.0151042 0.0375000
2 0.3981771 0.6042969 0.0380208 0.0273438
5 0.5911458 0.4257812 0.0218750 0.0562500
1 0.6414062 0.8253906 0.0171875 0.0320312
1 0.3510417 0.2902344 0.0177083 0.0226562
5 0.5765625 0.4257812 0.0354167 0.0234375
2 0.6755208 0.1585938 0.0385417 0.0265625
5 0.5377604 0.5125000 0.0390625 0.0281250
5 0.2484375 0.4332031 0.0385417 0.0351562
0 0.7065104 0.2867188 0.0359375 0.0312500
3 0.5539063 0.4527344 0.0369792 0.0242188
1 0.5833333 0.4886719 0.0187500 0.0351562
5 0.5536458 0.6988281 0.0302083 0.0429688
3 0.6151042 0.7039062 0.0187500 0.0546875
2 0.3307292 0.5132813 0.0375000 0.0312500
3 0.3205729 0.5109375 0.0348958 0.0281250
2 0.5364583 0.7082031 0.0166667 0.0367188
1 0.2843750 0.4792969 0.0166667 0.0257812
2 0.4390625 0.1605469 0.0375000 0.0242188
4 0.3523438 0.6886719 0.0276042 0.0335937
0 0.3783854 0.4726562 0.0328125 0.0343750
3 0.4968750 0.4164062 0.0291667 0.0312500
3 0.4966146 0.3503906 0.0213542 0.0507812
2 0.5236979 0.6031250 0.0359375 0.0296875
5 0.4739583 0.2160156 0.0197917 0.0601563
1 0.4580729 0.1589844 0.0223958 0.0398437
4 0.4187500 0.7031250 0.0197917 0.0546875
0 0.5622396 0.3390625 0.0276042 0.0281250
1 0.4588542 0.7394531 0.0312500 0.0445313
4 0.4078125 0.3730469 0.0197917 0.0492187
3 0.5710937 0.8562500 0.0369792 0.0265625
4 0.5333333 0.3304687 0.0312500 0.0296875
0 0.5794271 0.4816406 0.0401042 0.0257812
1 0.3408854 0.3039062 0.0203125 0.0468750
5 0.6395833 0.2976563 0.0218750 0.0593750
3 0.5247396 0.3335938 0.0307292 0.0421875
1 0.3395833 0.2542969 0.0364583 0.0273438
5 0.7111979 0.2812500 0.0390625 0.0390625
1 0.3989583 0.6570312 0.0333333 0.0218750
2 0.6721354 0.6203125 0.0161458 0.0531250
0 0.7653646 0.4265625 0.0296875 0.0265625
2 0.3567708 0.4480469 0.0166667 0.0257812
0 0.5921875 0.5339844 0.0354167 0.0273438
7 0.6815104 0.7074219 0.0369792 0.0445313
6 0.7093750 0.8121094 0.0281250 0.0492187
11 0.1783854 0.3964844 0.0348958 0.0351562
10 0.2859375 0.3566406 0.0260417 0.0335937
6 0.4015625 0.7523437 0.0250000 0.0515625
6 0.6453125 0.2820313 0.0270833 0.0328125
8 0.3927083 0.3953125 0.0281250 0.0531250
11 0.2820313 0.6179687 0.0234375 0.0562500
9 0.4585938 0.5414062 0.0348958 0.0343750
11 0.5263021 0.1898438 0.0338542 0.0343750
8 0.4937500 0.2714844 0.0260417 0.0539063
11 0.5283854 0.7515625 0.0369792 0.0515625
7 0.4026042 0.7394531 0.0208333 0.0320312
10 0.2856771 0.4566406 0.0317708 0.0539063
