5 0.3054688 0.5691406 0.0473958 0.0304687
0 0.5255208 0.9289063 0.0322917 0.0375000
3 0.4893229 0.6929688 0.0369792 0.0375000
5 0.3773437 0.1441406 0.0421875 0.0601563
0 0.6684896 0.7285156 0.0234375 0.0726563
5 0.4614583 0.5136719 0.0312500 0.0539063
0 0.4760417 0.7359375 0.0427083 0.0484375
4 0.3736979 0.3796875 0.0255208 0.0750000
5 0.6898437 0.5289063 0.0401042 0.0703125
3 0.3895833 0.7730469 0.0260417 0.0632812
3 0.4369792 0.4003906 0.0447917 0.0460938
2 0.5143229 0.4765625 0.0369792 0.0734375
2 0.4101562 0.5859375 0.0546875 0.0390625
1 0.5447917 0.2789063 0.0572917 0.0453125
0 0.4106771 0.3085938 0.0244792 0.0468750
4 0.6486979 0.6585937 0.0390625 0.0609375
4 0.5453125 0.9117188 0.0531250 0.0453125
0 0.2976563 0.7359375 0.0515625 0.0375000
1 0.5000000 0.5187500 0.0270833 0.0546875
1 0.6921875 0.5925781 0.0520833 0.0351562
0 0.4268229 0.6015625 0.0307292 0.0421875
2 0.5473958 0.6972656 0.0302083 0.0351562
4 0.5799479 0.7218750 0.0234375 0.0593750
6 0.5036458 0.3988281 0.0447917 0.0523438
11 0.4536458 0.2667969 0.0520833 0.0507812
11 0.2630208 0.6113281 0.0447917 0.0726563
10 0.5549479 0.5960937 0.0505208 0.0578125
10 0.5351562 0.6144531 0.0484375 0.0507812
10 0.5260417 0.3343750 0.0281250 0.0421875
9 0.3744792 0.3894531 0.0354167 0.0695313
7 0.5145833 0.7933594 0.0468750 0.0492187
8 0.3989583 0.6800781 0.0479167 0.0507812
10 0.6976562 0.7644531 0.0432292 0.0617188
