4 0.4666667 0.6109375 0.0250000 0.0359375
0 0.6851563 0.5308594 0.0213542 0.0382813
4 0.3020833 0.6394531 0.0197917 0.0445313
0 0.6106771 0.4984375 0.0442708 0.0328125
3 0.6888021 0.6355469 0.0380208 0.0351562
1 0.4783854 0.7968750 0.0380208 0.0250000
1 0.2143229 0.6812500 0.0401042 0.0375000
5 0.6632813 0.6214844 0.0369792 0.0429688
4 0.7291667 0.5546875 0.0270833 0.0312500
0 0.6281250 0.5316406 0.0416667 0.0351562
2 0.4421875 0.5640625 0.0343750 0.0296875
1 0.5880208 0.1531250 0.0312500 0.0515625
5 0.6380208 0.4757812 0.0406250 0.0375000
2 0.4734375 0.3632812 0.0177083 0.0437500
4 0.5015625 0.6566406 0.0239583 0.0570312
4 0.6315104 0.2781250 0.0432292 0.0281250
1 0.6760417 0.7371094 0.0385417 0.0257812
1 0.5757813 0.7828125 0.0276042 0.0234375
5 0.4692708 0.7210937 0.0291667 0.0625000
0 0.4877604 0.3671875 0.0442708 0.0328125
0 0.3979167 0.8511719 0.0406250 0.0289063
5 0.6117187 0.2796875 0.0244792 0.0593750
0 0.6145833 0.6570312 0.0197917 0.0296875
0 0.7520833 0.6296875 0.0187500 0.0515625
1 0.3520833 0.8113281 0.0395833 0.0273438
4 0.3166667 0.8179688 0.0270833 0.0359375
3 0.5515625 0.9296875 0.0208333 0.0296875
0 0.6091146 0.3152344 0.0359375 0.0335937
4 0.3791667 0.7937500 0.0302083 0.0546875
3 0.5906250 0.2605469 0.0416667 0.0273438
3 0.3713542 0.4031250 0.0322917 0.0546875
1 0.4325521 0.4738281 0.0213542 0.0523438
4 0.5299479 0.5472656 0.0203125 0.0289063
3 0.5742188 0.4093750 0.0182292 0.0359375
2 0.5481771 0.6820312 0.0369792 0.0421875
3 0.6236979 0.6812500 0.0244792 0.0640625
3 0.5059896 0.3011719 0.0223958 0.0398437
0 0.4223958 0.7738281 0.0229167 0.0320312
0 0.3427083 0.5832031 0.0218750 0.0460938
8 0.6429687 0.4167969 0.0359375 0.0382813
6 0.6281250 0.6269531 0.0343750 0.0601563
8 0.4630208 0.4355469 0.0427083 0.0429688
10 0.6333333 0.7300781 0.0281250 0.0445313
10 0.4497396 0.6781250 0.0255208 0.0593750
9 0.4328125 0.3511719 0.0354167 0.0414062
6 0.6614583 0.2750000 0.0416667 0.0406250
10 0.4187500 0.6042969 0.0375000 0.0414062
11 0.3617187 0.3511719 0.0411458 0.0523438
6 0.4059896 0.8132812 0.0265625 0.0625000
9 0.4101562 0.5285156 0.0390625 0.0445313
8 0.6536458 0.8199219 0.0406250 0.0632812
7 0.5554687 0.4949219 0.0348958 0.0351562
11 0.3096354 0.5441406 0.0380208 0.0382813
9 0.7218750 0.2531250 0.0375000 0.0359375
6 0.7190104 0.5625000 0.0401042 0.0468750
7 0.3932292 0.3667969 0.0354167 0.0351562
10 0.2083333 0.3691406 0.0270833 0.0429688
