2 0.3721354 0.4785156 0.0213542 0.0335937
4 0.4080729 0.5070313 0.0213542 0.0437500
2 0.6833333 0.5199219 0.0239583 0.0367188
0 0.6763021 0.2261719 0.0296875 0.0304687
0 0.5971354 0.2062500 0.0265625 0.0406250
4 0.5791667 0.2863281 0.0312500 0.0304687
0 0.7119792 0.5628906 0.0322917 0.0242188
11 0.6101562 0.6593750 0.0338542 0.0406250
8 0.4997396 0.6300781 0.0338542 0.0335937
10 0.6684896 0.1640625 0.0286458 0.0406250
7 0.6049479 0.3339844 0.0182292 0.0445313
8 0.6263021 0.5515625 0.0296875 0.0296875
11 0.5416667 0.5371094 0.0343750 0.0398437
11 0.6906250 0.1320312 0.0208333 0.0484375
11 0.4484375 0.6558594 0.0239583 0.0492187
8 0.6039062 0.7960938 0.0328125 0.0312500
11 0.5895833 0.1375000 0.0333333 0.0328125
8 0.5302083 0.6492187 0.0312500 0.0453125
10 0.6763021 0.5742188 0.0276042 0.0296875
