3 0.6718750 0.3726563 0.0197917 0.0296875
5 0.6843750 0.2632813 0.0197917 0.0218750
1 0.6190104 0.5464844 0.0119792 0.0289063
5 0.8229167 0.2750000 0.0208333 0.0203125
4 0.5940104 0.4406250 0.0244792 0.0203125
5 0.4348958 0.4726562 0.0135417 0.0312500
0 0.3796875 0.7683594 0.0166667 0.0335937
2 0.4700521 0.2398437 0.0151042 0.0171875
1 0.3651042 0.7648438 0.0250000 0.0265625
3 0.5041667 0.5925781 0.0177083 0.0195312
2 0.6192708 0.2890625 0.0125000 0.0390625
0 0.4833333 0.8597656 0.0135417 0.0382813
2 0.4843750 0.5640625 0.0208333 0.0171875
4 0.4109375 0.1835938 0.0177083 0.0203125
3 0.6065104 0.4800781 0.0234375 0.0164063
2 0.2145833 0.7640625 0.0197917 0.0171875
2 0.6369792 0.2164062 0.0145833 0.0328125
1 0.5822917 0.4765625 0.0135417 0.0312500
0 0.6291667 0.8269531 0.0250000 0.0195312
1 0.4942708 0.4179688 0.0125000 0.0203125
3 0.6486979 0.7367187 0.0234375 0.0265625
2 0.2601562 0.5878906 0.0223958 0.0195312
5 0.4312500 0.7832031 0.0156250 0.0257812
4 0.6513021 0.5867187 0.0223958 0.0203125
0 0.5054688 0.4847656 0.0130208 0.0257812
5 0.4627604 0.1542969 0.0140625 0.0351562
2 0.4440104 0.6449219 0.0244792 0.0148437
5 0.5010417 0.7535156 0.0218750 0.0210938
5 0.5476562 0.8597656 0.0265625 0.0210938
1 0.5257812 0.7843750 0.0171875 0.0359375
2 0.7822917 0.5781250 0.0166667 0.0187500
5 0.6513021 0.5261719 0.0109375 0.0179687
5 0.4286458 0.2582031 0.0239583 0.0148437
4 0.6304688 0.6039062 0.0213542 0.0140625
5 0.6075521 0.5082031 0.0234375 0.0273438
4 0.4648438 0.2570312 0.0161458 0.0187500
3 0.5864583 0.5074219 0.0239583 0.0226562
2 0.4242187 0.3714844 0.0140625 0.0195312
4 0.3692708 0.9070312 0.0250000 0.0171875
5 0.5945312 0.4867187 0.0203125 0.0171875
6 0.5450521 0.7843750 0.0151042 0.0234375
8 0.5377604 0.7203125 0.0182292 0.0375000
9 0.5940104 0.6082031 0.0244792 0.0367188
11 0.6299479 0.8687500 0.0223958 0.0234375
8 0.6838542 0.3550781 0.0239583 0.0304687
7 0.5638021 0.7000000 0.0151042 0.0359375
11 0.7106771 0.3769531 0.0244792 0.0242188
