2 0.6937500 0.5843750 0.0302083 0.0312500
4 0.6346354 0.5347656 0.0265625 0.0273438
2 0.5520833 0.3882813 0.0187500 0.0312500
3 0.5690104 0.1792969 0.0182292 0.0414062
0 0.5807292 0.5242187 0.0218750 0.0265625
5 0.4739583 0.2664063 0.0250000 0.0312500
5 0.4476562 0.4015625 0.0213542 0.0421875
0 0.4773438 0.2671875 0.0171875 0.0265625
0 0.3898437 0.4511719 0.0348958 0.0257812
4 0.6528646 0.2667969 0.0161458 0.0445313
5 0.5580729 0.2496094 0.0203125 0.0367188
1 0.7427083 0.5535156 0.0281250 0.0398437
5 0.4955729 0.4496094 0.0286458 0.0289063
0 0.5515625 0.5542969 0.0229167 0.0273438
2 0.5007812 0.4421875 0.0296875 0.0312500
2 0.5997396 0.1929687 0.0130208 0.0453125
3 0.3843750 0.7523437 0.0166667 0.0343750
3 0.5260417 0.3910156 0.0302083 0.0210938
0 0.6638021 0.6875000 0.0296875 0.0250000
5 0.4075521 0.5039062 0.0244792 0.0359375
1 0.2966146 0.7054687 0.0338542 0.0265625
3 0.6575521 0.5687500 0.0255208 0.0343750
3 0.2221354 0.7320313 0.0161458 0.0453125
2 0.7643229 0.4742188 0.0192708 0.0453125
4 0.7356771 0.2894531 0.0296875 0.0273438
4 0.5625000 0.6406250 0.0156250 0.0234375
4 0.6375000 0.6726562 0.0156250 0.0437500
2 0.7216146 0.8761719 0.0296875 0.0257812
4 0.3359375 0.3476562 0.0156250 0.0218750
5 0.3807292 0.4597656 0.0125000 0.0351562
2 0.4776042 0.9066406 0.0166667 0.0304687
1 0.6213542 0.6152344 0.0114583 0.0320312
4 0.4481771 0.3156250 0.0286458 0.0265625
2 0.6135417 0.6257812 0.0302083 0.0296875
0 0.3989583 0.4515625 0.0156250 0.0421875
0 0.5929688 0.6644531 0.0171875 0.0289063
10 0.2710938 0.3250000 0.0276042 0.0265625
8 0.3872396 0.2171875 0.0265625 0.0312500
6 0.4940104 0.3164062 0.0234375 0.0390625
7 0.5968750 0.7070312 0.0291667 0.0328125
9 0.6031250 0.6257812 0.0302083 0.0390625
8 0.5757813 0.1742188 0.0223958 0.0406250
6 0.6828125 0.5582031 0.0281250 0.0273438
