3 0.6458333 0.6285156 0.0093750 0.0164063
4 0.4414062 0.2132813 0.0265625 0.0156250
0 0.3205729 0.4222656 0.0130208 0.0382813
1 0.5942708 0.1683594 0.0177083 0.0210938
4 0.3075521 0.7152344 0.0151042 0.0398437
2 0.4643229 0.4058594 0.0182292 0.0351562
0 0.3812500 0.7386719 0.0125000 0.0210938
3 0.6591146 0.5914063 0.0255208 0.0312500
5 0.6750000 0.6980469 0.0156250 0.0289063
5 0.6023437 0.3781250 0.0182292 0.0203125
3 0.6057292 0.3019531 0.0260417 0.0210938
5 0.4820313 0.7328125 0.0244792 0.0312500
1 0.5976562 0.6843750 0.0192708 0.0203125
3 0.6005208 0.6132812 0.0135417 0.0359375
0 0.2872396 0.3832031 0.0171875 0.0257812
4 0.7278646 0.2585938 0.0286458 0.0187500
1 0.4625000 0.2820313 0.0156250 0.0171875
2 0.5601563 0.5230469 0.0244792 0.0273438
5 0.5817708 0.0777344 0.0156250 0.0414062
2 0.4190104 0.3855469 0.0255208 0.0179687
1 0.4286458 0.7855469 0.0239583 0.0273438
5 0.7078125 0.6562500 0.0281250 0.0203125
3 0.5229167 0.4839844 0.0208333 0.0226562
4 0.5859375 0.6515625 0.0177083 0.0265625
5 0.5739583 0.6730469 0.0187500 0.0429688
2 0.6171875 0.7859375 0.0197917 0.0421875
1 0.5140625 0.3519531 0.0156250 0.0382813
5 0.5976562 0.4792969 0.0119792 0.0351562
1 0.5505208 0.3964844 0.0250000 0.0304687
2 0.5372396 0.4449219 0.0140625 0.0195312
0 0.4507813 0.2031250 0.0161458 0.0281250
3 0.4229167 0.2203125 0.0239583 0.0343750
1 0.5143229 0.5292969 0.0276042 0.0210938
2 0.6955729 0.4867187 0.0203125 0.0281250
2 0.5825521 0.4070313 0.0130208 0.0343750
5 0.5789062 0.6250000 0.0255208 0.0281250
2 0.7351562 0.3933594 0.0130208 0.0242188
0 0.3666667 0.4015625 0.0177083 0.0234375
5 0.4354167 0.2089844 0.0208333 0.0273438
2 0.3869792 0.3851562 0.0270833 0.0187500
11 0.4744792 0.7406250 0.0250000 0.0328125
6 0.3979167 0.6511719 0.0260417 0.0351562
10 0.3632812 0.4339844 0.0244792 0.0273438
6 0.6989583 0.4531250 0.0250000 0.0296875
9 0.6333333 0.8457031 0.0187500 0.0273438
9 0.7361979 0.6597656 0.0276042 0.0273438
7 0.4122396 0.4566406 0.0265625 0.0320312
9 0.5187500 0.5492187 0.0156250 0.0281250
8 0.6713542 0.4992187 0.0250000 0.0296875
9 0.5635417 0.2898438 0.0177083 0.0359375
9 0.4812500 0.3613281 0.0177083 0.0398437
8 0.4750000 0.4765625 0.0260417 0.0390625
9 0.5565104 0.5281250 0.0244792 0.0234375
