0 0.4992187 0.2707031 0.0557292 0.1242188
2 0.4507813 0.5839844 0.0526042 0.1007813
0 0.3325521 0.1660156 0.0630208 0.0992187
0 0.6401042 0.2160156 0.0593750 0.1195313
0 0.5385417 0.7597656 0.0791667 0.0898438
3 0.4643229 0.3589844 0.0828125 0.0554687
3 0.2721354 0.3523438 0.0838542 0.0562500
1 0.5541667 0.4628906 0.0885417 0.0820312
2 0.5979167 0.5292969 0.0479167 0.0773438
6 0.3117187 0.5812500 0.0578125 0.1234375
7 0.5630208 0.4640625 0.0822917 0.0906250
7 0.2432292 0.8578125 0.0770833 0.0843750
10 0.4632812 0.5320312 0.0557292 0.0843750
10 0.5174479 0.0152344 0.0557292 0.0304687
