0 0.3317708 0.3242188 0.0322917 0.0421875
1 0.7682292 0.4597656 0.0281250 0.0398437
4 0.3515625 0.5539063 0.0291667 0.0312500
2 0.3815104 0.4585938 0.0171875 0.0359375
3 0.6442708 0.3542969 0.0322917 0.0242188
1 0.7130208 0.7160156 0.0312500 0.0226562
0 0.2731771 0.4312500 0.0359375 0.0281250
1 0.4760417 0.6933594 0.0166667 0.0273438
1 0.5075521 0.8042969 0.0328125 0.0226562
5 0.6294271 0.4390625 0.0359375 0.0328125
2 0.4830729 0.7546875 0.0307292 0.0312500
0 0.4830729 0.6937500 0.0307292 0.0375000
1 0.5781250 0.5382813 0.0260417 0.0406250
0 0.6924479 0.6621094 0.0369792 0.0304687
5 0.2841146 0.2308594 0.0182292 0.0429688
1 0.5424479 0.4238281 0.0296875 0.0242188
2 0.5812500 0.7632813 0.0208333 0.0578125
11 0.3825521 0.5355469 0.0307292 0.0398437
7 0.5856771 0.4214844 0.0317708 0.0492187
11 0.4968750 0.2695312 0.0333333 0.0328125
