1 0.4109375 0.2058594 0.0281250 0.0320312
2 0.7395833 0.6359375 0.0187500 0.0250000
8 0.3096354 0.6179687 0.0265625 0.0281250
11 0.5627604 0.1597656 0.0213542 0.0445313
11 0.6432292 0.7695312 0.0250000 0.0250000
8 0.7859375 0.4683594 0.0281250 0.0289063
8 0.5333333 0.7609375 0.0270833 0.0265625
8 0.5895833 0.7300781 0.0239583 0.0414062
8 0.4119792 0.5675781 0.0250000 0.0304687
8 0.3807292 0.3054688 0.0291667 0.0421875
9 0.6911458 0.4656250 0.0239583 0.0281250
7 0.4523437 0.2726562 0.0255208 0.0265625
6 0.5098958 0.3281250 0.0260417 0.0328125
6 0.5929688 0.6554688 0.0255208 0.0296875
6 0.3609375 0.4808594 0.0187500 0.0304687
8 0.7101563 0.5726562 0.0286458 0.0328125
10 0.5346354 0.5441406 0.0276042 0.0273438
9 0.6567708 0.3363281 0.0239583 0.0398437
10 0.6322917 0.1867187 0.0260417 0.0265625
