0 0.5263021 0.4996094 0.1567708 0.1539062
4 0.1971354 0.4476562 0.1473958 0.1406250
5 0.2895833 0.4773438 0.1437500 0.1015625
4 0.4075521 0.6910156 0.1536458 0.0992187
0 0.6414062 0.5523438 0.1005208 0.1515625
2 0.5838542 0.6882812 0.1177083 0.2281250
3 0.5734375 0.3027344 0.0864583 0.1992188
1 0.7755208 0.6882812 0.1156250 0.2390625
1 0.3940104 0.2144531 0.1234375 0.1945312
3 0.4562500 0.2292969 0.1083333 0.2242187
5 0.3838542 0.3492188 0.1375000 0.1109375
1 0.7197917 0.4265625 0.0833333 0.1109375
3 0.2927083 0.4898438 0.1145833 0.1468750
4 0.6257812 0.6816406 0.0994792 0.0960938
8 0.3359375 0.7199219 0.1333333 0.1335938
11 0.7174479 0.6558594 0.0901042 0.2054688
7 0.4463542 0.4949219 0.1520833 0.1585938
7 0.7078125 0.5101562 0.1500000 0.1453125
10 0.4687500 0.0222656 0.0593750 0.0445313
8 0.8033854 0.4464844 0.1609375 0.1523438
7 0.2216146 0.2261719 0.1401042 0.2070312
7 0.4906250 0.3406250 0.1322917 0.1296875
8 0.3085938 0.4230469 0.1171875 0.1632812
6 0.5341146 0.6285156 0.1296875 0.1273438
7 0.3986979 0.2726562 0.1348958 0.1296875
8 0.3203125 0.6792969 0.0864583 0.1289062
11 0.2934896 0.3402344 0.1307292 0.1304687
8 0.3591146 0.1355469 0.0963542 0.2242187
11 0.5572917 0.9050781 0.0927083 0.1882813
