0 0.2726562 0.3136719 0.0880208 0.0695313
1 0.4895833 0.0597656 0.0718750 0.1195313
4 0.3718750 0.5363281 0.0458333 0.1195313
0 0.6437500 0.5195312 0.1062500 0.0750000
3 0.4598958 0.7160156 0.0479167 0.1367188
1 0.3770833 0.2710938 0.0416667 0.0812500
1 0.2229167 0.6437500 0.0760417 0.1281250
2 0.4893229 0.5722656 0.0786458 0.0695313
0 0.3335938 0.6472656 0.0432292 0.0585938
2 0.3617187 0.4886719 0.1005208 0.0695313
0 0.6809896 0.6218750 0.0723958 0.1359375
3 0.3703125 0.6285156 0.0927083 0.1039063
3 0.5177083 0.6742187 0.0593750 0.0812500
4 0.6312500 0.7917969 0.0875000 0.0742188
1 0.6195312 0.1171875 0.0921875 0.0734375
2 0.2213542 0.6914062 0.0718750 0.1234375
3 0.5666667 0.8296875 0.0447917 0.1546875
5 0.4101562 0.7304688 0.0984375 0.0656250
2 0.6059896 0.2585938 0.0473958 0.1078125
3 0.6429687 0.3421875 0.0723958 0.1000000
0 0.4294271 0.5828125 0.0932292 0.0875000
3 0.4552083 0.4429688 0.0875000 0.0640625
5 0.5872396 0.8492188 0.0682292 0.1218750
3 0.6815104 0.2191406 0.1098958 0.0632812
3 0.7312500 0.4218750 0.0468750 0.0734375
0 0.7161458 0.3210938 0.0666667 0.0843750
4 0.5953125 0.7636719 0.0791667 0.0914062
2 0.3166667 0.0816406 0.0739583 0.0710937
4 0.4460938 0.6906250 0.0515625 0.0656250
3 0.8111979 0.4394531 0.0578125 0.1367188
3 0.4372396 0.5507812 0.0505208 0.1171875
1 0.6338542 0.1625000 0.0854167 0.0593750
3 0.5093750 0.3242188 0.0552083 0.1281250
0 0.5260417 0.9082031 0.0479167 0.0695313
4 0.5932292 0.7468750 0.0947917 0.0671875
0 0.3828125 0.6332031 0.0979167 0.0617188
5 0.7281250 0.3175781 0.0572917 0.1164063
1 0.3341146 0.4164062 0.0703125 0.0656250
1 0.3622396 0.1273438 0.0911458 0.1125000
3 0.4273438 0.1234375 0.0994792 0.0687500
3 0.6169271 0.5164062 0.0911458 0.0625000
11 0.3367188 0.8199219 0.0703125 0.0867187
6 0.4552083 0.7691406 0.0854167 0.0960938
6 0.6140625 0.5882812 0.0854167 0.0859375
7 0.3700521 0.0210938 0.0557292 0.0421875
6 0.4578125 0.0757812 0.0927083 0.1109375
11 0.3609375 0.4203125 0.0541667 0.1046875
10 0.5567708 0.6007813 0.0687500 0.1312500
10 0.5934896 0.3960938 0.0838542 0.0984375
10 0.4414062 0.3800781 0.0890625 0.1273438
8 0.4653646 0.5628906 0.0817708 0.0992187
7 0.6664062 0.4152344 0.0640625 0.1335938
6 0.2750000 0.2902344 0.0656250 0.0976562
9 0.3734375 0.8507813 0.0885417 0.1109375
9 0.5414062 0.2117188 0.0984375 0.1343750
6 0.4473958 0.6375000 0.0906250 0.0968750
7 0.6450521 0.2203125 0.0848958 0.1156250
9 0.6747396 0.7437500 0.0817708 0.1250000
