2 0.7109375 0.6035156 0.0218750 0.0257812
2 0.5825521 0.1593750 0.0161458 0.0265625
2 0.5721354 0.6781250 0.0223958 0.0250000
4 0.5906250 0.2605469 0.0156250 0.0164063
4 0.5760417 0.2378906 0.0135417 0.0367188
2 0.6518229 0.2214844 0.0276042 0.0210938
0 0.7200521 0.6789063 0.0223958 0.0218750
4 0.3825521 0.6937500 0.0192708 0.0359375
5 0.4328125 0.4101562 0.0166667 0.0281250
2 0.3354167 0.7761719 0.0145833 0.0367188
0 0.5908854 0.6667969 0.0140625 0.0351562
2 0.6781250 0.5269531 0.0281250 0.0242188
1 0.3666667 0.5410156 0.0187500 0.0304687
1 0.6424479 0.6128906 0.0161458 0.0351562
4 0.3317708 0.7285156 0.0135417 0.0179687
4 0.4661458 0.8007812 0.0145833 0.0343750
2 0.4184896 0.0875000 0.0255208 0.0203125
3 0.4372396 0.3613281 0.0140625 0.0367188
5 0.7031250 0.6183594 0.0239583 0.0164063
5 0.7205729 0.5093750 0.0255208 0.0250000
5 0.4677083 0.7625000 0.0135417 0.0281250
0 0.6932292 0.6824219 0.0250000 0.0242188
5 0.6710938 0.6839844 0.0119792 0.0320312
2 0.2757812 0.4539063 0.0255208 0.0281250
3 0.5007812 0.6421875 0.0213542 0.0140625
3 0.6773438 0.4628906 0.0161458 0.0289063
5 0.5817708 0.4664063 0.0187500 0.0156250
9 0.6588542 0.2746094 0.0229167 0.0226562
7 0.7916667 0.6664062 0.0250000 0.0234375
7 0.2783854 0.5093750 0.0151042 0.0265625
9 0.4135417 0.4375000 0.0177083 0.0390625
9 0.3049479 0.1554687 0.0244792 0.0265625
7 0.7218750 0.5210938 0.0239583 0.0328125
10 0.4815104 0.1691406 0.0213542 0.0304687
9 0.4906250 0.2765625 0.0177083 0.0406250
9 0.2671875 0.5179687 0.0239583 0.0265625
10 0.5544271 0.4839844 0.0255208 0.0242188
7 0.3427083 0.4832031 0.0250000 0.0289063
8 0.3932292 0.3394531 0.0250000 0.0257812
9 0.7166667 0.4160156 0.0260417 0.0242188
8 0.6229167 0.6347656 0.0218750 0.0210938
7 0.3755208 0.2988281 0.0229167 0.0226562
7 0.6859375 0.4695313 0.0218750 0.0234375
6 0.6914062 0.5832031 0.0244792 0.0242188
7 0.3598958 0.5187500 0.0250000 0.0234375
10 0.5809896 0.6722656 0.0223958 0.0289063
8 0.6065104 0.3078125 0.0234375 0.0343750
