5 0.6192708 0.1210938 0.0218750 0.0453125
0 0.3880208 0.5246094 0.0260417 0.0242188
4 0.5143229 0.4773438 0.0192708 0.0187500
1 0.7273437 0.5906250 0.0182292 0.0203125
1 0.6981771 0.7300781 0.0286458 0.0242188
3 0.6716146 0.5507812 0.0296875 0.0203125
0 0.4132812 0.5097656 0.0203125 0.0195312
5 0.4260417 0.6925781 0.0187500 0.0273438
0 0.4783854 0.5070313 0.0317708 0.0218750
0 0.5815104 0.8039063 0.0317708 0.0265625
1 0.6184896 0.2394531 0.0328125 0.0351562
4 0.6156250 0.6906250 0.0125000 0.0218750
5 0.4958333 0.4253906 0.0145833 0.0304687
4 0.5611979 0.4218750 0.0307292 0.0265625
5 0.4833333 0.0625000 0.0187500 0.0375000
3 0.3500000 0.2191406 0.0229167 0.0335937
2 0.5255208 0.5406250 0.0239583 0.0328125
0 0.3885417 0.5960937 0.0197917 0.0250000
2 0.3578125 0.2734375 0.0302083 0.0234375
2 0.5010417 0.7167969 0.0239583 0.0414062
1 0.6304688 0.6832031 0.0286458 0.0195312
4 0.5747396 0.6132812 0.0296875 0.0250000
3 0.2096354 0.2765625 0.0182292 0.0437500
5 0.6395833 0.5054688 0.0218750 0.0296875
2 0.7010417 0.6226563 0.0291667 0.0187500
5 0.3739583 0.0062500 0.0239583 0.0125000
5 0.3591146 0.7402344 0.0161458 0.0367188
4 0.6796875 0.4601562 0.0218750 0.0390625
1 0.5341146 0.2617188 0.0182292 0.0250000
3 0.4200521 0.8550781 0.0161458 0.0304687
5 0.5153646 0.6761719 0.0213542 0.0320312
0 0.4375000 0.3390625 0.0197917 0.0515625
4 0.5270833 0.7675781 0.0197917 0.0304687
2 0.8044271 0.5417969 0.0276042 0.0304687
2 0.6937500 0.7710938 0.0208333 0.0234375
2 0.4872396 0.5242187 0.0151042 0.0265625
3 0.4817708 0.3945312 0.0156250 0.0265625
0 0.7119792 0.2929688 0.0281250 0.0296875
5 0.4981771 0.7988281 0.0296875 0.0226562
2 0.6481771 0.6273437 0.0161458 0.0281250
5 0.6776042 0.4957031 0.0322917 0.0242188
5 0.6557292 0.6667969 0.0333333 0.0242188
1 0.2489583 0.6179687 0.0145833 0.0281250
1 0.4182292 0.2476562 0.0156250 0.0484375
5 0.5539063 0.4425781 0.0328125 0.0289063
1 0.4208333 0.5398437 0.0166667 0.0312500
1 0.4338542 0.6261719 0.0208333 0.0242188
5 0.6518229 0.8812500 0.0307292 0.0250000
2 0.6341146 0.5218750 0.0234375 0.0312500
5 0.6437500 0.4734375 0.0312500 0.0218750
4 0.2835937 0.4894531 0.0296875 0.0242188
5 0.4822917 0.8359375 0.0302083 0.0218750
0 0.6921875 0.5082031 0.0270833 0.0304687
5 0.6049479 0.5085937 0.0265625 0.0421875
4 0.5807292 0.2480469 0.0125000 0.0382813
2 0.5364583 0.7375000 0.0177083 0.0234375
2 0.4484375 0.7851562 0.0166667 0.0343750
0 0.2820313 0.4828125 0.0317708 0.0234375
5 0.5403646 0.6214844 0.0276042 0.0257812
1 0.4786458 0.1910156 0.0166667 0.0429688
5 0.6544271 0.8265625 0.0161458 0.0453125
4 0.5776042 0.2957031 0.0312500 0.0242188
4 0.6705729 0.5363281 0.0286458 0.0210938
0 0.7588542 0.2597656 0.0302083 0.0226562
3 0.7375000 0.5656250 0.0333333 0.0265625
5 0.6494792 0.3109375 0.0291667 0.0218750
2 0.5406250 0.4453125 0.0333333 0.0281250
5 0.5505208 0.2308594 0.0156250 0.0445313
8 0.6591146 0.3097656 0.0286458 0.0273438
8 0.5419271 0.5371094 0.0317708 0.0304687
7 0.4778646 0.8507813 0.0265625 0.0437500
9 0.5002604 0.8976563 0.0276042 0.0453125
8 0.5697917 0.2398437 0.0281250 0.0296875
10 0.3533854 0.7351562 0.0317708 0.0296875
8 0.4208333 0.3453125 0.0270833 0.0421875
6 0.5731771 0.3574219 0.0286458 0.0351562
9 0.6932292 0.4367187 0.0281250 0.0343750
10 0.3460937 0.1195313 0.0286458 0.0281250
11 0.5976562 0.3675781 0.0317708 0.0320312
10 0.5539063 0.7218750 0.0296875 0.0281250
11 0.4981771 0.5386719 0.0255208 0.0351562
