2 0.5604167 0.5718750 0.1197917 0.0843750
1 0.2138021 0.7703125 0.1119792 0.1078125
5 0.3518229 0.7429687 0.0682292 0.1828125
5 0.5898438 0.6363281 0.0734375 0.0882813
5 0.5619792 0.3796875 0.1072917 0.1625000
4 0.2565104 0.6066406 0.1276042 0.1132812
3 0.3666667 0.2062500 0.0937500 0.1218750
3 0.5945312 0.5070313 0.1151042 0.1281250
1 0.7778646 0.7179688 0.0703125 0.1750000
0 0.2708333 0.3683594 0.1291667 0.1179687
1 0.4710937 0.5562500 0.0609375 0.1000000
1 0.6752604 0.7328125 0.1213542 0.0890625
11 0.6156250 0.0933594 0.0906250 0.1648438
7 0.4588542 0.2960937 0.0770833 0.1656250
6 0.5541667 0.2933594 0.1156250 0.1945312
8 0.6484375 0.5167969 0.1291667 0.1257813
10 0.5645833 0.3046875 0.0895833 0.1281250
