3 0.6966146 0.3414063 0.0276042 0.0203125
0 0.3632812 0.6300781 0.0161458 0.0289063
5 0.4119792 0.6066406 0.0270833 0.0179687
3 0.2760417 0.6148438 0.0302083 0.0250000
2 0.1989583 0.5277344 0.0135417 0.0226562
0 0.4015625 0.6886719 0.0291667 0.0210938
0 0.2171875 0.5695313 0.0187500 0.0406250
5 0.5466146 0.2492187 0.0265625 0.0359375
2 0.6471354 0.1582031 0.0265625 0.0226562
5 0.5234375 0.2199219 0.0291667 0.0195312
1 0.3023438 0.3792969 0.0161458 0.0335937
2 0.4085937 0.8378906 0.0296875 0.0226562
3 0.3770833 0.2671875 0.0281250 0.0187500
3 0.4132812 0.5179687 0.0307292 0.0234375
2 0.4528646 0.3171875 0.0130208 0.0265625
3 0.3591146 0.5386719 0.0151042 0.0320312
7 0.7085938 0.4863281 0.0286458 0.0273438
6 0.3703125 0.2289063 0.0187500 0.0375000
8 0.6333333 0.7234375 0.0197917 0.0359375
11 0.4283854 0.2468750 0.0276042 0.0328125
