3 0.4638021 0.4425781 0.0588542 0.0414062
5 0.6796875 0.7652344 0.0291667 0.1085938
2 0.4416667 0.4261719 0.0541667 0.0570312
1 0.7161458 0.2390625 0.0697917 0.0437500
0 0.6416667 0.1660156 0.0322917 0.0960938
4 0.6729167 0.6671875 0.0354167 0.0562500
4 0.2312500 0.7421875 0.0489583 0.0750000
3 0.4369792 0.5019531 0.0531250 0.0648438
5 0.7197917 0.1441406 0.0343750 0.0945312
0 0.2721354 0.8453125 0.0682292 0.0437500
0 0.7236979 0.6496094 0.0588542 0.0429688
5 0.5013021 0.3867188 0.0526042 0.0562500
1 0.3312500 0.1742188 0.0520833 0.0468750
4 0.5315104 0.7468750 0.0453125 0.1000000
4 0.5580729 0.5417969 0.0536458 0.0648438
2 0.6986979 0.6753906 0.0307292 0.0929688
0 0.6041667 0.4210937 0.0302083 0.0609375
3 0.5210938 0.2628906 0.0328125 0.0976562
1 0.5619792 0.7960938 0.0677083 0.0437500
3 0.5445313 0.7617188 0.0536458 0.0609375
1 0.5135417 0.8441406 0.0572917 0.0632812
4 0.4903646 0.2777344 0.0630208 0.0476562
4 0.4776042 0.8394531 0.0468750 0.0585938
4 0.4549479 0.7085938 0.0578125 0.0468750
3 0.5937500 0.4242187 0.0656250 0.0468750
5 0.5940104 0.7562500 0.0588542 0.0656250
4 0.3989583 0.8718750 0.0385417 0.0921875
4 0.6799479 0.3464844 0.0630208 0.0554687
2 0.4348958 0.5941406 0.0614583 0.0414062
5 0.5091146 0.6460938 0.0296875 0.0953125
3 0.6049479 0.2554688 0.0401042 0.0796875
0 0.3231771 0.5195312 0.0359375 0.0515625
3 0.4125000 0.4316406 0.0395833 0.0570312
5 0.3546875 0.6511719 0.0666667 0.0429688
5 0.2932292 0.3546875 0.0354167 0.0609375
3 0.3093750 0.3953125 0.0447917 0.0468750
1 0.6817708 0.7378906 0.0312500 0.0476562
1 0.7783854 0.6449219 0.0598958 0.0476562
0 0.6369792 0.7351562 0.0614583 0.0531250
4 0.2565104 0.5093750 0.0671875 0.0453125
4 0.3263021 0.2421875 0.0557292 0.0468750
5 0.3643229 0.3027344 0.0442708 0.0429688
2 0.2830729 0.7066406 0.0526042 0.0648438
3 0.6255208 0.4628906 0.0625000 0.0492187
0 0.4442708 0.7738281 0.0625000 0.0773438
2 0.6036458 0.4546875 0.0447917 0.0468750
3 0.2768229 0.7410156 0.0286458 0.0523438
2 0.4380208 0.8273438 0.0375000 0.0625000
4 0.3135417 0.5402344 0.0500000 0.0695313
2 0.6364583 0.2355469 0.0583333 0.0742188
3 0.4036458 0.6507812 0.0468750 0.0656250
2 0.6382813 0.5527344 0.0723958 0.0554687
10 0.6690104 0.6058594 0.0421875 0.0960938
11 0.7835937 0.2585938 0.0494792 0.0968750
6 0.5148438 0.8000000 0.0619792 0.0765625
11 0.6143229 0.5527344 0.0692708 0.0726563
7 0.5450521 0.1972656 0.0630208 0.0695313
8 0.7203125 0.5160156 0.0593750 0.0820312
7 0.6809896 0.9035156 0.0578125 0.0570312
11 0.5867187 0.5074219 0.0598958 0.0585938
10 0.6447917 0.8808594 0.0614583 0.0585938
6 0.5638021 0.2703125 0.0432292 0.1015625
6 0.7132812 0.2335937 0.0421875 0.0953125
11 0.6611979 0.5890625 0.0661458 0.0734375
11 0.6356771 0.7179688 0.0578125 0.0562500
