2 0.5692708 0.3753906 0.0218750 0.0414062
4 0.7455729 0.3550781 0.0203125 0.0273438
1 0.7151042 0.5324219 0.0145833 0.0242188
2 0.3880208 0.4726562 0.0229167 0.0390625
2 0.6161458 0.8089844 0.0208333 0.0445313
3 0.4158854 0.7550781 0.0286458 0.0210938
0 0.6039062 0.5734375 0.0151042 0.0265625
3 0.3781250 0.6726562 0.0302083 0.0296875
1 0.4473958 0.9605469 0.0145833 0.0398437
0 0.3882813 0.2898438 0.0171875 0.0171875
2 0.5039062 0.9261719 0.0151042 0.0445313
1 0.4156250 0.1550781 0.0218750 0.0210938
1 0.6565104 0.3027344 0.0317708 0.0210938
3 0.6463542 0.3500000 0.0302083 0.0218750
2 0.5296875 0.5308594 0.0281250 0.0226562
1 0.6789063 0.5664062 0.0119792 0.0328125
3 0.5875000 0.2320312 0.0208333 0.0281250
2 0.4507813 0.3910156 0.0161458 0.0351562
0 0.3531250 0.4488281 0.0281250 0.0289063
1 0.5776042 0.2363281 0.0270833 0.0210938
4 0.7690104 0.1789062 0.0130208 0.0453125
1 0.5447917 0.3710938 0.0281250 0.0203125
1 0.4315104 0.5019531 0.0296875 0.0226562
0 0.5953125 0.2195313 0.0208333 0.0203125
4 0.6867188 0.4929688 0.0307292 0.0171875
0 0.2875000 0.6125000 0.0281250 0.0234375
1 0.4367187 0.4648438 0.0317708 0.0250000
5 0.4197917 0.4707031 0.0302083 0.0273438
5 0.3263021 0.5156250 0.0255208 0.0218750
4 0.3658854 0.5867187 0.0130208 0.0265625
4 0.6182292 0.5671875 0.0166667 0.0390625
5 0.6546875 0.2761719 0.0156250 0.0320312
2 0.7632813 0.3542969 0.0203125 0.0414062
0 0.5010417 0.7761719 0.0291667 0.0257812
0 0.3802083 0.4628906 0.0177083 0.0414062
5 0.3380208 0.5511719 0.0260417 0.0195312
2 0.4367187 0.2484375 0.0317708 0.0218750
5 0.5700521 0.7503906 0.0328125 0.0242188
5 0.6882812 0.6027344 0.0255208 0.0257812
3 0.2697917 0.5304688 0.0250000 0.0328125
2 0.4096354 0.1968750 0.0265625 0.0171875
1 0.6843750 0.5941406 0.0281250 0.0257812
3 0.5127604 0.2574219 0.0286458 0.0226562
1 0.6203125 0.4042969 0.0156250 0.0257812
4 0.6679688 0.3328125 0.0151042 0.0281250
5 0.7309896 0.6960937 0.0296875 0.0234375
2 0.3479167 0.7921875 0.0114583 0.0437500
1 0.7359375 0.5578125 0.0302083 0.0203125
0 0.3632812 0.2082031 0.0119792 0.0289063
0 0.3312500 0.6507812 0.0197917 0.0343750
4 0.4773438 0.4933594 0.0307292 0.0257812
4 0.3281250 0.3390625 0.0270833 0.0328125
2 0.5669271 0.2730469 0.0203125 0.0398437
4 0.5960937 0.7750000 0.0296875 0.0250000
4 0.6484375 0.3523438 0.0291667 0.0218750
4 0.7111979 0.7253906 0.0317708 0.0226562
0 0.3609375 0.2382812 0.0177083 0.0406250
5 0.5611979 0.6558594 0.0161458 0.0351562
1 0.3273437 0.1675781 0.0286458 0.0242188
2 0.5888021 0.2640625 0.0276042 0.0234375
4 0.6380208 0.5851563 0.0270833 0.0281250
0 0.4468750 0.2175781 0.0270833 0.0304687
3 0.5458333 0.5152344 0.0322917 0.0226562
3 0.5208333 0.2207031 0.0229167 0.0242188
5 0.5361979 0.5113281 0.0296875 0.0210938
11 0.4809896 0.1843750 0.0182292 0.0375000
10 0.6125000 0.7285156 0.0177083 0.0414062
9 0.3518229 0.2753906 0.0296875 0.0460938
8 0.3403646 0.6277344 0.0276042 0.0398437
