3 0.5919271 0.6046875 0.0223958 0.0203125
3 0.5304688 0.3800781 0.0265625 0.0210938
5 0.6518229 0.6566406 0.0296875 0.0210938
1 0.5697917 0.2007812 0.0135417 0.0234375
5 0.6351562 0.6617188 0.0151042 0.0437500
1 0.3335938 0.2871094 0.0286458 0.0210938
4 0.3242188 0.5015625 0.0265625 0.0218750
5 0.4523437 0.6312500 0.0140625 0.0359375
4 0.5210938 0.2304688 0.0192708 0.0281250
4 0.4177083 0.4828125 0.0291667 0.0218750
2 0.3557292 0.1835938 0.0187500 0.0359375
4 0.5276042 0.4531250 0.0135417 0.0250000
5 0.4877604 0.5492187 0.0244792 0.0312500
1 0.4265625 0.3859375 0.0270833 0.0218750
1 0.5265625 0.5898438 0.0197917 0.0343750
5 0.6596354 0.6101562 0.0151042 0.0421875
0 0.4572917 0.6355469 0.0197917 0.0257812
4 0.6908854 0.3226562 0.0192708 0.0359375
0 0.6791667 0.3855469 0.0281250 0.0257812
5 0.2796875 0.5765625 0.0229167 0.0296875
2 0.5156250 0.3398438 0.0187500 0.0218750
0 0.4799479 0.6375000 0.0192708 0.0218750
3 0.5666667 0.6695313 0.0281250 0.0203125
0 0.5718750 0.0128906 0.0218750 0.0257812
0 0.3609375 0.8550781 0.0260417 0.0273438
1 0.2270833 0.5140625 0.0229167 0.0343750
3 0.5713542 0.1660156 0.0208333 0.0351562
5 0.4635417 0.2527344 0.0250000 0.0242188
0 0.3520833 0.3339844 0.0260417 0.0335937
1 0.4937500 0.1558594 0.0135417 0.0414062
0 0.7611979 0.7718750 0.0255208 0.0218750
1 0.2455729 0.4941406 0.0265625 0.0179687
2 0.6130208 0.6285156 0.0156250 0.0445313
3 0.3994792 0.7644531 0.0187500 0.0242188
0 0.5372396 0.2367188 0.0171875 0.0203125
4 0.3505208 0.8187500 0.0145833 0.0375000
2 0.6794271 0.4699219 0.0255208 0.0273438
2 0.4515625 0.6933594 0.0145833 0.0351562
5 0.4351563 0.3671875 0.0140625 0.0187500
4 0.6505208 0.6871094 0.0270833 0.0242188
1 0.4270833 0.5222656 0.0291667 0.0195312
2 0.6153646 0.3699219 0.0296875 0.0289063
5 0.4151042 0.3933594 0.0291667 0.0257812
0 0.5195312 0.6726562 0.0296875 0.0203125
0 0.4911458 0.5957031 0.0177083 0.0257812
2 0.6315104 0.3667969 0.0213542 0.0210938
2 0.3484375 0.5972656 0.0229167 0.0304687
0 0.4385417 0.6105469 0.0229167 0.0195312
1 0.3570313 0.3234375 0.0161458 0.0406250
3 0.6270833 0.7285156 0.0281250 0.0320312
1 0.5325521 0.4023438 0.0213542 0.0343750
1 0.5244792 0.5519531 0.0270833 0.0242188
2 0.5367188 0.2656250 0.0276042 0.0187500
5 0.5229167 0.5089844 0.0166667 0.0226562
0 0.6846354 0.4238281 0.0151042 0.0476562
4 0.3742187 0.3488281 0.0192708 0.0273438
4 0.3471354 0.7558594 0.0223958 0.0242188
0 0.5630208 0.4054687 0.0197917 0.0312500
5 0.6276042 0.9074219 0.0218750 0.0382813
0 0.4729167 0.5226563 0.0177083 0.0250000
5 0.3414063 0.5652344 0.0161458 0.0367188
2 0.6111979 0.6863281 0.0203125 0.0445313
5 0.4697917 0.6671875 0.0135417 0.0312500
3 0.3158854 0.4882812 0.0140625 0.0421875
3 0.6963542 0.5789062 0.0291667 0.0250000
1 0.4807292 0.1222656 0.0291667 0.0210938
5 0.5776042 0.6464844 0.0312500 0.0226562
5 0.6497396 0.5375000 0.0234375 0.0187500
2 0.6333333 0.4671875 0.0208333 0.0343750
0 0.4953125 0.8304687 0.0145833 0.0406250
4 0.6757812 0.4710937 0.0286458 0.0203125
6 0.3744792 0.3214844 0.0250000 0.0335937
7 0.2424479 0.6789063 0.0286458 0.0281250
7 0.3763021 0.6519531 0.0265625 0.0398437
8 0.6432292 0.3738281 0.0291667 0.0289063
7 0.6651042 0.4121094 0.0270833 0.0398437
10 0.7354167 0.7691406 0.0187500 0.0429688
10 0.6606771 0.3246094 0.0234375 0.0257812
7 0.4476562 0.9457031 0.0276042 0.0351562
11 0.5385417 0.3527344 0.0260417 0.0289063
11 0.6557292 0.3492188 0.0208333 0.0375000
11 0.6921875 0.6496094 0.0270833 0.0273438
7 0.4567708 0.7722656 0.0177083 0.0429688
9 0.5346354 0.2789063 0.0255208 0.0265625
6 0.5742188 0.8394531 0.0213542 0.0257812
10 0.6630208 0.4492188 0.0197917 0.0343750
