4 0.5536458 0.6636719 0.0125000 0.0367188
4 0.3893229 0.5812500 0.0130208 0.0390625
0 0.5341146 0.8558594 0.0151042 0.0335937
0 0.5960937 0.4863281 0.0203125 0.0226562
1 0.5182292 0.6800781 0.0239583 0.0179687
1 0.6164063 0.1816406 0.0130208 0.0398437
3 0.5312500 0.8718750 0.0208333 0.0265625
4 0.2789063 0.3921875 0.0171875 0.0187500
2 0.7171875 0.3371094 0.0239583 0.0164063
4 0.5473958 0.4929688 0.0270833 0.0171875
0 0.3296875 0.6628906 0.0177083 0.0226562
1 0.6000000 0.4164062 0.0177083 0.0203125
3 0.4252604 0.4421875 0.0119792 0.0390625
3 0.5278646 0.5242187 0.0255208 0.0187500
1 0.4979167 0.3398438 0.0218750 0.0250000
2 0.4359375 0.2351563 0.0187500 0.0328125
3 0.4992187 0.6027344 0.0182292 0.0351562
4 0.7434896 0.3957031 0.0119792 0.0382813
3 0.5091146 0.5964844 0.0140625 0.0226562
4 0.5114583 0.4328125 0.0239583 0.0171875
2 0.6307292 0.2464844 0.0156250 0.0367188
3 0.6825521 0.3054688 0.0255208 0.0265625
4 0.6398438 0.6851563 0.0255208 0.0203125
0 0.2833333 0.4238281 0.0270833 0.0164063
1 0.6200521 0.6703125 0.0161458 0.0171875
2 0.5335937 0.5109375 0.0171875 0.0421875
2 0.5148438 0.1566406 0.0109375 0.0195312
0 0.4765625 0.5597656 0.0187500 0.0242188
5 0.7283854 0.4527344 0.0234375 0.0273438
2 0.5283854 0.2890625 0.0151042 0.0406250
0 0.5361979 0.3937500 0.0213542 0.0234375
1 0.7244792 0.5621094 0.0114583 0.0179687
5 0.5882812 0.7679687 0.0140625 0.0171875
2 0.6359375 0.4042969 0.0197917 0.0195312
3 0.4359375 0.5828125 0.0250000 0.0234375
3 0.7127604 0.1320312 0.0223958 0.0265625
0 0.5184896 0.6957031 0.0161458 0.0367188
4 0.5192708 0.1710937 0.0218750 0.0218750
2 0.3828125 0.3234375 0.0260417 0.0203125
2 0.3632812 0.2167969 0.0171875 0.0320312
4 0.4445312 0.3480469 0.0130208 0.0351562
4 0.6406250 0.5058594 0.0218750 0.0210938
1 0.2877604 0.4468750 0.0192708 0.0390625
1 0.5361979 0.4742188 0.0255208 0.0171875
4 0.5622396 0.4765625 0.0223958 0.0203125
2 0.6523438 0.5371094 0.0255208 0.0195312
4 0.4330729 0.3203125 0.0276042 0.0187500
1 0.4500000 0.4582031 0.0177083 0.0289063
3 0.6294271 0.3203125 0.0130208 0.0187500
4 0.3979167 0.2761719 0.0239583 0.0195312
0 0.4174479 0.8125000 0.0140625 0.0234375
7 0.5492187 0.6355469 0.0223958 0.0242188
8 0.5604167 0.2574219 0.0229167 0.0273438
7 0.6125000 0.8000000 0.0156250 0.0328125
8 0.6726562 0.9242187 0.0223958 0.0312500
10 0.6971354 0.6179687 0.0265625 0.0296875
10 0.4085937 0.4765625 0.0265625 0.0265625
