4 0.5690104 0.5605469 0.1109375 0.0710937
0 0.4572917 0.5515625 0.0656250 0.0750000
4 0.4778646 0.9109375 0.0578125 0.1765625
1 0.6731771 0.4996094 0.0765625 0.1757812
1 0.5289063 0.5039062 0.0619792 0.0796875
0 0.5695313 0.7167969 0.1296875 0.0882813
3 0.5815104 0.0964844 0.0890625 0.1835938
2 0.2606771 0.6210938 0.0755208 0.1171875
2 0.5786458 0.1734375 0.0645833 0.0703125
5 0.4531250 0.0839844 0.0447917 0.1679688
0 0.4442708 0.3542969 0.0885417 0.0835937
4 0.5697917 0.8851562 0.0750000 0.1640625
4 0.5997396 0.3898437 0.0817708 0.1484375
4 0.3164062 0.7972656 0.0838542 0.1679688
2 0.6250000 0.6093750 0.0781250 0.1859375
2 0.3804688 0.5050781 0.1088542 0.0757812
0 0.3541667 0.2289063 0.0520833 0.1750000
2 0.5356771 0.4875000 0.1223958 0.1265625
1 0.2507813 0.2851562 0.0942708 0.1015625
2 0.8468750 0.6203125 0.1208333 0.0890625
2 0.4122396 0.7007813 0.0828125 0.1484375
2 0.5565104 0.5839844 0.1161458 0.0726563
4 0.5869792 0.5199219 0.0760417 0.2023437
0 0.4718750 0.8210937 0.0864583 0.1046875
4 0.6752604 0.0523438 0.1057292 0.1046875
3 0.3382812 0.7929688 0.0859375 0.0843750
4 0.5966146 0.6230469 0.0744792 0.0929688
3 0.5528646 0.0804688 0.0890625 0.0875000
0 0.2940104 0.5058594 0.0703125 0.1070312
5 0.2679687 0.6636719 0.0609375 0.0929688
3 0.7354167 0.2695312 0.1322917 0.0750000
2 0.4367187 0.6910156 0.1130208 0.1101562
1 0.6492187 0.1628906 0.0609375 0.1992188
1 0.5742188 0.5304688 0.1265625 0.0937500
0 0.6296875 0.0300781 0.0520833 0.0601563
0 0.3221354 0.2609375 0.1161458 0.1031250
1 0.2893229 0.4902344 0.0973958 0.1507813
1 0.6276042 0.6511719 0.1145833 0.0679687
1 0.7039062 0.7265625 0.0682292 0.1765625
1 0.4750000 0.2613281 0.0625000 0.1960938
0 0.6528646 0.2292969 0.0682292 0.1835938
2 0.7067708 0.4074219 0.1343750 0.0835937
4 0.4455729 0.5714844 0.0765625 0.0929688
4 0.5841146 0.3617187 0.0838542 0.1109375
5 0.6502604 0.6937500 0.1171875 0.0781250
4 0.3786458 0.5453125 0.1062500 0.1234375
4 0.4054687 0.2019531 0.1109375 0.0679687
5 0.4781250 0.2914062 0.0916667 0.0859375
1 0.6789063 0.5929688 0.1307292 0.1078125
5 0.4148438 0.5316406 0.0838542 0.1023437
3 0.5609375 0.6531250 0.0677083 0.1250000
2 0.4617188 0.8191406 0.0880208 0.1242188
3 0.3684896 0.2589844 0.1140625 0.1101562
3 0.6690104 0.8132812 0.1151042 0.0734375
1 0.5273438 0.8843750 0.1088542 0.1187500
5 0.5317708 0.1125000 0.0729167 0.1296875
4 0.4747396 0.2625000 0.1223958 0.0968750
3 0.3325521 0.7988281 0.1026042 0.1132812
1 0.7773438 0.4371094 0.1296875 0.1039063
1 0.4869792 0.6562500 0.0729167 0.1625000
0 0.4705729 0.5250000 0.0671875 0.0984375
3 0.7520833 0.4941406 0.1322917 0.0898438
2 0.6778646 0.2953125 0.1244792 0.0656250
1 0.7473958 0.3843750 0.0677083 0.1421875
0 0.6083333 0.8808594 0.1020833 0.1351563
1 0.4533854 0.4312500 0.0838542 0.1531250
6 0.4841146 0.5328125 0.0911458 0.1187500
