5 0.5580729 0.8781250 0.0276042 0.0250000
0 0.6703125 0.2207031 0.0197917 0.0367188
1 0.3695312 0.3871094 0.0161458 0.0351562
3 0.4981771 0.1542969 0.0234375 0.0335937
5 0.6703125 0.4605469 0.0166667 0.0351562
2 0.6927083 0.6351562 0.0270833 0.0296875
1 0.7148438 0.6246094 0.0171875 0.0367188
3 0.6455729 0.7417969 0.0276042 0.0164063
5 0.6075521 0.4449219 0.0203125 0.0335937
2 0.4986979 0.7921875 0.0192708 0.0375000
2 0.6161458 0.5730469 0.0291667 0.0226562
1 0.5247396 0.3269531 0.0182292 0.0257812
5 0.4973958 0.4222656 0.0135417 0.0429688
1 0.5500000 0.5718750 0.0229167 0.0328125
4 0.7533854 0.3191406 0.0182292 0.0351562
3 0.6893229 0.3625000 0.0203125 0.0328125
5 0.6916667 0.3925781 0.0302083 0.0226562
2 0.6619792 0.8566406 0.0250000 0.0226562
2 0.6031250 0.7375000 0.0291667 0.0218750
0 0.7085938 0.4828125 0.0276042 0.0234375
1 0.5059896 0.3871094 0.0119792 0.0242188
1 0.6755208 0.5312500 0.0177083 0.0406250
5 0.6851563 0.2781250 0.0307292 0.0203125
4 0.2817708 0.4042969 0.0135417 0.0289063
1 0.3953125 0.5632812 0.0218750 0.0359375
4 0.6484375 0.2527344 0.0187500 0.0382813
1 0.4622396 0.8277344 0.0192708 0.0414062
2 0.6458333 0.4414062 0.0250000 0.0203125
0 0.3356771 0.5445313 0.0171875 0.0359375
0 0.5742188 0.2949219 0.0119792 0.0367188
5 0.6364583 0.7050781 0.0229167 0.0210938
2 0.4075521 0.6101562 0.0192708 0.0234375
0 0.5773438 0.6687500 0.0223958 0.0312500
4 0.7669271 0.4058594 0.0244792 0.0335937
3 0.4789062 0.7187500 0.0161458 0.0203125
3 0.6218750 0.3347656 0.0187500 0.0351562
4 0.6703125 0.5320312 0.0291667 0.0203125
3 0.5838542 0.3156250 0.0250000 0.0203125
1 0.3611979 0.6136719 0.0223958 0.0382813
1 0.7445312 0.8425781 0.0276042 0.0210938
3 0.5007812 0.7058594 0.0203125 0.0382813
2 0.4809896 0.2882812 0.0161458 0.0218750
6 0.5481771 0.6730469 0.0276042 0.0273438
6 0.3307292 0.5523438 0.0250000 0.0265625
