4 0.6518229 0.2667969 0.0161458 0.0226562
3 0.5973958 0.5496094 0.0354167 0.0414062
1 0.6882812 0.5890625 0.0369792 0.0296875
3 0.5479167 0.5292969 0.0343750 0.0257812
3 0.5880208 0.7644531 0.0322917 0.0210938
3 0.5145833 0.2875000 0.0208333 0.0500000
0 0.3218750 0.4347656 0.0281250 0.0429688
4 0.5565104 0.6371094 0.0223958 0.0523438
0 0.6091146 0.6882812 0.0317708 0.0328125
1 0.3359375 0.2277344 0.0291667 0.0351562
3 0.6979167 0.5250000 0.0322917 0.0359375
1 0.6395833 0.6554688 0.0177083 0.0296875
5 0.4695313 0.1433594 0.0369792 0.0304687
2 0.4031250 0.2187500 0.0281250 0.0296875
0 0.6281250 0.5480469 0.0302083 0.0335937
0 0.6140625 0.7164063 0.0354167 0.0343750
4 0.4690104 0.4062500 0.0203125 0.0390625
2 0.5716146 0.5300781 0.0390625 0.0304687
5 0.5544271 0.6324219 0.0223958 0.0476562
3 0.6346354 0.5597656 0.0171875 0.0351562
4 0.6044271 0.6410156 0.0130208 0.0257812
2 0.5445313 0.7750000 0.0369792 0.0281250
2 0.5476562 0.1714844 0.0328125 0.0273438
2 0.5744792 0.5917969 0.0218750 0.0210938
0 0.2619792 0.2937500 0.0177083 0.0375000
1 0.3890625 0.7898437 0.0177083 0.0421875
3 0.5372396 0.7234375 0.0223958 0.0343750
3 0.4911458 0.6355469 0.0395833 0.0351562
1 0.6614583 0.6550781 0.0281250 0.0382813
4 0.6500000 0.4007812 0.0385417 0.0265625
4 0.4632812 0.5972656 0.0223958 0.0460938
4 0.6445312 0.8316406 0.0369792 0.0257812
5 0.4322917 0.4992187 0.0385417 0.0281250
3 0.5458333 0.2417969 0.0270833 0.0507812
0 0.6507812 0.3183594 0.0338542 0.0273438
4 0.8015625 0.5250000 0.0333333 0.0281250
5 0.5304688 0.6175781 0.0234375 0.0304687
1 0.3742187 0.2890625 0.0234375 0.0468750
4 0.5166667 0.7726563 0.0354167 0.0343750
4 0.3325521 0.6375000 0.0244792 0.0265625
2 0.5223958 0.2644531 0.0208333 0.0507812
5 0.4127604 0.6570312 0.0182292 0.0437500
2 0.7945313 0.5960937 0.0328125 0.0281250
0 0.3765625 0.6402344 0.0385417 0.0273438
3 0.5882812 0.7449219 0.0265625 0.0523438
1 0.4046875 0.6164063 0.0197917 0.0531250
0 0.6937500 0.4257812 0.0343750 0.0343750
1 0.4229167 0.8066406 0.0291667 0.0242188
5 0.5898438 0.4667969 0.0421875 0.0289063
1 0.5289063 0.5671875 0.0338542 0.0265625
3 0.6656250 0.6277344 0.0406250 0.0273438
5 0.4203125 0.7621094 0.0166667 0.0320312
9 0.5669271 0.3816406 0.0317708 0.0367188
7 0.5437500 0.9210938 0.0322917 0.0328125
8 0.6518229 0.2500000 0.0255208 0.0515625
6 0.4588542 0.4199219 0.0333333 0.0335937
6 0.6031250 0.7183594 0.0312500 0.0304687
6 0.3552083 0.8535156 0.0218750 0.0320312
6 0.7080729 0.6699219 0.0359375 0.0367188
