0 0.4885417 0.8933594 0.0218750 0.0445313
1 0.5757813 0.6574219 0.0265625 0.0414062
1 0.4356771 0.6253906 0.0338542 0.0273438
4 0.2559896 0.6398438 0.0307292 0.0343750
3 0.4304688 0.3140625 0.0223958 0.0265625
0 0.5864583 0.7062500 0.0302083 0.0390625
1 0.5289063 0.6078125 0.0328125 0.0234375
4 0.4757812 0.2093750 0.0317708 0.0281250
4 0.5039062 0.7898437 0.0296875 0.0390625
4 0.6265625 0.4746094 0.0322917 0.0226562
2 0.3466146 0.7078125 0.0296875 0.0265625
1 0.3609375 0.3792969 0.0354167 0.0351562
5 0.6453125 0.8878906 0.0333333 0.0273438
0 0.5872396 0.5894531 0.0338542 0.0242188
0 0.5734375 0.5605469 0.0364583 0.0257812
3 0.5458333 0.7167969 0.0343750 0.0335937
0 0.3385417 0.6968750 0.0354167 0.0296875
4 0.3080729 0.1261719 0.0359375 0.0226562
5 0.6052083 0.5546875 0.0218750 0.0234375
0 0.3502604 0.4734375 0.0171875 0.0406250
4 0.4197917 0.3796875 0.0281250 0.0359375
4 0.5278646 0.1250000 0.0265625 0.0281250
1 0.5135417 0.5902344 0.0322917 0.0226562
1 0.7895833 0.5550781 0.0260417 0.0289063
5 0.3083333 0.5667969 0.0177083 0.0539063
3 0.6169271 0.5703125 0.0192708 0.0265625
3 0.3281250 0.6996094 0.0250000 0.0289063
3 0.6580729 0.5718750 0.0171875 0.0546875
0 0.3911458 0.3507812 0.0343750 0.0250000
2 0.5406250 0.2289063 0.0375000 0.0343750
2 0.2859375 0.3410156 0.0239583 0.0257812
5 0.5096354 0.2070312 0.0255208 0.0500000
1 0.5351562 0.5414062 0.0203125 0.0453125
10 0.5890625 0.0562500 0.0208333 0.0500000
8 0.6906250 0.2480469 0.0312500 0.0320312
11 0.6734375 0.4875000 0.0322917 0.0453125
10 0.4484375 0.3371094 0.0260417 0.0507812
8 0.3348958 0.5308594 0.0208333 0.0476562
7 0.4911458 0.1535156 0.0312500 0.0304687
10 0.2692708 0.4578125 0.0312500 0.0296875
10 0.7221354 0.6480469 0.0234375 0.0507812
6 0.5692708 0.4339844 0.0364583 0.0445313
9 0.6606771 0.3785156 0.0317708 0.0320312
11 0.6968750 0.6468750 0.0333333 0.0328125
