5 0.2531250 0.5074219 0.0458333 0.0664062
3 0.6406250 0.4285156 0.0250000 0.0351562
0 0.6395833 0.7531250 0.0479167 0.0468750
4 0.4484375 0.7476563 0.0385417 0.0484375
3 0.6601562 0.2800781 0.0359375 0.0726563
5 0.5348958 0.5828125 0.0260417 0.0453125
9 0.7799479 0.3496094 0.0421875 0.0617188
10 0.5356771 0.3964844 0.0359375 0.0726563
7 0.6250000 0.6855469 0.0510417 0.0570312
8 0.4617188 0.3085938 0.0317708 0.0484375
11 0.6750000 0.2046875 0.0458333 0.0718750
9 0.3911458 0.2828125 0.0468750 0.0546875
8 0.2684896 0.5808594 0.0546875 0.0679687
7 0.3770833 0.8335938 0.0562500 0.0562500
