3 0.7145833 0.2625000 0.0333333 0.0500000
5 0.6085938 0.6257812 0.0338542 0.0265625
1 0.6713542 0.4589844 0.0406250 0.0335937
2 0.5822917 0.8488281 0.0260417 0.0257812
3 0.6458333 0.3625000 0.0291667 0.0343750
1 0.5101562 0.6527344 0.0390625 0.0257812
5 0.7132812 0.4312500 0.0255208 0.0531250
0 0.3861979 0.8238281 0.0390625 0.0242188
5 0.2460938 0.2531250 0.0338542 0.0390625
5 0.6497396 0.3859375 0.0276042 0.0390625
5 0.5750000 0.0585938 0.0260417 0.0484375
0 0.5302083 0.2683594 0.0156250 0.0523438
0 0.6000000 0.4773438 0.0343750 0.0250000
5 0.5554687 0.6578125 0.0390625 0.0328125
4 0.5010417 0.2648437 0.0270833 0.0546875
0 0.3812500 0.7984375 0.0354167 0.0265625
5 0.2872396 0.6445312 0.0317708 0.0328125
1 0.6382813 0.4261719 0.0401042 0.0367188
3 0.5713542 0.5808594 0.0260417 0.0335937
2 0.2307292 0.3929687 0.0364583 0.0312500
3 0.6591146 0.0785156 0.0161458 0.0460938
0 0.4791667 0.7500000 0.0177083 0.0312500
5 0.7289062 0.5214844 0.0203125 0.0367188
3 0.4403646 0.2308594 0.0296875 0.0429688
0 0.4606771 0.4218750 0.0296875 0.0437500
4 0.5640625 0.7156250 0.0197917 0.0421875
5 0.6039062 0.5156250 0.0348958 0.0328125
1 0.6526042 0.1429688 0.0250000 0.0453125
2 0.3812500 0.2640625 0.0364583 0.0234375
1 0.5611979 0.7464844 0.0213542 0.0351562
2 0.3588542 0.3605469 0.0395833 0.0304687
2 0.7182292 0.3531250 0.0229167 0.0375000
2 0.6888021 0.8023438 0.0401042 0.0312500
1 0.4414062 0.5105469 0.0338542 0.0414062
2 0.6335937 0.7347656 0.0348958 0.0382813
3 0.3580729 0.2156250 0.0348958 0.0218750
5 0.3664062 0.1277344 0.0276042 0.0351562
2 0.3296875 0.4398437 0.0166667 0.0546875
1 0.5588542 0.5089844 0.0406250 0.0304687
4 0.6958333 0.6894531 0.0343750 0.0289063
3 0.3265625 0.7078125 0.0250000 0.0546875
4 0.6416667 0.6039062 0.0270833 0.0453125
1 0.3093750 0.5308594 0.0385417 0.0351562
4 0.5278646 0.4183594 0.0369792 0.0289063
3 0.3046875 0.8351563 0.0281250 0.0406250
0 0.5158854 0.2785156 0.0161458 0.0398437
3 0.3291667 0.3632812 0.0187500 0.0625000
0 0.5619792 0.7371094 0.0270833 0.0289063
2 0.5356771 0.5941406 0.0328125 0.0242188
2 0.5859375 0.2710938 0.0364583 0.0265625
5 0.4492188 0.8046875 0.0171875 0.0406250
5 0.4786458 0.7445312 0.0218750 0.0593750
5 0.5708333 0.8750000 0.0312500 0.0390625
1 0.3088542 0.5054688 0.0354167 0.0281250
4 0.5627604 0.7218750 0.0203125 0.0265625
0 0.5645833 0.7312500 0.0406250 0.0265625
6 0.3958333 0.7699219 0.0250000 0.0507812
6 0.3398438 0.8582031 0.0338542 0.0398437
7 0.3919271 0.4019531 0.0265625 0.0492187
9 0.5625000 0.6625000 0.0312500 0.0328125
6 0.3169271 0.7609375 0.0234375 0.0546875
7 0.4567708 0.4375000 0.0333333 0.0328125
7 0.3585937 0.5566406 0.0276042 0.0367188
7 0.6484375 0.3722656 0.0343750 0.0335937
