3 0.5908854 0.1699219 0.0359375 0.0242188
2 0.3210938 0.3640625 0.0401042 0.0375000
2 0.6088542 0.7515625 0.0364583 0.0437500
1 0.6960937 0.2160156 0.0380208 0.0242188
4 0.6544271 0.4113281 0.0223958 0.0554687
1 0.6380208 0.5878906 0.0270833 0.0320312
5 0.6684896 0.7378906 0.0421875 0.0304687
2 0.6989583 0.7171875 0.0187500 0.0562500
2 0.4828125 0.7250000 0.0197917 0.0609375
3 0.5174479 0.6269531 0.0411458 0.0320312
1 0.6299479 0.8265625 0.0276042 0.0281250
5 0.7348958 0.5800781 0.0302083 0.0492187
0 0.2994792 0.6343750 0.0312500 0.0406250
2 0.6054688 0.4746094 0.0390625 0.0367188
5 0.5734375 0.5171875 0.0302083 0.0312500
0 0.3341146 0.1882813 0.0359375 0.0359375
3 0.6098958 0.3425781 0.0343750 0.0414062
2 0.4247396 0.8003906 0.0359375 0.0445313
3 0.4437500 0.7285156 0.0229167 0.0476562
0 0.5591146 0.4257812 0.0244792 0.0437500
1 0.4723958 0.1898438 0.0229167 0.0609375
0 0.6356771 0.1820313 0.0182292 0.0312500
3 0.4039063 0.5414062 0.0380208 0.0328125
1 0.7020833 0.6535156 0.0270833 0.0320312
4 0.4315104 0.6027344 0.0390625 0.0320312
3 0.5877604 0.6085938 0.0380208 0.0312500
4 0.4138021 0.3671875 0.0401042 0.0296875
1 0.5502604 0.7175781 0.0286458 0.0273438
4 0.4536458 0.2730469 0.0385417 0.0273438
4 0.5281250 0.3605469 0.0177083 0.0289063
0 0.5338542 0.2371094 0.0364583 0.0367188
5 0.5265625 0.4406250 0.0406250 0.0328125
2 0.3625000 0.3882813 0.0385417 0.0281250
4 0.4742188 0.8640625 0.0328125 0.0359375
2 0.6677083 0.3964844 0.0416667 0.0367188
4 0.4526042 0.7589844 0.0197917 0.0617188
5 0.3908854 0.7632813 0.0192708 0.0468750
4 0.6416667 0.4796875 0.0364583 0.0281250
0 0.7031250 0.2328125 0.0406250 0.0250000
2 0.5565104 0.8156250 0.0276042 0.0546875
5 0.2252604 0.1921875 0.0192708 0.0578125
1 0.6981771 0.2101562 0.0401042 0.0234375
4 0.6497396 0.7128906 0.0348958 0.0351562
1 0.5294271 0.6535156 0.0276042 0.0429688
2 0.5760417 0.3687500 0.0166667 0.0500000
0 0.4286458 0.1382812 0.0187500 0.0609375
2 0.4562500 0.1398437 0.0229167 0.0562500
3 0.7346354 0.4753906 0.0171875 0.0304687
4 0.3031250 0.3609375 0.0343750 0.0265625
1 0.5817708 0.4058594 0.0187500 0.0507812
2 0.3989583 0.3523438 0.0395833 0.0296875
0 0.4156250 0.5785156 0.0416667 0.0242188
2 0.4864583 0.1941406 0.0197917 0.0585938
0 0.6026042 0.4960938 0.0312500 0.0468750
1 0.3807292 0.6628906 0.0322917 0.0367188
1 0.5424479 0.5652344 0.0192708 0.0351562
3 0.3135417 0.6429687 0.0187500 0.0375000
0 0.3789062 0.4035156 0.0223958 0.0570312
3 0.4846354 0.5320312 0.0255208 0.0296875
0 0.5781250 0.3988281 0.0322917 0.0289063
4 0.5026042 0.5078125 0.0395833 0.0296875
1 0.5815104 0.7421875 0.0411458 0.0250000
4 0.4809896 0.5179687 0.0265625 0.0359375
2 0.6135417 0.7910156 0.0250000 0.0554687
5 0.4528646 0.8054687 0.0369792 0.0281250
5 0.6054688 0.3316406 0.0359375 0.0414062
1 0.3427083 0.4621094 0.0375000 0.0289063
11 0.5679688 0.7078125 0.0359375 0.0437500
6 0.6578125 0.2730469 0.0322917 0.0570312
8 0.4778646 0.6421875 0.0223958 0.0515625
11 0.3906250 0.6656250 0.0354167 0.0343750
9 0.7002604 0.4585938 0.0359375 0.0468750
9 0.3976562 0.7558594 0.0276042 0.0539063
6 0.5234375 0.5597656 0.0343750 0.0460938
9 0.6682292 0.3648438 0.0239583 0.0515625
10 0.6000000 0.2921875 0.0239583 0.0359375
9 0.5497396 0.5035156 0.0338542 0.0414062
