5 0.5895833 0.3285156 0.0250000 0.0179687
4 0.2031250 0.3906250 0.0239583 0.0187500
3 0.4044271 0.5804687 0.0119792 0.0296875
4 0.2627604 0.4000000 0.0119792 0.0234375
4 0.6408854 0.9191406 0.0223958 0.0273438
3 0.6010417 0.7609375 0.0166667 0.0375000
5 0.3921875 0.3199219 0.0260417 0.0195312
5 0.5208333 0.4093750 0.0208333 0.0265625
0 0.3289063 0.7050781 0.0203125 0.0226562
0 0.3507812 0.4441406 0.0234375 0.0226562
3 0.5359375 0.5445313 0.0114583 0.0203125
4 0.6096354 0.6222656 0.0151042 0.0179687
4 0.5807292 0.5082031 0.0208333 0.0179687
4 0.6817708 0.4113281 0.0197917 0.0320312
5 0.4341146 0.8437500 0.0223958 0.0234375
1 0.5505208 0.5738281 0.0177083 0.0320312
4 0.6145833 0.7660156 0.0197917 0.0164063
4 0.6236979 0.3449219 0.0140625 0.0351562
0 0.4679687 0.4492188 0.0255208 0.0187500
3 0.4934896 0.8335938 0.0244792 0.0234375
1 0.4981771 0.2593750 0.0130208 0.0375000
5 0.2690104 0.6339844 0.0109375 0.0164063
4 0.2848958 0.2253906 0.0260417 0.0164063
4 0.6169271 0.1406250 0.0223958 0.0218750
0 0.7507812 0.5902344 0.0276042 0.0179687
1 0.5705729 0.3625000 0.0223958 0.0296875
0 0.4757812 0.7726563 0.0192708 0.0281250
2 0.4312500 0.7402344 0.0156250 0.0289063
1 0.3877604 0.5929688 0.0223958 0.0234375
1 0.4236979 0.4238281 0.0203125 0.0226562
5 0.6289062 0.3390625 0.0119792 0.0390625
0 0.2877604 0.7550781 0.0161458 0.0257812
0 0.4690104 0.2261719 0.0161458 0.0226562
2 0.3593750 0.7550781 0.0125000 0.0335937
4 0.5520833 0.4757812 0.0125000 0.0375000
5 0.5812500 0.5531250 0.0218750 0.0281250
0 0.6218750 0.8535156 0.0260417 0.0179687
1 0.6593750 0.1796875 0.0250000 0.0187500
2 0.6786458 0.5847656 0.0208333 0.0179687
4 0.2778646 0.2152344 0.0276042 0.0164063
4 0.5830729 0.4882812 0.0213542 0.0281250
2 0.6273437 0.3484375 0.0140625 0.0156250
0 0.4539063 0.4769531 0.0234375 0.0164063
3 0.3958333 0.4906250 0.0187500 0.0187500
1 0.6208333 0.6613281 0.0197917 0.0148437
2 0.6291667 0.6550781 0.0135417 0.0210938
3 0.6049479 0.6800781 0.0119792 0.0210938
0 0.4291667 0.3988281 0.0125000 0.0335937
5 0.4427083 0.0562500 0.0166667 0.0343750
2 0.4455729 0.4175781 0.0192708 0.0148437
3 0.3182292 0.3753906 0.0135417 0.0289063
1 0.3812500 0.7273437 0.0125000 0.0312500
0 0.6067708 0.3449219 0.0156250 0.0226562
3 0.4997396 0.4816406 0.0234375 0.0164063
0 0.3580729 0.6496094 0.0161458 0.0304687
1 0.3976562 0.4277344 0.0140625 0.0382813
0 0.7171875 0.2617188 0.0239583 0.0281250
3 0.6330729 0.3617187 0.0098958 0.0234375
2 0.4148438 0.7062500 0.0192708 0.0296875
5 0.6098958 0.5667969 0.0229167 0.0179687
5 0.7726563 0.4277344 0.0234375 0.0257812
3 0.3484375 0.4136719 0.0260417 0.0195312
1 0.3294271 0.3007812 0.0130208 0.0265625
5 0.5117188 0.6363281 0.0213542 0.0164063
1 0.3223958 0.5839844 0.0135417 0.0210938
1 0.7786458 0.5261719 0.0239583 0.0242188
0 0.6716146 0.1675781 0.0255208 0.0179687
2 0.7408854 0.2578125 0.0234375 0.0203125
1 0.5835938 0.7039062 0.0244792 0.0187500
1 0.3559896 0.6437500 0.0255208 0.0281250
5 0.3393229 0.5988281 0.0161458 0.0351562
0 0.5950521 0.3183594 0.0171875 0.0195312
7 0.4062500 0.4679687 0.0177083 0.0328125
11 0.6010417 0.5628906 0.0187500 0.0242188
6 0.7440104 0.5863281 0.0255208 0.0304687
7 0.3997396 0.2371094 0.0151042 0.0351562
10 0.7601562 0.6843750 0.0234375 0.0234375
