2 0.6539063 0.2210938 0.0171875 0.0187500
1 0.6549479 0.5605469 0.0213542 0.0429688
3 0.3497396 0.3609375 0.0182292 0.0453125
1 0.4859375 0.4468750 0.0343750 0.0234375
3 0.7125000 0.7445312 0.0197917 0.0531250
0 0.7080729 0.6097656 0.0296875 0.0367188
3 0.2789063 0.4351563 0.0348958 0.0265625
0 0.3979167 0.3667969 0.0354167 0.0257812
0 0.4307292 0.3550781 0.0302083 0.0210938
3 0.4562500 0.6054688 0.0229167 0.0421875
0 0.3570313 0.9300781 0.0276042 0.0273438
1 0.3783854 0.2308594 0.0140625 0.0398437
0 0.3755208 0.0835937 0.0218750 0.0484375
4 0.4075521 0.1914062 0.0307292 0.0265625
5 0.3734375 0.1816406 0.0312500 0.0257812
4 0.4734375 0.5128906 0.0260417 0.0179687
2 0.6283854 0.6855469 0.0203125 0.0554687
4 0.3041667 0.5800781 0.0250000 0.0257812
2 0.4687500 0.7812500 0.0302083 0.0328125
1 0.5507812 0.8347656 0.0182292 0.0476562
2 0.6416667 0.1929687 0.0156250 0.0484375
3 0.4578125 0.5226563 0.0145833 0.0218750
0 0.5427083 0.5921875 0.0177083 0.0468750
3 0.7197917 0.6226563 0.0208333 0.0312500
3 0.3468750 0.2750000 0.0364583 0.0250000
1 0.6041667 0.6363281 0.0208333 0.0289063
5 0.5062500 0.6195312 0.0229167 0.0265625
5 0.5291667 0.3503906 0.0281250 0.0242188
4 0.7169271 0.4164062 0.0182292 0.0359375
4 0.7135417 0.7070312 0.0177083 0.0453125
1 0.6773438 0.5062500 0.0307292 0.0234375
0 0.4848958 0.4621094 0.0166667 0.0289063
1 0.5117188 0.6046875 0.0223958 0.0343750
1 0.4466146 0.4667969 0.0119792 0.0289063
3 0.5611979 0.1023437 0.0192708 0.0531250
4 0.5104167 0.6945313 0.0145833 0.0500000
5 0.3861979 0.5667969 0.0255208 0.0382813
3 0.6911458 0.5359375 0.0364583 0.0312500
3 0.6195312 0.7144531 0.0234375 0.0507812
3 0.6786458 0.6796875 0.0343750 0.0234375
4 0.6031250 0.7781250 0.0218750 0.0250000
1 0.6369792 0.0902344 0.0218750 0.0460938
1 0.4156250 0.7554688 0.0156250 0.0265625
2 0.3986979 0.1691406 0.0192708 0.0382813
5 0.6937500 0.5222656 0.0322917 0.0210938
1 0.4179688 0.6574219 0.0182292 0.0523438
2 0.2934896 0.7425781 0.0328125 0.0242188
4 0.3994792 0.8265625 0.0208333 0.0484375
4 0.6007813 0.5152344 0.0307292 0.0195312
3 0.6151042 0.2441406 0.0145833 0.0460938
5 0.3861979 0.9027344 0.0182292 0.0539063
4 0.6052083 0.2136719 0.0322917 0.0210938
2 0.5281250 0.5957031 0.0187500 0.0460938
1 0.2934896 0.3890625 0.0265625 0.0375000
0 0.5377604 0.2992187 0.0151042 0.0312500
3 0.3552083 0.2328125 0.0229167 0.0437500
4 0.4598958 0.6781250 0.0270833 0.0218750
1 0.4466146 0.7218750 0.0276042 0.0296875
1 0.6078125 0.5843750 0.0312500 0.0390625
5 0.3072917 0.2718750 0.0302083 0.0203125
5 0.3570313 0.7351562 0.0203125 0.0468750
3 0.6609375 0.4589844 0.0166667 0.0320312
2 0.5924479 0.7234375 0.0213542 0.0281250
4 0.5101562 0.6316406 0.0161458 0.0523438
0 0.4575521 0.8347656 0.0255208 0.0445313
3 0.7122396 0.7867188 0.0182292 0.0375000
2 0.6984375 0.2625000 0.0312500 0.0234375
2 0.5440104 0.6816406 0.0244792 0.0460938
5 0.3867188 0.4093750 0.0296875 0.0359375
1 0.5127604 0.2269531 0.0307292 0.0351562
4 0.4807292 0.3589844 0.0156250 0.0492187
4 0.2947917 0.7226562 0.0218750 0.0468750
1 0.3401042 0.7890625 0.0291667 0.0296875
5 0.6348958 0.8000000 0.0333333 0.0250000
4 0.3645833 0.5972656 0.0312500 0.0210938
2 0.6770833 0.6667969 0.0187500 0.0476562
1 0.5786458 0.1328125 0.0218750 0.0218750
0 0.3843750 0.6027344 0.0166667 0.0351562
7 0.6054688 0.8890625 0.0276042 0.0328125
9 0.7007813 0.4363281 0.0276042 0.0445313
7 0.6171875 0.4277344 0.0281250 0.0335937
10 0.5955729 0.7312500 0.0307292 0.0296875
8 0.6260417 0.3792969 0.0239583 0.0476562
8 0.3625000 0.5460938 0.0312500 0.0328125
10 0.5093750 0.6847656 0.0291667 0.0304687
9 0.7544271 0.2093750 0.0317708 0.0312500
