0 0.4338542 0.4246094 0.0552083 0.1101562
0 0.4145833 0.7000000 0.0812500 0.0562500
4 0.5197917 0.6054688 0.0822917 0.0625000
5 0.7473958 0.6640625 0.0687500 0.0546875
0 0.5710937 0.3199219 0.0734375 0.0554687
0 0.3200521 0.4722656 0.0317708 0.0742188
5 0.5489583 0.2746094 0.0718750 0.0476562
3 0.4601562 0.5519531 0.0557292 0.0726563
0 0.4580729 0.8554688 0.0640625 0.0656250
3 0.5968750 0.3894531 0.0343750 0.1210938
5 0.5908854 0.7210937 0.0515625 0.0546875
0 0.6328125 0.5476562 0.0500000 0.0890625
0 0.5934896 0.7273437 0.0494792 0.1078125
0 0.3065104 0.7398438 0.0328125 0.0843750
1 0.4848958 0.8781250 0.0531250 0.0625000
0 0.4333333 0.8718750 0.0500000 0.0578125
5 0.5265625 0.5878906 0.0468750 0.0726563
4 0.2833333 0.6523438 0.0458333 0.1062500
5 0.4505208 0.3710938 0.0687500 0.0625000
2 0.5510417 0.7570313 0.0760417 0.0593750
4 0.4460938 0.6800781 0.0776042 0.0460938
1 0.5617188 0.0847656 0.0692708 0.0554687
5 0.6591146 0.7453125 0.0713542 0.0468750
5 0.3177083 0.5988281 0.0833333 0.0523438
1 0.4171875 0.1371094 0.0406250 0.1148437
3 0.4328125 0.9027344 0.0552083 0.0882813
3 0.4010417 0.4203125 0.0427083 0.0515625
0 0.5476562 0.3113281 0.0380208 0.1164063
1 0.5997396 0.2605469 0.0755208 0.0507812
3 0.4757812 0.3113281 0.0734375 0.0492187
3 0.6322917 0.7718750 0.0729167 0.0562500
5 0.7044271 0.5550781 0.0515625 0.1117188
4 0.6463542 0.3699219 0.0750000 0.0617188
5 0.7200521 0.2191406 0.0317708 0.0539063
4 0.4427083 0.5402344 0.0489583 0.0585938
2 0.3492188 0.3570313 0.0484375 0.0500000
0 0.4026042 0.3968750 0.0656250 0.0515625
0 0.4481771 0.5316406 0.0473958 0.1039063
5 0.7468750 0.4593750 0.0364583 0.0625000
5 0.3028646 0.5234375 0.0796875 0.0562500
3 0.3635417 0.4757812 0.0791667 0.0593750
0 0.6950521 0.5066406 0.0640625 0.0570312
1 0.3674479 0.4312500 0.0380208 0.0546875
1 0.3721354 0.1835938 0.0588542 0.0671875
3 0.4971354 0.5093750 0.0411458 0.0796875
1 0.3630208 0.1785156 0.0395833 0.0601563
0 0.4093750 0.5226563 0.0468750 0.0843750
4 0.7255208 0.3781250 0.0697917 0.0796875
3 0.3877604 0.5257812 0.0307292 0.0812500
5 0.5268229 0.7179688 0.0484375 0.1250000
5 0.6091146 0.2062500 0.0744792 0.0515625
5 0.4890625 0.7890625 0.0708333 0.0937500
3 0.4122396 0.3914063 0.0505208 0.1109375
4 0.5919271 0.5558594 0.0796875 0.0554687
3 0.3179688 0.6804687 0.0411458 0.0812500
2 0.3822917 0.5441406 0.0770833 0.0664062
2 0.6778646 0.4765625 0.0651042 0.0531250
1 0.6861979 0.5339844 0.0494792 0.0570312
1 0.4695313 0.5464844 0.0609375 0.0398437
2 0.4789062 0.2785156 0.0713542 0.0585938
0 0.4424479 0.3386719 0.0734375 0.0539063
4 0.2250000 0.3386719 0.0750000 0.0539063
2 0.5791667 0.4933594 0.0458333 0.1195313
0 0.6075521 0.5050781 0.0682292 0.0710937
7 0.6632813 0.5328125 0.0703125 0.0687500
6 0.3635417 0.7917969 0.0666667 0.0664062
7 0.4135417 0.5992188 0.0593750 0.0968750
11 0.3846354 0.5281250 0.0713542 0.0750000
