2 0.3289063 0.4257812 0.0234375 0.0328125
0 0.5091146 0.6312500 0.0255208 0.0609375
2 0.5804687 0.2949219 0.0234375 0.0476562
1 0.6283854 0.4683594 0.0380208 0.0304687
1 0.6953125 0.2628906 0.0364583 0.0257812
1 0.3085938 0.1839844 0.0192708 0.0585938
3 0.5856771 0.7730469 0.0244792 0.0492187
5 0.5338542 0.5882812 0.0375000 0.0296875
0 0.3492188 0.2890625 0.0359375 0.0218750
5 0.7135417 0.1730469 0.0166667 0.0429688
0 0.6070313 0.5710937 0.0328125 0.0265625
5 0.6872396 0.8183594 0.0380208 0.0289063
6 0.6218750 0.3285156 0.0354167 0.0367188
9 0.4846354 0.5777344 0.0348958 0.0335937
11 0.4789062 0.3417969 0.0276042 0.0507812
7 0.8494792 0.5191406 0.0343750 0.0351562
