0 0.4455729 0.6082031 0.0421875 0.0554687
1 0.5606771 0.6300781 0.0567708 0.0867187
4 0.5007812 0.5292969 0.0640625 0.0445313
4 0.3552083 0.2765625 0.0708333 0.0656250
3 0.4080729 0.3628906 0.0359375 0.1117188
0 0.5953125 0.2308594 0.0385417 0.1007813
2 0.5473958 0.1398437 0.0468750 0.1171875
1 0.4653646 0.7906250 0.0536458 0.0796875
4 0.2921875 0.6546875 0.0677083 0.0515625
5 0.4955729 0.7730469 0.0567708 0.0898438
0 0.6296875 0.5222656 0.0739583 0.0601563
5 0.5630208 0.4179688 0.0510417 0.0468750
1 0.6062500 0.1652344 0.0458333 0.1023437
4 0.5546875 0.4324219 0.0520833 0.0460938
3 0.2804687 0.6046875 0.0380208 0.0812500
3 0.3973958 0.4695313 0.0739583 0.0578125
0 0.6729167 0.6132812 0.0687500 0.0468750
1 0.4994792 0.4089844 0.0531250 0.0445313
0 0.6013021 0.5703125 0.0651042 0.0515625
1 0.5783854 0.6195312 0.0609375 0.0484375
0 0.5062500 0.3566406 0.0427083 0.0929688
0 0.2062500 0.4515625 0.0677083 0.0640625
2 0.6424479 0.7828125 0.0796875 0.0515625
4 0.5156250 0.8972656 0.0500000 0.0804688
2 0.4192708 0.2714844 0.0520833 0.0835937
1 0.6221354 0.3765625 0.0682292 0.0484375
0 0.3778646 0.4425781 0.0692708 0.0648438
3 0.6942708 0.8828125 0.0697917 0.0453125
0 0.5601563 0.5859375 0.0484375 0.1000000
1 0.4825521 0.8031250 0.0255208 0.0625000
2 0.5367188 0.5277344 0.0755208 0.0507812
1 0.6302083 0.5843750 0.0520833 0.1125000
3 0.4526042 0.2781250 0.0614583 0.0484375
4 0.4403646 0.5183594 0.0359375 0.0757812
5 0.3585937 0.6304688 0.0421875 0.0703125
2 0.6007813 0.5421875 0.0630208 0.0781250
5 0.4151042 0.1578125 0.0343750 0.0828125
5 0.4851563 0.8523437 0.0328125 0.1171875
3 0.6260417 0.6550781 0.0395833 0.1101562
1 0.4906250 0.7941406 0.0479167 0.0585938
0 0.2054688 0.6894531 0.0505208 0.0945312
4 0.6515625 0.5078125 0.0343750 0.0687500
5 0.4872396 0.3453125 0.0515625 0.1000000
3 0.6614583 0.3609375 0.0635417 0.0671875
4 0.6736979 0.5578125 0.0609375 0.0500000
5 0.6549479 0.4320312 0.0671875 0.0484375
1 0.3367188 0.7742187 0.0744792 0.0531250
0 0.6869792 0.4894531 0.0250000 0.0929688
1 0.7299479 0.8371094 0.0755208 0.0539063
0 0.8161458 0.4382813 0.0666667 0.0718750
5 0.6528646 0.7433594 0.0630208 0.0789062
3 0.5820312 0.8433594 0.0598958 0.0554687
0 0.4367187 0.4824219 0.0619792 0.0476562
2 0.2791667 0.7093750 0.0531250 0.0921875
1 0.3653646 0.1214844 0.0411458 0.0945312
5 0.4919271 0.5820312 0.0369792 0.0750000
2 0.5614583 0.6160156 0.0531250 0.0570312
2 0.4955729 0.6449219 0.0328125 0.0507812
0 0.6497396 0.4144531 0.0703125 0.0585938
1 0.7138021 0.3578125 0.0692708 0.0578125
5 0.5434896 0.2484375 0.0619792 0.0875000
2 0.6986979 0.5402344 0.0671875 0.0789062
3 0.5955729 0.1910156 0.0598958 0.0632812
3 0.7598958 0.3222656 0.0604167 0.0570312
2 0.5234375 0.5097656 0.0395833 0.0945312
2 0.7453125 0.5253906 0.0593750 0.0929688
4 0.7268229 0.6835938 0.0473958 0.0640625
5 0.3963542 0.4214844 0.0687500 0.0617188
2 0.3460937 0.8117188 0.0390625 0.0796875
0 0.4328125 0.3582031 0.0552083 0.0523438
0 0.3104167 0.5898438 0.0750000 0.0546875
2 0.6833333 0.2597656 0.0645833 0.0789062
9 0.5606771 0.3468750 0.0598958 0.0703125
11 0.5343750 0.7988281 0.0625000 0.0632812
9 0.7440104 0.6875000 0.0651042 0.0640625
8 0.7518229 0.2273438 0.0463542 0.1078125
10 0.4882812 0.5609375 0.0598958 0.0609375
7 0.6513021 0.5933594 0.0651042 0.0804688
8 0.3182292 0.3574219 0.0510417 0.0882813
7 0.7369792 0.5484375 0.0583333 0.0734375
9 0.6244792 0.0890625 0.0666667 0.1015625
9 0.6325521 0.7449219 0.0671875 0.0648438
11 0.5723958 0.6093750 0.0416667 0.0921875
8 0.3656250 0.7179688 0.0468750 0.1062500
11 0.2059896 0.3964844 0.0692708 0.0710937
8 0.6734375 0.4308594 0.0437500 0.0945312
9 0.7190104 0.5011719 0.0671875 0.0648438
10 0.6963542 0.1757812 0.0625000 0.0750000
11 0.3575521 0.8773437 0.0473958 0.1015625
11 0.7015625 0.6316406 0.0656250 0.0851563
6 0.5466146 0.3222656 0.0671875 0.0867187
