5 0.7028646 0.2070312 0.0203125 0.0625000
1 0.6111979 0.5234375 0.0234375 0.0671875
0 0.6135417 0.3921875 0.0343750 0.0312500
4 0.2794271 0.6023437 0.0328125 0.0609375
4 0.3481771 0.6265625 0.0203125 0.0578125
2 0.5039062 0.4902344 0.0255208 0.0507812
2 0.6343750 0.1261719 0.0229167 0.0617188
4 0.6682292 0.4699219 0.0281250 0.0601563
2 0.5515625 0.4863281 0.0250000 0.0710937
0 0.4359375 0.6054688 0.0281250 0.0390625
1 0.7419271 0.5316406 0.0296875 0.0585938
4 0.6841146 0.7144531 0.0380208 0.0351562
1 0.3653646 0.3015625 0.0369792 0.0375000
3 0.5526042 0.4984375 0.0385417 0.0453125
5 0.4388021 0.5453125 0.0234375 0.0515625
0 0.5226563 0.4597656 0.0192708 0.0523438
0 0.6492187 0.6710938 0.0390625 0.0375000
0 0.4916667 0.3367188 0.0489583 0.0359375
0 0.5489583 0.8273438 0.0458333 0.0312500
5 0.5528646 0.4183594 0.0505208 0.0367188
1 0.6263021 0.3464844 0.0234375 0.0632812
1 0.3195312 0.7628906 0.0286458 0.0492187
4 0.6875000 0.3007812 0.0395833 0.0421875
1 0.5585938 0.8824219 0.0307292 0.0460938
2 0.2015625 0.3515625 0.0250000 0.0468750
5 0.5906250 0.7070312 0.0239583 0.0515625
4 0.5997396 0.3992188 0.0296875 0.0375000
1 0.4786458 0.4660156 0.0312500 0.0335937
4 0.6213542 0.6171875 0.0218750 0.0312500
2 0.5117188 0.4871094 0.0286458 0.0476562
0 0.7226562 0.7941406 0.0432292 0.0257812
3 0.5906250 0.7128906 0.0447917 0.0429688
4 0.6161458 0.3273437 0.0395833 0.0437500
3 0.5109375 0.1863281 0.0270833 0.0585938
3 0.4783854 0.3550781 0.0276042 0.0554687
5 0.6898437 0.2179687 0.0421875 0.0281250
0 0.7109375 0.5183594 0.0427083 0.0257812
1 0.6252604 0.7242188 0.0484375 0.0328125
3 0.4059896 0.5925781 0.0276042 0.0710937
2 0.4817708 0.6011719 0.0208333 0.0585938
3 0.5809896 0.4941406 0.0296875 0.0445313
2 0.4971354 0.6875000 0.0286458 0.0578125
1 0.4440104 0.8609375 0.0328125 0.0437500
1 0.4783854 0.3218750 0.0296875 0.0609375
2 0.5111979 0.7265625 0.0463542 0.0328125
5 0.4174479 0.7339844 0.0255208 0.0351562
11 0.6364583 0.2187500 0.0354167 0.0390625
10 0.6067708 0.1785156 0.0302083 0.0382813
7 0.5942708 0.7144531 0.0406250 0.0398437
6 0.5651042 0.8078125 0.0395833 0.0437500
8 0.4934896 0.7207031 0.0442708 0.0445313
6 0.6393229 0.5355469 0.0265625 0.0398437
6 0.7325521 0.4382813 0.0348958 0.0625000
10 0.5546875 0.6839844 0.0406250 0.0601563
7 0.7369792 0.7121094 0.0302083 0.0710937
