1 0.5914063 0.6222656 0.0421875 0.0414062
4 0.5546875 0.2976563 0.0385417 0.0343750
3 0.5075521 0.7488281 0.0265625 0.0320312
4 0.3679688 0.5761719 0.0411458 0.0492187
2 0.5007812 0.4910156 0.0359375 0.0585938
0 0.7104167 0.6378906 0.0447917 0.0320312
3 0.6093750 0.4480469 0.0427083 0.0398437
4 0.6044271 0.5800781 0.0348958 0.0320312
4 0.8013021 0.2375000 0.0265625 0.0312500
0 0.5932292 0.6210938 0.0458333 0.0437500
2 0.6119792 0.7457031 0.0468750 0.0460938
5 0.6536458 0.5734375 0.0354167 0.0250000
4 0.4283854 0.4562500 0.0276042 0.0453125
2 0.6182292 0.6597656 0.0187500 0.0507812
1 0.5283854 0.2484375 0.0265625 0.0296875
5 0.6984375 0.6808594 0.0416667 0.0523438
0 0.4210937 0.4703125 0.0432292 0.0343750
4 0.5130208 0.2562500 0.0218750 0.0343750
4 0.5648437 0.6667969 0.0223958 0.0398437
1 0.3718750 0.3441406 0.0500000 0.0351562
4 0.5580729 0.5273438 0.0234375 0.0359375
4 0.6377604 0.5023437 0.0276042 0.0531250
2 0.6234375 0.7296875 0.0447917 0.0296875
4 0.5403646 0.7945313 0.0255208 0.0546875
2 0.6682292 0.5156250 0.0281250 0.0453125
3 0.4091146 0.8136719 0.0223958 0.0679687
4 0.5489583 0.6394531 0.0437500 0.0335937
5 0.6669271 0.6390625 0.0411458 0.0390625
0 0.6700521 0.3863281 0.0380208 0.0507812
4 0.4026042 0.8578125 0.0229167 0.0687500
2 0.5169271 0.5257812 0.0484375 0.0390625
2 0.5692708 0.6089844 0.0427083 0.0289063
4 0.3388021 0.1074219 0.0223958 0.0679687
5 0.5442708 0.3652344 0.0479167 0.0382813
5 0.3731771 0.2339844 0.0463542 0.0367188
4 0.3927083 0.4753906 0.0218750 0.0382813
1 0.6346354 0.3570313 0.0234375 0.0593750
3 0.5333333 0.2363281 0.0312500 0.0679687
4 0.4809896 0.2839844 0.0390625 0.0398437
4 0.3851562 0.2007812 0.0244792 0.0625000
0 0.3763021 0.8644531 0.0244792 0.0445313
8 0.3651042 0.4921875 0.0322917 0.0390625
7 0.3601563 0.4054687 0.0442708 0.0671875
8 0.3950521 0.3210938 0.0265625 0.0609375
