0 0.4960938 0.4386719 0.0119792 0.0210938
4 0.5111979 0.6410156 0.0130208 0.0257812
0 0.5179687 0.3179688 0.0234375 0.0234375
1 0.2369792 0.3257813 0.0218750 0.0203125
1 0.4890625 0.3402344 0.0135417 0.0257812
4 0.6500000 0.3183594 0.0104167 0.0179687
1 0.4828125 0.9523438 0.0125000 0.0218750
0 0.4549479 0.5644531 0.0213542 0.0226562
1 0.4296875 0.4093750 0.0145833 0.0140625
3 0.4403646 0.5679688 0.0109375 0.0203125
3 0.4752604 0.8207031 0.0140625 0.0304687
5 0.6143229 0.0507812 0.0213542 0.0203125
5 0.5489583 0.8953125 0.0135417 0.0234375
4 0.3307292 0.5929688 0.0197917 0.0265625
2 0.3812500 0.7960938 0.0239583 0.0171875
0 0.5307292 0.3570313 0.0187500 0.0296875
0 0.5684896 0.8828125 0.0203125 0.0234375
5 0.5476562 0.6562500 0.0098958 0.0187500
5 0.3710938 0.6546875 0.0161458 0.0250000
5 0.6356771 0.5785156 0.0213542 0.0164063
0 0.5000000 0.7296875 0.0125000 0.0296875
5 0.6140625 0.2058594 0.0197917 0.0195312
2 0.5968750 0.3054688 0.0145833 0.0156250
1 0.6122396 0.9062500 0.0130208 0.0218750
2 0.4013021 0.6535156 0.0140625 0.0304687
3 0.4726562 0.6527344 0.0151042 0.0164063
1 0.3955729 0.2050781 0.0140625 0.0226562
1 0.7528646 0.4953125 0.0255208 0.0187500
5 0.5723958 0.6785156 0.0187500 0.0148437
3 0.7005208 0.6039062 0.0104167 0.0156250
2 0.6041667 0.5933594 0.0125000 0.0179687
3 0.7075521 0.6183594 0.0213542 0.0164063
0 0.6393229 0.3929687 0.0223958 0.0156250
3 0.4091146 0.4386719 0.0213542 0.0164063
4 0.6208333 0.3800781 0.0187500 0.0195312
1 0.4690104 0.7476563 0.0182292 0.0171875
1 0.6588542 0.3464844 0.0208333 0.0164063
1 0.3937500 0.7234375 0.0208333 0.0234375
1 0.5752604 0.7046875 0.0098958 0.0343750
3 0.5671875 0.7507812 0.0229167 0.0218750
3 0.7286458 0.2453125 0.0229167 0.0171875
3 0.6536458 0.6277344 0.0187500 0.0210938
5 0.6304688 0.7828125 0.0203125 0.0234375
4 0.6968750 0.7011719 0.0093750 0.0367188
3 0.5005208 0.4902344 0.0218750 0.0226562
0 0.6640625 0.7972656 0.0114583 0.0179687
4 0.4807292 0.4625000 0.0197917 0.0218750
4 0.4153646 0.6597656 0.0130208 0.0210938
3 0.6692708 0.6070313 0.0197917 0.0125000
2 0.5786458 0.5535156 0.0114583 0.0289063
5 0.5434896 0.8835937 0.0140625 0.0328125
0 0.2838542 0.3773437 0.0229167 0.0171875
3 0.4213542 0.1593750 0.0125000 0.0312500
0 0.5007812 0.5933594 0.0140625 0.0195312
5 0.5523438 0.7164063 0.0171875 0.0328125
2 0.4708333 0.3796875 0.0125000 0.0296875
5 0.6872396 0.7371094 0.0244792 0.0195312
4 0.5476562 0.2519531 0.0088542 0.0132812
2 0.5294271 0.4351563 0.0234375 0.0187500
2 0.4427083 0.4648438 0.0250000 0.0265625
5 0.4458333 0.7453125 0.0187500 0.0281250
4 0.6466146 0.5046875 0.0234375 0.0171875
5 0.6958333 0.3058594 0.0177083 0.0320312
10 0.4468750 0.7378906 0.0218750 0.0210938
11 0.6864583 0.8765625 0.0218750 0.0203125
10 0.4523437 0.9253906 0.0130208 0.0195312
8 0.3658854 0.6316406 0.0213542 0.0226562
7 0.3359375 0.4503906 0.0187500 0.0320312
