4 0.3684896 0.4734375 0.0234375 0.0250000
1 0.6903646 0.6664062 0.0276042 0.0250000
0 0.4395833 0.7535156 0.0239583 0.0226562
2 0.6210938 0.7753906 0.0119792 0.0367188
1 0.5927083 0.2648437 0.0260417 0.0218750
0 0.4812500 0.2820313 0.0135417 0.0406250
4 0.6781250 0.4175781 0.0260417 0.0179687
2 0.4018229 0.3878906 0.0140625 0.0335937
4 0.3572917 0.3328125 0.0250000 0.0218750
4 0.4085937 0.2796875 0.0171875 0.0375000
5 0.5179687 0.4023438 0.0151042 0.0218750
0 0.6606771 0.2875000 0.0192708 0.0187500
5 0.2648437 0.6058594 0.0244792 0.0210938
1 0.3109375 0.9777344 0.0114583 0.0382813
1 0.3294271 0.2429688 0.0255208 0.0187500
4 0.7505208 0.5660156 0.0239583 0.0257812
5 0.5348958 0.5855469 0.0218750 0.0367188
2 0.2515625 0.5152344 0.0218750 0.0289063
3 0.6893229 0.7746094 0.0234375 0.0226562
5 0.6330729 0.4945312 0.0182292 0.0343750
2 0.6445312 0.4988281 0.0130208 0.0195312
3 0.5632812 0.5781250 0.0286458 0.0234375
0 0.4932292 0.3066406 0.0239583 0.0257812
4 0.3078125 0.3523438 0.0229167 0.0281250
0 0.4786458 0.5765625 0.0145833 0.0375000
2 0.5882812 0.9160156 0.0234375 0.0226562
3 0.7424479 0.4464844 0.0192708 0.0382813
4 0.5361979 0.6515625 0.0234375 0.0250000
1 0.5916667 0.4257812 0.0135417 0.0437500
3 0.4140625 0.2082031 0.0208333 0.0226562
4 0.3778646 0.7402344 0.0140625 0.0179687
3 0.4273438 0.2269531 0.0255208 0.0164063
0 0.3328125 0.4460938 0.0156250 0.0343750
4 0.6093750 0.2585938 0.0166667 0.0375000
4 0.5742188 0.7667969 0.0276042 0.0242188
1 0.3669271 0.5718750 0.0244792 0.0156250
3 0.3692708 0.4257812 0.0125000 0.0218750
1 0.6820312 0.6132812 0.0255208 0.0265625
2 0.4869792 0.1226562 0.0145833 0.0250000
3 0.4458333 0.7085938 0.0145833 0.0171875
4 0.5338542 0.3746094 0.0229167 0.0210938
5 0.2518229 0.7917969 0.0234375 0.0210938
4 0.4882812 0.2886719 0.0203125 0.0257812
1 0.5302083 0.8585938 0.0145833 0.0218750
4 0.3903646 0.3445313 0.0223958 0.0171875
2 0.4468750 0.6050781 0.0197917 0.0210938
0 0.5820312 0.3671875 0.0223958 0.0281250
1 0.6044271 0.7757812 0.0130208 0.0375000
3 0.3934896 0.4058594 0.0265625 0.0210938
3 0.2729167 0.6707031 0.0260417 0.0210938
2 0.7098958 0.8464844 0.0270833 0.0195312
5 0.5268229 0.8027344 0.0192708 0.0320312
3 0.5580729 0.8425781 0.0213542 0.0226562
1 0.4367187 0.3437500 0.0140625 0.0234375
1 0.4856771 0.4730469 0.0140625 0.0289063
1 0.6791667 0.4894531 0.0104167 0.0335937
2 0.7273437 0.3871094 0.0255208 0.0242188
10 0.6156250 0.6296875 0.0218750 0.0218750
10 0.5020833 0.2304688 0.0260417 0.0250000
8 0.4552083 0.4191406 0.0229167 0.0289063
11 0.6833333 0.7609375 0.0250000 0.0250000
9 0.5893229 0.5789062 0.0276042 0.0328125
6 0.5328125 0.6625000 0.0239583 0.0296875
10 0.4914062 0.5445313 0.0265625 0.0296875
8 0.5234375 0.6683594 0.0270833 0.0257812
8 0.7783854 0.3886719 0.0182292 0.0398437
8 0.3807292 0.5933594 0.0250000 0.0273438
9 0.4148438 0.7589844 0.0255208 0.0242188
10 0.4848958 0.7667969 0.0260417 0.0257812
11 0.7273437 0.6089844 0.0265625 0.0257812
6 0.5429688 0.7554688 0.0255208 0.0250000
8 0.4424479 0.4832031 0.0161458 0.0335937
