5 0.3411458 0.1296875 0.0125000 0.0390625
5 0.3770833 0.6964844 0.0177083 0.0398437
2 0.6213542 0.4570312 0.0208333 0.0218750
2 0.7184896 0.3968750 0.0223958 0.0281250
4 0.4171875 0.2679687 0.0197917 0.0281250
3 0.7302083 0.4781250 0.0260417 0.0203125
2 0.6114583 0.3472656 0.0260417 0.0195312
1 0.6817708 0.3289063 0.0166667 0.0203125
1 0.5101562 0.6542969 0.0161458 0.0179687
3 0.4963542 0.2394531 0.0135417 0.0320312
0 0.6000000 0.7539062 0.0135417 0.0296875
5 0.5916667 0.5437500 0.0239583 0.0203125
3 0.5968750 0.6128906 0.0208333 0.0335937
1 0.5820312 0.6203125 0.0244792 0.0218750
0 0.3971354 0.3496094 0.0223958 0.0226562
5 0.4411458 0.0945312 0.0166667 0.0328125
2 0.6473958 0.1531250 0.0250000 0.0187500
1 0.4065104 0.5855469 0.0182292 0.0242188
5 0.4611979 0.3085938 0.0234375 0.0171875
2 0.4098958 0.8312500 0.0156250 0.0406250
0 0.4934896 0.8742188 0.0119792 0.0390625
10 0.6276042 0.2789063 0.0197917 0.0312500
8 0.5705729 0.5925781 0.0234375 0.0382813
