0 0.3718750 0.3593750 0.0635417 0.0406250
5 0.7143229 0.3492188 0.0671875 0.0500000
4 0.4817708 0.7503906 0.0666667 0.0476562
5 0.6736979 0.7960938 0.0661458 0.0421875
0 0.6059896 0.4882812 0.0359375 0.0562500
3 0.3989583 0.2789063 0.0270833 0.0578125
3 0.5825521 0.6910156 0.0494792 0.0554687
4 0.4309896 0.6800781 0.0640625 0.0679687
5 0.5651042 0.4800781 0.0479167 0.0585938
1 0.6895833 0.3449219 0.0312500 0.0835937
3 0.5221354 0.4394531 0.0328125 0.0820312
0 0.3315104 0.5648437 0.0578125 0.0437500
4 0.5604167 0.5066406 0.0458333 0.1132812
2 0.5885417 0.7929688 0.0687500 0.0546875
2 0.5848958 0.4390625 0.0635417 0.0546875
0 0.6132812 0.6242188 0.0755208 0.0562500
4 0.4489583 0.7011719 0.0406250 0.0601563
2 0.3851562 0.8199219 0.0338542 0.1007813
1 0.3893229 0.6816406 0.0619792 0.0445313
3 0.3994792 0.5304688 0.0604167 0.0562500
3 0.5054688 0.1707031 0.0640625 0.0460938
2 0.6007813 0.2277344 0.0744792 0.0617188
2 0.6028646 0.2804687 0.0682292 0.0609375
1 0.6281250 0.3187500 0.0760417 0.0671875
1 0.5903646 0.4253906 0.0432292 0.0992187
5 0.5114583 0.4441406 0.0645833 0.0585938
3 0.5015625 0.6191406 0.0385417 0.1007813
3 0.5994792 0.7152344 0.0604167 0.0773438
1 0.4695313 0.1164063 0.0328125 0.0765625
3 0.3109375 0.5109375 0.0510417 0.0718750
0 0.5351562 0.6003906 0.0463542 0.0679687
0 0.6541667 0.3730469 0.0437500 0.1054688
5 0.3861979 0.5625000 0.0598958 0.0562500
4 0.3565104 0.6476563 0.0661458 0.0421875
4 0.6416667 0.5902344 0.0312500 0.0414062
1 0.7739583 0.4582031 0.0656250 0.0726563
1 0.2882812 0.5410156 0.0369792 0.0445313
3 0.6283854 0.3945312 0.0661458 0.0406250
1 0.6661458 0.6777344 0.0333333 0.0429688
0 0.3692708 0.2671875 0.0687500 0.0468750
0 0.6723958 0.3843750 0.0718750 0.0546875
1 0.2731771 0.8109375 0.0734375 0.0515625
0 0.3781250 0.6371094 0.0343750 0.0976562
3 0.3666667 0.4972656 0.0510417 0.0742188
3 0.4520833 0.7351562 0.0583333 0.0609375
0 0.3799479 0.7378906 0.0473958 0.0898438
2 0.5200521 0.3421875 0.0661458 0.0453125
3 0.4375000 0.6968750 0.0354167 0.0984375
5 0.4984375 0.0820312 0.0447917 0.0562500
2 0.5734375 0.3769531 0.0364583 0.0914062
0 0.6291667 0.7062500 0.0708333 0.0671875
2 0.6062500 0.8457031 0.0583333 0.0867187
1 0.6838542 0.2156250 0.0593750 0.0500000
2 0.3117187 0.4300781 0.0505208 0.0601563
0 0.7106771 0.2871094 0.0328125 0.0664062
5 0.5622396 0.6207031 0.0307292 0.0976562
1 0.5567708 0.6335937 0.0729167 0.0546875
5 0.5937500 0.5816406 0.0437500 0.0523438
4 0.7320313 0.2539062 0.0713542 0.0500000
3 0.4598958 0.3730469 0.0406250 0.0742188
4 0.3010417 0.5765625 0.0479167 0.1000000
4 0.4611979 0.1660156 0.0307292 0.1054688
5 0.4346354 0.4132812 0.0505208 0.0531250
5 0.5593750 0.2968750 0.0666667 0.0906250
7 0.4919271 0.3621094 0.0505208 0.0882813
11 0.4703125 0.7472656 0.0656250 0.0648438
11 0.3940104 0.4269531 0.0411458 0.0710937
6 0.6666667 0.7921875 0.0687500 0.0921875
9 0.6296875 0.5945312 0.0625000 0.0890625
10 0.4950521 0.4585938 0.0380208 0.0750000
11 0.2583333 0.6066406 0.0468750 0.0882813
6 0.7333333 0.7957031 0.0677083 0.0664062
