4 0.4921875 0.7425781 0.0322917 0.0476562
5 0.6078125 0.6843750 0.0395833 0.0343750
3 0.2830729 0.7250000 0.0359375 0.0328125
2 0.6687500 0.2914062 0.0239583 0.0328125
4 0.7067708 0.6882812 0.0375000 0.0265625
1 0.6869792 0.4750000 0.0406250 0.0328125
5 0.4854167 0.9769531 0.0239583 0.0445313
4 0.5317708 0.6691406 0.0260417 0.0523438
3 0.5174479 0.3023438 0.0432292 0.0281250
3 0.4955729 0.8117188 0.0223958 0.0359375
1 0.4666667 0.7750000 0.0364583 0.0375000
4 0.5570312 0.4238281 0.0203125 0.0445313
4 0.5046875 0.5742188 0.0343750 0.0281250
2 0.5132813 0.5378906 0.0390625 0.0367188
1 0.4184896 0.6812500 0.0276042 0.0375000
0 0.5789062 0.2039063 0.0317708 0.0484375
2 0.5557292 0.3812500 0.0270833 0.0328125
0 0.6593750 0.4515625 0.0427083 0.0281250
0 0.6468750 0.5277344 0.0177083 0.0617188
5 0.7166667 0.4640625 0.0270833 0.0484375
3 0.6145833 0.1203125 0.0354167 0.0359375
1 0.5575521 0.3972656 0.0307292 0.0429688
1 0.5705729 0.2421875 0.0203125 0.0328125
5 0.5114583 0.4593750 0.0270833 0.0375000
4 0.7166667 0.6015625 0.0427083 0.0250000
0 0.6635417 0.5687500 0.0322917 0.0375000
3 0.6875000 0.8730469 0.0270833 0.0382813
5 0.6523438 0.8753906 0.0369792 0.0273438
9 0.3585937 0.5550781 0.0244792 0.0445313
7 0.5846354 0.3687500 0.0380208 0.0421875
9 0.3820312 0.3769531 0.0401042 0.0523438
6 0.6028646 0.7539062 0.0380208 0.0406250
10 0.4440104 0.5238281 0.0348958 0.0335937
8 0.6572917 0.5500000 0.0385417 0.0375000
10 0.4815104 0.5644531 0.0255208 0.0539063
8 0.5148438 0.1792969 0.0338542 0.0632812
7 0.3567708 0.8082031 0.0364583 0.0507812
7 0.5955729 0.4824219 0.0328125 0.0382813
9 0.4377604 0.1687500 0.0255208 0.0375000
6 0.4809896 0.6351562 0.0255208 0.0593750
8 0.4838542 0.3367188 0.0302083 0.0546875
9 0.2697917 0.4312500 0.0364583 0.0515625
