1 0.6815104 0.1910156 0.0557292 0.1414063
2 0.7638021 0.6468750 0.0911458 0.0671875
3 0.5057292 0.3496094 0.0906250 0.0664062
2 0.8273438 0.7488281 0.0953125 0.0867187
1 0.4552083 0.3984375 0.0572917 0.0656250
0 0.5971354 0.1042969 0.0953125 0.0695313
2 0.3440104 0.4660156 0.0713542 0.1085938
0 0.5799479 0.7554688 0.0411458 0.0859375
5 0.7669271 0.6195312 0.1005208 0.1000000
5 0.4869792 0.5289063 0.0750000 0.1140625
0 0.6520833 0.1500000 0.0843750 0.0531250
2 0.6523438 0.5292969 0.0901042 0.0835937
4 0.6635417 0.5050781 0.0916667 0.0757812
5 0.4322917 0.3554688 0.0531250 0.1234375
5 0.5971354 0.5414062 0.0807292 0.0781250
3 0.6669271 0.7394531 0.0848958 0.0976562
3 0.6901042 0.2253906 0.0927083 0.0585938
3 0.7565104 0.1695312 0.0453125 0.1406250
1 0.5039062 0.6156250 0.0880208 0.0515625
5 0.4432292 0.4566406 0.0604167 0.1148437
3 0.3364583 0.2218750 0.0708333 0.0812500
4 0.5432292 0.2523437 0.0625000 0.1062500
2 0.5757813 0.3406250 0.0869792 0.0593750
4 0.7364583 0.6035156 0.0843750 0.1164063
5 0.4932292 0.8785156 0.0541667 0.1304687
4 0.6398438 0.5832031 0.0734375 0.0867187
0 0.3361979 0.5289063 0.0859375 0.0968750
5 0.4619792 0.4066406 0.0447917 0.0601563
1 0.5804687 0.7441406 0.0557292 0.1476562
0 0.4356771 0.6492187 0.0640625 0.1328125
4 0.6804687 0.8031250 0.0776042 0.0906250
3 0.4677083 0.7718750 0.0947917 0.0734375
4 0.4934896 0.6746094 0.0901042 0.0742188
1 0.2578125 0.5265625 0.0958333 0.0843750
4 0.2986979 0.5886719 0.0411458 0.1414063
4 0.6763021 0.5246094 0.0807292 0.0601563
4 0.6351562 0.1218750 0.0942708 0.0609375
1 0.5773438 0.8074219 0.0848958 0.1148437
2 0.5466146 0.0371094 0.0442708 0.0742188
2 0.4752604 0.6750000 0.0807292 0.0828125
5 0.3536458 0.4511719 0.0739583 0.1132812
2 0.5445313 0.8433594 0.0578125 0.1445312
1 0.6346354 0.8035156 0.0901042 0.0648438
1 0.4963542 0.7242188 0.0708333 0.0765625
5 0.3484375 0.4117188 0.0364583 0.1140625
3 0.5330729 0.7468750 0.0526042 0.1531250
3 0.7096354 0.5960937 0.0776042 0.0937500
0 0.7104167 0.6269531 0.0989583 0.0648438
4 0.5942708 0.6820312 0.0958333 0.0609375
4 0.2828125 0.2800781 0.0614583 0.1304687
10 0.5763021 0.3406250 0.0609375 0.0812500
11 0.7539062 0.4843750 0.0890625 0.0890625
11 0.4304688 0.2433594 0.0755208 0.0804688
7 0.4898438 0.5453125 0.0526042 0.0875000
9 0.2015625 0.7667969 0.0781250 0.1257813
7 0.6565104 0.5281250 0.0869792 0.0875000
7 0.4158854 0.4597656 0.0880208 0.1367188
6 0.6997396 0.6746094 0.0901042 0.0882813
7 0.5973958 0.3941406 0.0875000 0.0851563
7 0.5721354 0.2773438 0.0869792 0.1187500
7 0.6638021 0.1617187 0.0953125 0.0953125
11 0.6533854 0.5769531 0.0890625 0.0929688
11 0.5296875 0.5488281 0.0989583 0.1382812
11 0.5708333 0.2796875 0.0958333 0.1140625
6 0.7643229 0.4238281 0.0828125 0.0960938
6 0.5984375 0.4621094 0.0958333 0.0960938
