1 0.5950521 0.9265625 0.0546875 0.1453125
2 0.2489583 0.2433594 0.0781250 0.0664062
2 0.4825521 0.6812500 0.0921875 0.1125000
1 0.5807292 0.4582031 0.0583333 0.1007813
0 0.5164062 0.5804687 0.1109375 0.0828125
4 0.3593750 0.3945312 0.0625000 0.0828125
0 0.2679687 0.3507812 0.0515625 0.1593750
5 0.7242188 0.5304688 0.0828125 0.1187500
0 0.6708333 0.1273438 0.0708333 0.1000000
2 0.4893229 0.0707031 0.0640625 0.1320312
2 0.4354167 0.7546875 0.0968750 0.0640625
4 0.5148438 0.8945312 0.0692708 0.1140625
0 0.5492187 0.7960938 0.0619792 0.1203125
0 0.5210938 0.2851562 0.0953125 0.0656250
1 0.4252604 0.5597656 0.1140625 0.0851563
3 0.3481771 0.1890625 0.0744792 0.0828125
5 0.4096354 0.1136719 0.0557292 0.1398437
4 0.5341146 0.0441406 0.1015625 0.0804688
5 0.3500000 0.7109375 0.0500000 0.1437500
5 0.8007812 0.4964844 0.1036458 0.1023437
2 0.5971354 0.7789063 0.1036458 0.0656250
3 0.4554687 0.8828125 0.0536458 0.0718750
2 0.7515625 0.3363281 0.1000000 0.0773438
4 0.7000000 0.7332031 0.0531250 0.0632812
0 0.4223958 0.9121094 0.0781250 0.1492188
0 0.4929688 0.1750000 0.0901042 0.0843750
4 0.5921875 0.4863281 0.0937500 0.0804688
3 0.5523438 0.8296875 0.0609375 0.1593750
0 0.6117187 0.4085937 0.0848958 0.1328125
2 0.5692708 0.2156250 0.0812500 0.0937500
4 0.4309896 0.6402344 0.0473958 0.1070312
2 0.5085937 0.2007812 0.0692708 0.1156250
2 0.6609375 0.3710938 0.0968750 0.0875000
1 0.2789063 0.3667969 0.1130208 0.0945312
5 0.5216146 0.7132812 0.1140625 0.0828125
1 0.5002604 0.3789062 0.0734375 0.1156250
0 0.3575521 0.4640625 0.0848958 0.1187500
0 0.6062500 0.3582031 0.1041667 0.0601563
5 0.4393229 0.2773438 0.0609375 0.0781250
1 0.7932292 0.7273437 0.0760417 0.1390625
5 0.3270833 0.7324219 0.0541667 0.1476562
4 0.7286458 0.1203125 0.1104167 0.0734375
3 0.7036458 0.6882812 0.0989583 0.0921875
2 0.6546875 0.2683594 0.0781250 0.1007813
1 0.4617188 0.2359375 0.0744792 0.1390625
0 0.4330729 0.4191406 0.1036458 0.0820312
5 0.7432292 0.4488281 0.1104167 0.1039063
0 0.2489583 0.4621094 0.0614583 0.0726563
1 0.4617188 0.8710938 0.0546875 0.1109375
2 0.6059896 0.6414062 0.1015625 0.1218750
4 0.5700521 0.1425781 0.1026042 0.0710937
4 0.7179688 0.9714844 0.0807292 0.0554687
3 0.5072917 0.4152344 0.0520833 0.0898438
0 0.7216146 0.4992187 0.0880208 0.0765625
0 0.3713542 0.6941406 0.0885417 0.0773438
4 0.6533854 0.7847656 0.0848958 0.1179687
0 0.5781250 0.6144531 0.0697917 0.0710937
1 0.6270833 0.7253906 0.0989583 0.0789062
3 0.3088542 0.6917969 0.0979167 0.0679687
5 0.4989583 0.4156250 0.0833333 0.1156250
5 0.4260417 0.8480469 0.0677083 0.1429688
4 0.7416667 0.5421875 0.0541667 0.1296875
5 0.7429687 0.3871094 0.0536458 0.1101562
5 0.7156250 0.4449219 0.1010417 0.0820312
7 0.3148437 0.9281250 0.0942708 0.1281250
8 0.7367187 0.9367188 0.0942708 0.0937500
10 0.4096354 0.1167969 0.0963542 0.0960938
9 0.6028646 0.6054688 0.0901042 0.0890625
11 0.4713542 0.3597656 0.0614583 0.1367188
9 0.6127604 0.5683594 0.0817708 0.1007813
6 0.6669271 0.5351562 0.0828125 0.1250000
