3 0.5218750 0.2617188 0.0572917 0.0406250
4 0.6000000 0.6144531 0.0447917 0.0835937
5 0.5195312 0.8156250 0.0651042 0.0468750
4 0.6682292 0.5117188 0.0614583 0.0453125
2 0.5208333 0.5781250 0.0447917 0.0390625
4 0.5763021 0.2320312 0.0588542 0.0437500
0 0.2888021 0.7050781 0.0692708 0.0523438
0 0.6348958 0.2492187 0.0437500 0.0812500
4 0.4833333 0.5574219 0.0541667 0.0414062
2 0.5101562 0.6679688 0.0463542 0.0500000
3 0.5851563 0.4242187 0.0557292 0.0500000
0 0.3979167 0.6718750 0.0531250 0.0406250
3 0.4098958 0.4523437 0.0333333 0.0453125
2 0.3213542 0.2617188 0.0395833 0.0906250
0 0.4963542 0.6808594 0.0437500 0.1039063
2 0.4046875 0.2500000 0.0343750 0.0921875
4 0.6083333 0.8394531 0.0666667 0.0429688
1 0.5312500 0.8261719 0.0677083 0.0507812
0 0.2789063 0.5425781 0.0661458 0.0570312
3 0.5257812 0.9015625 0.0619792 0.0625000
1 0.3231771 0.3394531 0.0682292 0.0523438
4 0.5549479 0.6292969 0.0359375 0.0679687
4 0.5895833 0.7414063 0.0656250 0.0531250
0 0.5588542 0.1472656 0.0697917 0.0429688
1 0.4520833 0.3902344 0.0270833 0.0523438
0 0.3177083 0.3089844 0.0635417 0.0429688
0 0.3617187 0.6539063 0.0401042 0.0906250
2 0.2562500 0.2472656 0.0302083 0.0945312
3 0.3927083 0.8101563 0.0385417 0.0593750
3 0.5460938 0.3128906 0.0661458 0.0585938
4 0.5518229 0.5042969 0.0682292 0.0492187
5 0.7364583 0.5082031 0.0531250 0.0742188
2 0.5520833 0.4261719 0.0656250 0.0445313
4 0.6421875 0.7003906 0.0447917 0.0882813
1 0.3885417 0.8984375 0.0385417 0.0468750
5 0.3432292 0.6566406 0.0354167 0.0601563
2 0.4843750 0.4230469 0.0510417 0.0695313
1 0.6578125 0.3320312 0.0656250 0.0453125
1 0.6208333 0.6000000 0.0541667 0.0531250
5 0.6252604 0.5875000 0.0609375 0.0593750
2 0.6541667 0.3113281 0.0385417 0.0476562
4 0.2864583 0.7425781 0.0260417 0.0648438
11 0.4653646 0.2718750 0.0598958 0.0609375
10 0.2984375 0.4078125 0.0385417 0.0765625
9 0.5411458 0.6625000 0.0645833 0.0687500
8 0.2932292 0.3898437 0.0562500 0.0859375
11 0.4398437 0.3261719 0.0588542 0.0570312
11 0.5312500 0.9167969 0.0593750 0.0773438
7 0.7380208 0.4722656 0.0645833 0.0632812
6 0.5200521 0.4222656 0.0567708 0.0851563
10 0.5820312 0.2640625 0.0609375 0.0593750
6 0.4250000 0.7402344 0.0437500 0.0835937
6 0.5005208 0.4625000 0.0416667 0.0687500
8 0.5177083 0.7058594 0.0583333 0.0757812
8 0.7375000 0.4945312 0.0406250 0.0671875
9 0.3708333 0.1093750 0.0625000 0.0625000
11 0.6200521 0.6335937 0.0598958 0.0640625
11 0.5562500 0.8332031 0.0447917 0.0820312
8 0.5960937 0.0457031 0.0401042 0.0914062
8 0.4763021 0.5699219 0.0484375 0.0835937
6 0.4382813 0.2000000 0.0390625 0.0859375
11 0.5893229 0.7011719 0.0630208 0.0898438
