4 0.3877604 0.7554688 0.0348958 0.0593750
1 0.2869792 0.3671875 0.0541667 0.0718750
0 0.5127604 0.3304687 0.0473958 0.0765625
5 0.5643229 0.7074219 0.0588542 0.0382813
3 0.2575521 0.5250000 0.0432292 0.0687500
5 0.6872396 0.4980469 0.0411458 0.0585938
1 0.4770833 0.2304688 0.0562500 0.0656250
1 0.6622396 0.7417969 0.0619792 0.0414062
1 0.3304687 0.8242188 0.0296875 0.0375000
1 0.5773438 0.3257813 0.0328125 0.0890625
5 0.4489583 0.4867187 0.0583333 0.0578125
0 0.5684896 0.1718750 0.0421875 0.0734375
3 0.6570312 0.5531250 0.0515625 0.0859375
0 0.3070312 0.3222656 0.0515625 0.0539063
0 0.7895833 0.2175781 0.0322917 0.0914062
1 0.2880208 0.5160156 0.0479167 0.0664062
4 0.4000000 0.4183594 0.0437500 0.0585938
0 0.6304688 0.6953125 0.0328125 0.0921875
1 0.5440104 0.9550781 0.0494792 0.0726563
5 0.4575521 0.1191406 0.0473958 0.0929688
3 0.7429687 0.6636719 0.0307292 0.0679687
2 0.6153646 0.2320312 0.0401042 0.0671875
2 0.6927083 0.7640625 0.0312500 0.1015625
0 0.2721354 0.7371094 0.0598958 0.0414062
4 0.5104167 0.1359375 0.0604167 0.0625000
4 0.2888021 0.3312500 0.0619792 0.0515625
0 0.5239583 0.5593750 0.0312500 0.0578125
3 0.4268229 0.3437500 0.0557292 0.0593750
5 0.4669271 0.1824219 0.0557292 0.0460938
5 0.6361979 0.5539063 0.0473958 0.0562500
3 0.4648438 0.6765625 0.0307292 0.0421875
0 0.6450521 0.3253906 0.0567708 0.0460938
4 0.2791667 0.6359375 0.0697917 0.0437500
4 0.4802083 0.6546875 0.0583333 0.0531250
2 0.3377604 0.3371094 0.0494792 0.0960938
5 0.5052083 0.6937500 0.0604167 0.0562500
1 0.3231771 0.6132812 0.0286458 0.1000000
4 0.4200521 0.4457031 0.0536458 0.0476562
5 0.4080729 0.8539062 0.0463542 0.0906250
1 0.6156250 0.6000000 0.0604167 0.0359375
1 0.2869792 0.4351563 0.0625000 0.0437500
5 0.6111979 0.5230469 0.0640625 0.0492187
2 0.6755208 0.2710938 0.0281250 0.0484375
0 0.5937500 0.2039063 0.0364583 0.0734375
5 0.3934896 0.2683594 0.0473958 0.0773438
4 0.4518229 0.5507812 0.0578125 0.0640625
4 0.5986979 0.7433594 0.0630208 0.0507812
3 0.5200521 0.2988281 0.0359375 0.0882813
5 0.3432292 0.4589844 0.0302083 0.0554687
1 0.4437500 0.5187500 0.0406250 0.0765625
2 0.6450521 0.4734375 0.0651042 0.0500000
5 0.5304688 0.2296875 0.0588542 0.0531250
4 0.6460938 0.3355469 0.0369792 0.0976562
5 0.5867187 0.2953125 0.0567708 0.0453125
1 0.2658854 0.4660156 0.0598958 0.0414062
5 0.5895833 0.4257812 0.0354167 0.0500000
5 0.5419271 0.6382813 0.0640625 0.0437500
5 0.4700521 0.6121094 0.0526042 0.0664062
0 0.6236979 0.1796875 0.0307292 0.0781250
3 0.3203125 0.6542969 0.0552083 0.0414062
8 0.3557292 0.8132812 0.0583333 0.0718750
11 0.5437500 0.4125000 0.0447917 0.0546875
8 0.5648437 0.4593750 0.0651042 0.0640625
11 0.6231771 0.6777344 0.0567708 0.0570312
10 0.6302083 0.5929688 0.0635417 0.0937500
11 0.5520833 0.7937500 0.0572917 0.0562500
10 0.3244792 0.3082031 0.0395833 0.0914062
