5 0.5609375 0.8242188 0.0489583 0.0546875
5 0.3531250 0.5031250 0.0291667 0.0640625
3 0.2807292 0.5757813 0.0520833 0.0421875
4 0.3885417 0.6585937 0.0281250 0.0609375
5 0.6414062 0.4222656 0.0526042 0.0382813
1 0.4809896 0.4417969 0.0276042 0.0539063
5 0.6453125 0.3281250 0.0281250 0.0656250
5 0.4656250 0.3203125 0.0343750 0.0718750
3 0.3111979 0.3558594 0.0255208 0.0757812
1 0.6273437 0.6148438 0.0286458 0.0437500
1 0.5601563 0.2964844 0.0286458 0.0679687
5 0.4239583 0.3058594 0.0197917 0.0742188
0 0.3705729 0.4121094 0.0557292 0.0382813
4 0.5520833 0.7859375 0.0520833 0.0531250
2 0.6927083 0.2746094 0.0250000 0.0867187
0 0.4338542 0.2699219 0.0281250 0.0398437
5 0.3174479 0.4550781 0.0473958 0.0367188
2 0.3343750 0.7488281 0.0479167 0.0460938
4 0.3609375 0.3265625 0.0385417 0.0453125
5 0.6739583 0.2332031 0.0385417 0.0632812
2 0.6559896 0.7632813 0.0505208 0.0437500
3 0.4822917 0.5710937 0.0281250 0.0796875
5 0.5830729 0.8382812 0.0505208 0.0421875
3 0.3627604 0.2144531 0.0328125 0.0570312
5 0.5882812 0.6632813 0.0296875 0.0703125
1 0.3411458 0.1070312 0.0291667 0.0796875
3 0.6164063 0.2625000 0.0463542 0.0421875
2 0.7440104 0.4019531 0.0526042 0.0429688
2 0.7166667 0.2988281 0.0239583 0.0867187
1 0.5695313 0.8234375 0.0505208 0.0390625
1 0.4229167 0.8433594 0.0322917 0.0695313
3 0.6192708 0.6683594 0.0531250 0.0554687
4 0.5122396 0.5425781 0.0234375 0.0382813
2 0.5018229 0.5082031 0.0432292 0.0429688
0 0.7268229 0.5472656 0.0567708 0.0429688
4 0.5481771 0.0792969 0.0380208 0.0367188
5 0.4304688 0.2812500 0.0359375 0.0390625
1 0.3994792 0.6562500 0.0270833 0.0609375
2 0.2244792 0.6191406 0.0437500 0.0554687
2 0.4734375 0.5023437 0.0520833 0.0375000
4 0.3539062 0.5058594 0.0463542 0.0414062
2 0.6104167 0.4703125 0.0302083 0.0640625
5 0.4135417 0.4949219 0.0552083 0.0601563
3 0.3671875 0.5132813 0.0322917 0.0687500
3 0.3203125 0.6574219 0.0250000 0.0773438
0 0.2658854 0.7304688 0.0286458 0.0531250
2 0.7273437 0.6699219 0.0380208 0.0695313
5 0.6390625 0.7449219 0.0489583 0.0351562
3 0.5127604 0.5699219 0.0567708 0.0414062
3 0.4773438 0.4164062 0.0432292 0.0312500
0 0.4455729 0.5312500 0.0244792 0.0796875
0 0.4291667 0.6992188 0.0260417 0.0781250
0 0.7190104 0.6804687 0.0223958 0.0468750
2 0.5075521 0.5476562 0.0369792 0.0390625
3 0.7338542 0.7507812 0.0531250 0.0421875
1 0.5942708 0.4558594 0.0552083 0.0367188
11 0.5533854 0.4226563 0.0453125 0.0453125
11 0.6861979 0.4851563 0.0421875 0.0718750
7 0.6070313 0.5953125 0.0338542 0.0453125
10 0.5692708 0.1175781 0.0479167 0.0617188
9 0.5028646 0.3902344 0.0401042 0.0757812
9 0.7427083 0.6351562 0.0489583 0.0562500
6 0.3585937 0.3156250 0.0317708 0.0656250
6 0.5648437 0.6937500 0.0348958 0.0546875
