3 0.6192708 0.2019531 0.0114583 0.0242188
3 0.5156250 0.2582031 0.0104167 0.0195312
3 0.5890625 0.4906250 0.0229167 0.0203125
3 0.5911458 0.6335937 0.0125000 0.0328125
1 0.6856771 0.5789062 0.0223958 0.0187500
1 0.5820312 0.5875000 0.0223958 0.0187500
3 0.2369792 0.4394531 0.0218750 0.0273438
0 0.4729167 0.3464844 0.0114583 0.0242188
3 0.6260417 0.2007812 0.0177083 0.0187500
0 0.4822917 0.4730469 0.0208333 0.0195312
0 0.5703125 0.3953125 0.0197917 0.0218750
5 0.6257812 0.4007812 0.0213542 0.0171875
2 0.4953125 0.4144531 0.0218750 0.0148437
5 0.2731771 0.8843750 0.0171875 0.0156250
4 0.4333333 0.9000000 0.0135417 0.0218750
4 0.5307292 0.5382813 0.0156250 0.0296875
1 0.5221354 0.1898438 0.0098958 0.0343750
0 0.2669271 0.5687500 0.0119792 0.0343750
1 0.6507812 0.5996094 0.0192708 0.0257812
3 0.7338542 0.5195312 0.0135417 0.0281250
6 0.5330729 0.1902344 0.0140625 0.0320312
7 0.6437500 0.2625000 0.0229167 0.0296875
8 0.3143229 0.6195312 0.0171875 0.0343750
6 0.3567708 0.5468750 0.0208333 0.0312500
7 0.7028646 0.8890625 0.0223958 0.0234375
8 0.3664062 0.8640625 0.0234375 0.0234375
9 0.3778646 0.5027344 0.0151042 0.0304687
