1 0.6877604 0.4988281 0.0338542 0.0226562
2 0.4966146 0.5480469 0.0213542 0.0273438
5 0.5411458 0.6558594 0.0166667 0.0523438
1 0.5075521 0.5570312 0.0234375 0.0281250
2 0.2359375 0.5519531 0.0322917 0.0242188
4 0.4395833 0.2921875 0.0229167 0.0250000
3 0.5609375 0.5179687 0.0281250 0.0421875
2 0.3143229 0.2484375 0.0265625 0.0234375
4 0.5494792 0.2878906 0.0187500 0.0523438
4 0.6434896 0.7042969 0.0348958 0.0226562
4 0.4825521 0.4507813 0.0151042 0.0406250
1 0.5645833 0.1507813 0.0281250 0.0437500
2 0.4963542 0.3339844 0.0239583 0.0367188
5 0.7161458 0.3820312 0.0364583 0.0296875
4 0.6877604 0.2761719 0.0338542 0.0242188
0 0.2838542 0.6378906 0.0208333 0.0476562
3 0.7247396 0.6066406 0.0348958 0.0289063
0 0.5773438 0.4984375 0.0203125 0.0187500
2 0.5979167 0.3652344 0.0375000 0.0242188
4 0.6057292 0.0914062 0.0333333 0.0234375
3 0.4572917 0.3191406 0.0364583 0.0257812
4 0.6888021 0.1296875 0.0151042 0.0484375
2 0.6091146 0.1785156 0.0192708 0.0414062
4 0.3580729 0.2164062 0.0244792 0.0234375
5 0.4880208 0.4398437 0.0302083 0.0250000
2 0.7369792 0.7726563 0.0302083 0.0328125
1 0.5632812 0.5937500 0.0213542 0.0281250
5 0.6289062 0.5921875 0.0348958 0.0296875
0 0.6242188 0.0968750 0.0171875 0.0406250
5 0.4091146 0.7484375 0.0307292 0.0375000
2 0.4203125 0.5042969 0.0250000 0.0289063
7 0.3541667 0.4703125 0.0270833 0.0375000
11 0.2611979 0.4476562 0.0317708 0.0406250
8 0.4960938 0.9585938 0.0265625 0.0453125
11 0.4736979 0.8210937 0.0223958 0.0453125
6 0.6559896 0.3480469 0.0317708 0.0320312
8 0.5789062 0.3828125 0.0234375 0.0312500
9 0.7236979 0.2218750 0.0328125 0.0312500
9 0.5145833 0.4066406 0.0322917 0.0320312
11 0.6505208 0.6945313 0.0322917 0.0296875
6 0.5872396 0.4058594 0.0203125 0.0492187
11 0.4046875 0.4316406 0.0322917 0.0335937
7 0.5526042 0.5371094 0.0302083 0.0320312
7 0.3986979 0.2976563 0.0296875 0.0296875
8 0.7000000 0.5675781 0.0322917 0.0351562
8 0.6656250 0.3460937 0.0291667 0.0296875
6 0.6289062 0.6125000 0.0244792 0.0453125
10 0.6195312 0.1589844 0.0328125 0.0320312
8 0.3200521 0.8570313 0.0307292 0.0343750
8 0.5760417 0.8312500 0.0322917 0.0453125
