2 0.6846354 0.6820312 0.0317708 0.0812500
4 0.4437500 0.6761719 0.0343750 0.0398437
0 0.3338542 0.5050781 0.0593750 0.0398437
4 0.5679688 0.2089844 0.0505208 0.0320312
5 0.5927083 0.6753906 0.0354167 0.0820312
4 0.6234375 0.2414062 0.0583333 0.0390625
3 0.5552083 0.3011719 0.0479167 0.0507812
2 0.5028646 0.6316406 0.0484375 0.0429688
5 0.3078125 0.4804688 0.0333333 0.0515625
4 0.7143229 0.4652344 0.0494792 0.0351562
3 0.5585938 0.5851563 0.0348958 0.0640625
8 0.5098958 0.2140625 0.0489583 0.0640625
9 0.5302083 0.5019531 0.0437500 0.0539063
11 0.2570312 0.4261719 0.0453125 0.0757812
9 0.2807292 0.6789063 0.0531250 0.0718750
8 0.7437500 0.7039062 0.0510417 0.0531250
11 0.4385417 0.6589844 0.0489583 0.0804688
9 0.5226563 0.7929688 0.0432292 0.0625000
8 0.4968750 0.8433594 0.0385417 0.0617188
7 0.5145833 0.4046875 0.0375000 0.0531250
7 0.4820313 0.3765625 0.0359375 0.0828125
7 0.4041667 0.1183594 0.0333333 0.0789062
6 0.7210937 0.5636719 0.0484375 0.0492187
