0 0.4687500 0.0917969 0.0572917 0.1835938
1 0.3877604 0.6117187 0.1213542 0.0828125
4 0.4583333 0.5292969 0.1031250 0.0804688
5 0.3427083 0.3921875 0.0572917 0.1046875
3 0.3268229 0.6457031 0.0807292 0.1539062
5 0.4072917 0.5718750 0.0864583 0.1312500
4 0.3135417 0.2722656 0.0697917 0.0773438
2 0.5304688 0.7074219 0.0609375 0.1570313
2 0.6661458 0.4000000 0.0635417 0.1468750
1 0.4736979 0.9445313 0.0598958 0.1093750
2 0.4703125 0.1550781 0.1093750 0.0929688
5 0.8354167 0.4582031 0.0812500 0.0835937
0 0.7156250 0.6714844 0.1052083 0.1460937
0 0.3135417 0.6066406 0.1156250 0.0757812
5 0.7031250 0.5644531 0.0541667 0.1601562
4 0.4718750 0.7867188 0.1083333 0.1031250
4 0.4835937 0.6621094 0.1088542 0.1242188
4 0.7096354 0.6855469 0.1026042 0.0820312
0 0.6687500 0.3136719 0.0833333 0.1117188
1 0.5890625 0.5574219 0.1135417 0.0726563
4 0.5338542 0.7332031 0.0593750 0.1539062
4 0.6984375 0.1832031 0.1145833 0.0835937
5 0.6158854 0.7683594 0.1067708 0.0789062
5 0.5549479 0.7410156 0.0515625 0.1085938
0 0.5234375 0.7441406 0.1010417 0.1289062
3 0.6500000 0.8312500 0.1145833 0.0968750
1 0.5145833 0.6660156 0.0770833 0.1023437
1 0.6325521 0.7035156 0.0536458 0.1398437
4 0.7002604 0.4503906 0.1130208 0.0820312
1 0.5776042 0.2039063 0.1093750 0.0921875
4 0.2044271 0.4933594 0.1109375 0.1101562
3 0.6473958 0.6023437 0.1083333 0.1140625
2 0.4203125 0.4539063 0.1083333 0.0812500
2 0.2645833 0.4250000 0.1062500 0.0578125
0 0.4963542 0.3406250 0.1083333 0.0828125
0 0.4903646 0.7339844 0.0692708 0.0882813
2 0.6822917 0.4468750 0.1208333 0.1156250
2 0.5010417 0.4445312 0.0760417 0.1468750
0 0.4541667 0.6441406 0.0625000 0.0789062
2 0.3348958 0.3160156 0.1239583 0.0867187
5 0.6705729 0.7304688 0.1161458 0.1031250
5 0.5026042 0.5617188 0.0510417 0.1578125
5 0.7210937 0.8187500 0.1265625 0.0765625
2 0.5830729 0.2207031 0.0911458 0.0820312
0 0.4513021 0.4218750 0.1026042 0.1000000
3 0.6492187 0.6578125 0.0744792 0.0953125
0 0.5315104 0.7191406 0.0671875 0.0773438
4 0.3080729 0.5750000 0.0786458 0.1484375
5 0.3437500 0.2609375 0.0708333 0.1437500
10 0.7341146 0.7562500 0.1109375 0.1140625
6 0.3406250 0.5707031 0.1062500 0.1257813
11 0.3565104 0.2546875 0.1151042 0.1390625
