0 0.5026042 0.7945313 0.0718750 0.0500000
4 0.6442708 0.4726562 0.0291667 0.0812500
4 0.6252604 0.7484375 0.0546875 0.0953125
5 0.5135417 0.7257813 0.0510417 0.0562500
0 0.5304688 0.3031250 0.0338542 0.0656250
0 0.5617188 0.5046875 0.0473958 0.0609375
4 0.3843750 0.4156250 0.0364583 0.0796875
4 0.3981771 0.5414062 0.0734375 0.0562500
0 0.6075521 0.1792969 0.0442708 0.0929688
2 0.6677083 0.6796875 0.0416667 0.0593750
4 0.5210938 0.8863281 0.0588542 0.0804688
0 0.4140625 0.8675781 0.0500000 0.0492187
3 0.4809896 0.7167969 0.0723958 0.0429688
0 0.5828125 0.6027344 0.0697917 0.0523438
4 0.6286458 0.1847656 0.0406250 0.0882813
0 0.6190104 0.2726562 0.0734375 0.0406250
3 0.6177083 0.3437500 0.0531250 0.0531250
0 0.4356771 0.7941406 0.0557292 0.0585938
0 0.6739583 0.4382813 0.0437500 0.0890625
4 0.4286458 0.7757812 0.0239583 0.0968750
1 0.4635417 0.5332031 0.0427083 0.0976562
0 0.5447917 0.1742188 0.0552083 0.0718750
2 0.3906250 0.6968750 0.0437500 0.0890625
4 0.5677083 0.2546875 0.0583333 0.0531250
5 0.2822917 0.5242187 0.0520833 0.0734375
2 0.5552083 0.4355469 0.0541667 0.0476562
3 0.6507812 0.0984375 0.0661458 0.0468750
2 0.4000000 0.1781250 0.0375000 0.0968750
0 0.5559896 0.7140625 0.0651042 0.0515625
4 0.5739583 0.8382812 0.0562500 0.0453125
0 0.6276042 0.5218750 0.0614583 0.0640625
8 0.4343750 0.6675781 0.0395833 0.0789062
8 0.5325521 0.5316406 0.0494792 0.0710937
8 0.4033854 0.2578125 0.0619792 0.0921875
7 0.6442708 0.2148438 0.0458333 0.0968750
9 0.6882812 0.5578125 0.0609375 0.0609375
11 0.2544271 0.7914062 0.0598958 0.0796875
6 0.3867188 0.8121094 0.0619792 0.0617188
11 0.4299479 0.4398437 0.0546875 0.0781250
7 0.2354167 0.6761719 0.0697917 0.0648438
11 0.4669271 0.6113281 0.0442708 0.0898438
7 0.7531250 0.6164063 0.0656250 0.0828125
8 0.4156250 0.7582031 0.0552083 0.0835937
9 0.7291667 0.5925781 0.0614583 0.0617188
6 0.3393229 0.2257812 0.0671875 0.0656250
6 0.3059896 0.1031250 0.0630208 0.0687500
6 0.4671875 0.6535156 0.0562500 0.0617188
8 0.5783854 0.7000000 0.0671875 0.0750000
11 0.4986979 0.1781250 0.0546875 0.1015625
