5 0.7234375 0.4937500 0.0260417 0.0203125
0 0.5187500 0.2562500 0.0239583 0.0187500
1 0.6635417 0.6000000 0.0270833 0.0171875
1 0.3166667 0.4988281 0.0125000 0.0273438
5 0.4546875 0.5152344 0.0177083 0.0351562
3 0.4289062 0.1898438 0.0296875 0.0218750
4 0.4843750 0.5429688 0.0270833 0.0203125
5 0.4820313 0.9605469 0.0171875 0.0367188
4 0.6364583 0.2816406 0.0145833 0.0414062
0 0.7065104 0.5519531 0.0192708 0.0382813
4 0.3625000 0.3359375 0.0156250 0.0218750
0 0.3617187 0.4687500 0.0234375 0.0234375
5 0.5885417 0.4121094 0.0156250 0.0257812
1 0.4661458 0.2796875 0.0250000 0.0187500
4 0.5205729 0.4781250 0.0119792 0.0328125
2 0.5526042 0.7308594 0.0270833 0.0273438
2 0.3111979 0.3714844 0.0140625 0.0429688
5 0.5442708 0.5035156 0.0260417 0.0304687
0 0.5057292 0.5226563 0.0135417 0.0234375
1 0.7158854 0.4960938 0.0276042 0.0234375
5 0.7692708 0.3058594 0.0187500 0.0273438
3 0.5812500 0.6539063 0.0166667 0.0171875
2 0.2838542 0.3406250 0.0229167 0.0218750
0 0.3432292 0.3761719 0.0135417 0.0210938
0 0.4031250 0.3605469 0.0156250 0.0445313
2 0.4848958 0.3363281 0.0197917 0.0257812
0 0.7846354 0.5894531 0.0182292 0.0367188
4 0.5153646 0.3832031 0.0203125 0.0210938
5 0.6625000 0.2664063 0.0229167 0.0234375
3 0.4906250 0.4742188 0.0260417 0.0203125
2 0.5565104 0.3718750 0.0171875 0.0250000
3 0.5028646 0.5664062 0.0140625 0.0234375
1 0.5236979 0.3375000 0.0255208 0.0156250
4 0.4682292 0.4085937 0.0229167 0.0250000
4 0.3611979 0.5855469 0.0296875 0.0242188
5 0.4822917 0.7066406 0.0166667 0.0429688
5 0.5588542 0.4261719 0.0187500 0.0257812
2 0.5856771 0.6015625 0.0151042 0.0296875
2 0.4861979 0.7578125 0.0255208 0.0218750
2 0.6138021 0.8257813 0.0286458 0.0203125
4 0.5846354 0.2316406 0.0255208 0.0226562
3 0.3460937 0.4933594 0.0151042 0.0273438
0 0.6549479 0.6281250 0.0151042 0.0203125
5 0.5083333 0.7750000 0.0239583 0.0375000
1 0.7145833 0.3222656 0.0281250 0.0195312
4 0.4656250 0.5312500 0.0156250 0.0218750
3 0.4809896 0.5160156 0.0213542 0.0226562
1 0.6307292 0.5824219 0.0291667 0.0210938
0 0.3447917 0.4167969 0.0270833 0.0179687
2 0.3750000 0.7664062 0.0281250 0.0234375
3 0.4265625 0.6046875 0.0291667 0.0265625
0 0.5083333 0.1804688 0.0281250 0.0187500
2 0.5072917 0.4566406 0.0177083 0.0335937
1 0.3143229 0.5332031 0.0213542 0.0335937
2 0.5841146 0.6082031 0.0276042 0.0195312
4 0.4187500 0.2402344 0.0208333 0.0242188
4 0.5565104 0.6253906 0.0296875 0.0242188
2 0.3369792 0.3582031 0.0135417 0.0367188
3 0.3716146 0.6988281 0.0255208 0.0367188
3 0.6044271 0.2410156 0.0265625 0.0179687
3 0.5812500 0.5386719 0.0197917 0.0195312
3 0.3429687 0.8621094 0.0140625 0.0367188
5 0.5986979 0.7332031 0.0182292 0.0382813
5 0.4940104 0.1308594 0.0255208 0.0304687
1 0.4739583 0.5921875 0.0145833 0.0375000
5 0.4492188 0.8023438 0.0265625 0.0328125
3 0.3734375 0.3746094 0.0166667 0.0242188
1 0.5791667 0.8257813 0.0156250 0.0218750
5 0.6648437 0.3156250 0.0161458 0.0343750
1 0.6596354 0.3484375 0.0244792 0.0218750
8 0.4182292 0.2652344 0.0260417 0.0273438
8 0.6703125 0.4816406 0.0239583 0.0382813
