5 0.6664062 0.4105469 0.0244792 0.0289063
2 0.2770833 0.2136719 0.0270833 0.0226562
5 0.3263021 0.5480469 0.0203125 0.0445313
3 0.4947917 0.2210938 0.0302083 0.0265625
1 0.4265625 0.2367188 0.0291667 0.0218750
3 0.2510417 0.5625000 0.0156250 0.0406250
3 0.4231771 0.2179687 0.0276042 0.0312500
2 0.4526042 0.6683594 0.0177083 0.0351562
2 0.5580729 0.6652344 0.0213542 0.0242188
3 0.3614583 0.4792969 0.0145833 0.0445313
5 0.3145833 0.3511719 0.0343750 0.0242188
2 0.3067708 0.8250000 0.0302083 0.0234375
5 0.5510417 0.4613281 0.0166667 0.0273438
1 0.4528646 0.3054688 0.0296875 0.0218750
1 0.4731771 0.3718750 0.0307292 0.0265625
1 0.4335938 0.8750000 0.0171875 0.0312500
0 0.5619792 0.4304688 0.0260417 0.0203125
2 0.6369792 0.4667969 0.0291667 0.0320312
1 0.5718750 0.2136719 0.0250000 0.0257812
1 0.3531250 0.5367188 0.0250000 0.0328125
2 0.4317708 0.1585938 0.0229167 0.0296875
5 0.3971354 0.3226562 0.0276042 0.0328125
2 0.4679687 0.3757813 0.0296875 0.0328125
2 0.6408854 0.4652344 0.0307292 0.0289063
2 0.2986979 0.2250000 0.0171875 0.0343750
2 0.5684896 0.4542969 0.0223958 0.0226562
4 0.6914062 0.7640625 0.0286458 0.0203125
2 0.5979167 0.5578125 0.0270833 0.0375000
1 0.6184896 0.4082031 0.0265625 0.0351562
4 0.5018229 0.4121094 0.0213542 0.0195312
1 0.7239583 0.4085937 0.0145833 0.0406250
1 0.3973958 0.4238281 0.0145833 0.0273438
3 0.3651042 0.3535156 0.0312500 0.0226562
0 0.4302083 0.2386719 0.0177083 0.0335937
5 0.5736979 0.4875000 0.0286458 0.0203125
1 0.3632812 0.5480469 0.0192708 0.0226562
5 0.4286458 0.4058594 0.0260417 0.0226562
1 0.2361979 0.6671875 0.0161458 0.0359375
5 0.4213542 0.4332031 0.0333333 0.0242188
4 0.4315104 0.3300781 0.0244792 0.0210938
3 0.5713542 0.0378906 0.0218750 0.0367188
4 0.6437500 0.6535156 0.0156250 0.0226562
0 0.5617188 0.2093750 0.0307292 0.0187500
4 0.7096354 0.5671875 0.0307292 0.0265625
1 0.7070312 0.2167969 0.0307292 0.0226562
7 0.6497396 0.6449219 0.0234375 0.0289063
6 0.5674479 0.6492187 0.0317708 0.0390625
10 0.5966146 0.5437500 0.0182292 0.0421875
11 0.3380208 0.3960938 0.0270833 0.0453125
6 0.4033854 0.4882812 0.0265625 0.0468750
10 0.6174479 0.4906250 0.0286458 0.0296875
11 0.5130208 0.5363281 0.0229167 0.0335937
11 0.7231771 0.6062500 0.0296875 0.0406250
