5 0.5218750 0.7707031 0.0458333 0.0851563
5 0.5700521 0.2031250 0.0651042 0.0687500
4 0.4393229 0.7207031 0.0692708 0.0398437
4 0.7445312 0.4687500 0.0536458 0.0656250
2 0.4200521 0.1800781 0.0421875 0.0648438
5 0.3361979 0.3773437 0.0630208 0.0734375
0 0.3335938 0.5187500 0.0526042 0.0734375
5 0.5195312 0.4960938 0.0536458 0.0437500
5 0.2825521 0.6937500 0.0463542 0.0703125
11 0.5875000 0.6921875 0.0572917 0.0562500
10 0.7460938 0.5324219 0.0640625 0.0617188
10 0.2257812 0.5710937 0.0588542 0.0828125
6 0.7424479 0.7414063 0.0640625 0.0625000
6 0.5570312 0.8261719 0.0536458 0.0726563
8 0.5513021 0.3078125 0.0421875 0.0906250
6 0.3106771 0.7531250 0.0588542 0.0656250
