1 0.2903646 0.6750000 0.0765625 0.0859375
1 0.3453125 0.4320312 0.0395833 0.1390625
4 0.5671875 0.6652344 0.0958333 0.0664062
1 0.5414062 0.2941406 0.0911458 0.0742188
5 0.3148437 0.3824219 0.0494792 0.0945312
3 0.5656250 0.4714844 0.0479167 0.1273438
2 0.6156250 0.3054688 0.0656250 0.1203125
4 0.3609375 0.2589844 0.0489583 0.0789062
4 0.3528646 0.2472656 0.0921875 0.0648438
2 0.4351563 0.6394531 0.0473958 0.1445312
2 0.6184896 0.5910156 0.0848958 0.0898438
5 0.7671875 0.6953125 0.0697917 0.1156250
5 0.7700521 0.2488281 0.0963542 0.0648438
4 0.4351563 0.5132813 0.0848958 0.0640625
3 0.6494792 0.4031250 0.0958333 0.0781250
0 0.4835937 0.6031250 0.0421875 0.0843750
3 0.4541667 0.8046875 0.0572917 0.1296875
5 0.6177083 0.5941406 0.0822917 0.0726563
5 0.4312500 0.8453125 0.0406250 0.1109375
5 0.3622396 0.2218750 0.0463542 0.1234375
0 0.5994792 0.3812500 0.0541667 0.1218750
4 0.4864583 0.2449219 0.0541667 0.0835937
2 0.3630208 0.7011719 0.0885417 0.0742188
3 0.3583333 0.3476562 0.0343750 0.1281250
0 0.5236979 0.4972656 0.0338542 0.1023437
4 0.7518229 0.3890625 0.0880208 0.0609375
1 0.5611979 0.0558594 0.0869792 0.0773438
3 0.4804688 0.5566406 0.0817708 0.0570312
1 0.5072917 0.3921875 0.0781250 0.0656250
5 0.6677083 0.5851563 0.0822917 0.0921875
0 0.2947917 0.5734375 0.0947917 0.0640625
5 0.5520833 0.7234375 0.0489583 0.1234375
5 0.2385417 0.2742188 0.0468750 0.1218750
0 0.4317708 0.2039063 0.0552083 0.1062500
3 0.4744792 0.3878906 0.0812500 0.1132812
3 0.6125000 0.4812500 0.0593750 0.0890625
0 0.6559896 0.5035156 0.0932292 0.0679687
1 0.6721354 0.8253906 0.0942708 0.0820312
5 0.5148438 0.3085938 0.0546875 0.1234375
2 0.7041667 0.3558594 0.0385417 0.1132812
3 0.7018229 0.7781250 0.0776042 0.0656250
5 0.6708333 0.5949219 0.0968750 0.0742188
2 0.7281250 0.3812500 0.0947917 0.0593750
1 0.2721354 0.4453125 0.0473958 0.1312500
4 0.6250000 0.1187500 0.0604167 0.0640625
0 0.6635417 0.3199219 0.0927083 0.0601563
3 0.5085937 0.7753906 0.0911458 0.0804688
2 0.3007812 0.2312500 0.0609375 0.1453125
0 0.3973958 0.0902344 0.0843750 0.0648438
0 0.4169271 0.2980469 0.0494792 0.0976562
5 0.5169271 0.4246094 0.0432292 0.1164063
4 0.6385417 0.5019531 0.0843750 0.0601563
0 0.2942708 0.7894531 0.0562500 0.1398437
0 0.5359375 0.3390625 0.0468750 0.1296875
5 0.6861979 0.4445312 0.0692708 0.0953125
5 0.6789063 0.5312500 0.0369792 0.0703125
3 0.5322917 0.4289062 0.0656250 0.0671875
3 0.2731771 0.2273438 0.0838542 0.0812500
4 0.4466146 0.4382813 0.0682292 0.1000000
1 0.7442708 0.3128906 0.0885417 0.0851563
4 0.7635417 0.2304688 0.0677083 0.0671875
3 0.4085937 0.7453125 0.0432292 0.0843750
0 0.6177083 0.7160156 0.0885417 0.0851563
0 0.5437500 0.6730469 0.0562500 0.1148437
3 0.2677083 0.1628906 0.0718750 0.1148437
2 0.4270833 0.3660156 0.0364583 0.0945312
0 0.4802083 0.4144531 0.0895833 0.0789062
2 0.6747396 0.8406250 0.0880208 0.0781250
2 0.4343750 0.7164063 0.0864583 0.0625000
2 0.5244792 0.6652344 0.0541667 0.0710937
1 0.4585938 0.3320312 0.0723958 0.0609375
0 0.6213542 0.7386719 0.0864583 0.1085938
1 0.6372396 0.4601562 0.0848958 0.0656250
0 0.6557292 0.5410156 0.0822917 0.0945312
4 0.3390625 0.2730469 0.0697917 0.0757812
9 0.6080729 0.4066406 0.0588542 0.1117188
9 0.6585937 0.3964844 0.0765625 0.1164063
11 0.3919271 0.2835937 0.0848958 0.0968750
7 0.7195312 0.4753906 0.0890625 0.0882813
