0 0.2981771 0.4503906 0.0338542 0.0210938
4 0.6687500 0.6699219 0.0270833 0.0210938
1 0.4570312 0.8156250 0.0223958 0.0406250
1 0.6140625 0.4683594 0.0260417 0.0210938
2 0.4755208 0.6121094 0.0208333 0.0382813
5 0.3109375 0.3640625 0.0302083 0.0187500
1 0.3622396 0.6796875 0.0161458 0.0265625
11 0.5807292 0.6445312 0.0291667 0.0281250
7 0.5164062 0.5113281 0.0276042 0.0335937
8 0.6401042 0.5421875 0.0270833 0.0265625
11 0.2591146 0.5976562 0.0296875 0.0296875
10 0.4197917 0.4226563 0.0250000 0.0406250
10 0.3755208 0.4488281 0.0281250 0.0273438
8 0.6877604 0.3289063 0.0317708 0.0406250
6 0.6750000 0.4035156 0.0270833 0.0335937
11 0.2557292 0.6300781 0.0250000 0.0367188
9 0.3648438 0.2859375 0.0203125 0.0437500
8 0.6802083 0.4828125 0.0291667 0.0296875
10 0.5989583 0.5679688 0.0291667 0.0312500
8 0.4736979 0.5597656 0.0286458 0.0414062
