4 0.2750000 0.3437500 0.0125000 0.0375000
0 0.5450521 0.5281250 0.0140625 0.0437500
4 0.5434896 0.6066406 0.0192708 0.0226562
5 0.6713542 0.2898438 0.0250000 0.0187500
0 0.3385417 0.7214844 0.0281250 0.0195312
5 0.5848958 0.3914063 0.0156250 0.0187500
3 0.3028646 0.6828125 0.0182292 0.0406250
5 0.4486979 0.9074219 0.0119792 0.0351562
4 0.5872396 0.5632812 0.0130208 0.0218750
1 0.6541667 0.9289063 0.0239583 0.0312500
0 0.6598958 0.4812500 0.0229167 0.0265625
4 0.6791667 0.4367187 0.0177083 0.0406250
1 0.6265625 0.7394531 0.0250000 0.0179687
5 0.4403646 0.2566406 0.0161458 0.0414062
1 0.6661458 0.6597656 0.0239583 0.0289063
5 0.3106771 0.3273437 0.0140625 0.0390625
1 0.5549479 0.5457031 0.0171875 0.0179687
1 0.5742188 0.5781250 0.0265625 0.0203125
4 0.6638021 0.3152344 0.0203125 0.0226562
1 0.6841146 0.5433594 0.0255208 0.0179687
5 0.7007813 0.7753906 0.0109375 0.0304687
0 0.6205729 0.5066406 0.0255208 0.0242188
2 0.4541667 0.5027344 0.0187500 0.0445313
3 0.5937500 0.6222656 0.0114583 0.0226562
1 0.5085937 0.3632812 0.0213542 0.0359375
4 0.6804687 0.4925781 0.0223958 0.0210938
3 0.3640625 0.6136719 0.0281250 0.0195312
0 0.6250000 0.5160156 0.0239583 0.0210938
2 0.6455729 0.7500000 0.0151042 0.0203125
0 0.7393229 0.2824219 0.0276042 0.0195312
3 0.4023438 0.5367188 0.0161458 0.0203125
2 0.5921875 0.6902344 0.0250000 0.0210938
2 0.3648438 0.3648438 0.0213542 0.0328125
1 0.5609375 0.5195312 0.0125000 0.0156250
5 0.5643229 0.7527344 0.0130208 0.0335937
0 0.5632812 0.7472656 0.0119792 0.0351562
5 0.6520833 0.8433594 0.0250000 0.0164063
4 0.5052083 0.3093750 0.0187500 0.0296875
0 0.4442708 0.7578125 0.0229167 0.0281250
4 0.5515625 0.0835937 0.0250000 0.0234375
2 0.6234375 0.8562500 0.0187500 0.0218750
2 0.5307292 0.3882813 0.0166667 0.0421875
2 0.6500000 0.3410156 0.0260417 0.0195312
5 0.3195312 0.7812500 0.0276042 0.0187500
2 0.2833333 0.6156250 0.0260417 0.0234375
3 0.3963542 0.2734375 0.0218750 0.0156250
4 0.4945312 0.6167969 0.0203125 0.0304687
1 0.6229167 0.6160156 0.0270833 0.0195312
1 0.3976562 0.4343750 0.0255208 0.0203125
1 0.5445313 0.5218750 0.0203125 0.0328125
0 0.6067708 0.3941406 0.0145833 0.0304687
1 0.4486979 0.4843750 0.0171875 0.0343750
3 0.3984375 0.5828125 0.0145833 0.0265625
1 0.7213542 0.5996094 0.0229167 0.0304687
2 0.6765625 0.3089844 0.0218750 0.0335937
0 0.8054687 0.5382813 0.0255208 0.0203125
2 0.5307292 0.8242188 0.0250000 0.0140625
0 0.6927083 0.7757812 0.0166667 0.0281250
5 0.5645833 0.5613281 0.0197917 0.0210938
1 0.5507812 0.3484375 0.0151042 0.0375000
1 0.5476562 0.7777344 0.0255208 0.0226562
2 0.3273437 0.4152344 0.0140625 0.0164063
4 0.4622396 0.5511719 0.0265625 0.0195312
0 0.3369792 0.6585937 0.0239583 0.0187500
5 0.5854167 0.4867187 0.0197917 0.0218750
0 0.4416667 0.5324219 0.0218750 0.0257812
2 0.2804687 0.2929688 0.0255208 0.0281250
3 0.7216146 0.4011719 0.0265625 0.0210938
2 0.6895833 0.6613281 0.0218750 0.0289063
3 0.6979167 0.4582031 0.0208333 0.0351562
0 0.6023437 0.3324219 0.0213542 0.0210938
1 0.5523438 0.2921875 0.0223958 0.0187500
2 0.2520833 0.5808594 0.0218750 0.0289063
3 0.4296875 0.3753906 0.0218750 0.0304687
3 0.5989583 0.5832031 0.0135417 0.0242188
6 0.6065104 0.4761719 0.0244792 0.0242188
9 0.6835938 0.6421875 0.0255208 0.0250000
7 0.3945312 0.6910156 0.0223958 0.0351562
11 0.4033854 0.7816406 0.0192708 0.0304687
8 0.5632812 0.3894531 0.0255208 0.0289063
9 0.7333333 0.4355469 0.0281250 0.0273438
9 0.5963542 0.8027344 0.0250000 0.0382813
6 0.6705729 0.4843750 0.0161458 0.0328125
6 0.4942708 0.5261719 0.0250000 0.0242188
9 0.6117187 0.3472656 0.0171875 0.0304687
11 0.6640625 0.4992187 0.0270833 0.0265625
11 0.2687500 0.2335937 0.0260417 0.0281250
11 0.4401042 0.7542969 0.0177083 0.0382813
