4 0.7268229 0.5500000 0.0171875 0.0218750
2 0.4976563 0.7144531 0.0151042 0.0304687
1 0.2169271 0.4074219 0.0244792 0.0226562
2 0.6317708 0.8070312 0.0312500 0.0265625
4 0.3838542 0.4046875 0.0260417 0.0218750
3 0.4236979 0.6812500 0.0151042 0.0453125
5 0.5929688 0.5007812 0.0223958 0.0265625
1 0.6518229 0.2117188 0.0307292 0.0281250
1 0.5593750 0.7316406 0.0156250 0.0414062
1 0.4395833 0.8460937 0.0197917 0.0187500
2 0.6231771 0.2671875 0.0182292 0.0437500
3 0.4809896 0.4246094 0.0317708 0.0242188
1 0.6377604 0.4566406 0.0296875 0.0226562
5 0.5130208 0.4664063 0.0270833 0.0265625
1 0.2830729 0.2433594 0.0161458 0.0429688
3 0.4346354 0.7140625 0.0307292 0.0203125
2 0.7424479 0.6304688 0.0203125 0.0328125
1 0.6114583 0.7019531 0.0270833 0.0335937
2 0.3908854 0.3042969 0.0161458 0.0351562
2 0.5929688 0.1546875 0.0171875 0.0437500
9 0.6192708 0.7750000 0.0281250 0.0421875
10 0.6755208 0.1449219 0.0291667 0.0367188
10 0.4916667 0.3265625 0.0187500 0.0375000
11 0.5052083 0.4398437 0.0208333 0.0343750
8 0.4177083 0.7156250 0.0291667 0.0343750
6 0.6481771 0.3226562 0.0328125 0.0312500
7 0.4692708 0.2800781 0.0281250 0.0273438
11 0.7083333 0.3683594 0.0197917 0.0320312
6 0.5260417 0.3761719 0.0197917 0.0351562
11 0.5390625 0.3386719 0.0291667 0.0351562
9 0.4812500 0.8648438 0.0291667 0.0312500
10 0.6078125 0.6179687 0.0187500 0.0437500
9 0.5880208 0.0824219 0.0281250 0.0320312
8 0.7406250 0.5640625 0.0270833 0.0296875
6 0.4395833 0.3121094 0.0260417 0.0382813
7 0.4617188 0.2339844 0.0182292 0.0414062
