1 0.4098958 0.2660156 0.0302083 0.0539063
3 0.6385417 0.3660156 0.0500000 0.0367188
1 0.5929688 0.0441406 0.0411458 0.0507812
0 0.4015625 0.5570312 0.0427083 0.0406250
7 0.2861979 0.5027344 0.0307292 0.0664062
7 0.4244792 0.5453125 0.0354167 0.0531250
8 0.6859375 0.1714844 0.0302083 0.0617188
9 0.6692708 0.5726562 0.0406250 0.0406250
11 0.5968750 0.5410156 0.0302083 0.0398437
11 0.6520833 0.5035156 0.0322917 0.0726563
6 0.4885417 0.7921875 0.0406250 0.0687500
9 0.6843750 0.4976563 0.0458333 0.0437500
10 0.6786458 0.3421875 0.0437500 0.0421875
8 0.5510417 0.4703125 0.0281250 0.0500000
8 0.6427083 0.4585938 0.0479167 0.0468750
8 0.4622396 0.4464844 0.0401042 0.0617188
9 0.5026042 0.5550781 0.0354167 0.0414062
10 0.4664063 0.8410156 0.0369792 0.0617188
7 0.3309896 0.6496094 0.0432292 0.0429688
11 0.7703125 0.5984375 0.0354167 0.0546875
7 0.5460938 0.5156250 0.0328125 0.0406250
11 0.6817708 0.3890625 0.0416667 0.0421875
6 0.7007813 0.8000000 0.0432292 0.0453125
9 0.3414063 0.2304688 0.0453125 0.0421875
