3 0.5851563 0.5625000 0.0411458 0.1437500
3 0.4283854 0.8046875 0.1088542 0.0828125
5 0.6554688 0.7398438 0.0921875 0.0953125
2 0.6312500 0.7406250 0.1062500 0.0781250
1 0.6046875 0.1367188 0.1000000 0.1015625
2 0.3190104 0.5945312 0.0942708 0.0765625
1 0.6346354 0.3832031 0.0921875 0.0601563
4 0.5893229 0.8136719 0.0609375 0.0867187
0 0.6010417 0.4070313 0.0468750 0.1593750
3 0.5442708 0.3839844 0.0458333 0.1476562
4 0.7221354 0.5363281 0.0776042 0.0757812
3 0.5375000 0.0171875 0.0750000 0.0343750
0 0.3875000 0.1000000 0.0604167 0.1484375
0 0.4229167 0.2675781 0.0645833 0.1367188
1 0.7713542 0.4234375 0.0427083 0.0734375
1 0.6197917 0.6011719 0.0479167 0.1617187
4 0.4643229 0.1113281 0.0973958 0.0710937
0 0.6096354 0.6328125 0.0859375 0.1250000
1 0.4945312 0.3750000 0.0401042 0.1390625
4 0.7278646 0.4609375 0.0723958 0.1140625
0 0.6322917 0.3121094 0.0427083 0.0617188
4 0.6276042 0.6363281 0.0947917 0.0804688
5 0.4911458 0.7222656 0.0781250 0.1257813
0 0.4518229 0.7222656 0.0723958 0.0945312
4 0.5851563 0.4703125 0.0921875 0.0812500
3 0.5596354 0.6988281 0.0640625 0.0945312
3 0.4385417 0.1304687 0.0937500 0.0796875
0 0.7700521 0.4851563 0.0911458 0.0812500
0 0.6210938 0.5738281 0.0421875 0.0820312
3 0.3908854 0.1808594 0.0505208 0.1554687
0 0.3830729 0.4648438 0.0859375 0.0921875
5 0.4742188 0.5539063 0.0536458 0.1031250
5 0.4966146 0.2675781 0.0682292 0.1429688
0 0.5148438 0.3457031 0.0473958 0.0726563
0 0.6143229 0.5679688 0.0609375 0.1328125
4 0.6437500 0.5886719 0.0802083 0.1007813
3 0.2544271 0.8433594 0.1005208 0.0570312
2 0.4466146 0.5773438 0.0890625 0.0796875
1 0.5010417 0.6625000 0.0500000 0.1093750
0 0.7250000 0.4523437 0.0875000 0.1437500
5 0.5994792 0.5394531 0.0468750 0.1570313
2 0.4286458 0.7445312 0.0572917 0.1234375
3 0.5523438 0.1351563 0.0963542 0.0765625
3 0.2963542 0.5269531 0.0760417 0.0960938
4 0.3963542 0.7437500 0.0937500 0.0609375
2 0.5638021 0.8203125 0.0453125 0.0890625
2 0.7518229 0.5796875 0.0859375 0.1328125
1 0.3596354 0.6328125 0.0859375 0.0687500
3 0.4481771 0.5718750 0.0859375 0.0765625
5 0.5382813 0.1812500 0.0807292 0.0703125
4 0.2632813 0.6789063 0.0692708 0.1281250
3 0.4627604 0.6761719 0.0953125 0.1039063
1 0.5882812 0.3792969 0.0911458 0.0695313
1 0.4994792 0.2734375 0.0958333 0.1031250
2 0.4507813 0.2898438 0.0557292 0.1375000
3 0.5661458 0.3285156 0.0989583 0.0585938
0 0.7367187 0.5855469 0.0963542 0.0710937
0 0.3869792 0.2089844 0.0656250 0.1210938
10 0.7580729 0.2503906 0.0973958 0.0929688
11 0.6804687 0.5535156 0.0838542 0.0820312
9 0.3651042 0.4437500 0.0635417 0.0937500
8 0.6085938 0.9316406 0.0973958 0.1351563
