3 0.4971354 0.8273438 0.0130208 0.0171875
5 0.7281250 0.7339844 0.0208333 0.0195312
1 0.3658854 0.6324219 0.0161458 0.0257812
1 0.6520833 0.3609375 0.0229167 0.0328125
3 0.3369792 0.7976562 0.0197917 0.0218750
1 0.4419271 0.5000000 0.0244792 0.0296875
1 0.4638021 0.2375000 0.0223958 0.0250000
5 0.4588542 0.8097656 0.0135417 0.0398437
0 0.2703125 0.3386719 0.0260417 0.0242188
11 0.4533854 0.2222656 0.0244792 0.0242188
8 0.6403646 0.6816406 0.0234375 0.0242188
6 0.5414062 0.2253906 0.0192708 0.0414062
10 0.5528646 0.3585937 0.0265625 0.0250000
6 0.6697917 0.1757812 0.0177083 0.0390625
9 0.6541667 0.5441406 0.0250000 0.0242188
6 0.3643229 0.0773438 0.0265625 0.0296875
9 0.3372396 0.3503906 0.0192708 0.0335937
8 0.3078125 0.2312500 0.0270833 0.0296875
9 0.5302083 0.4519531 0.0166667 0.0304687
8 0.6507812 0.8191406 0.0265625 0.0273438
9 0.5346354 0.7382812 0.0276042 0.0265625
9 0.5867187 0.8136719 0.0171875 0.0273438
6 0.5013021 0.7304688 0.0276042 0.0265625
9 0.2768229 0.4500000 0.0182292 0.0359375
