0 0.6140625 0.3156250 0.1041667 0.0828125
5 0.3078125 0.4738281 0.0989583 0.0585938
5 0.5184896 0.9125000 0.0619792 0.1578125
5 0.7216146 0.4781250 0.0901042 0.0781250
3 0.6398438 0.5683594 0.0994792 0.0992187
5 0.4721354 0.4019531 0.1244792 0.0976562
4 0.3997396 0.4128906 0.0713542 0.0914062
0 0.5182292 0.9757813 0.0614583 0.0468750
3 0.3916667 0.3000000 0.0739583 0.1171875
0 0.6700521 0.1785156 0.0546875 0.1382812
2 0.6135417 0.7117187 0.0572917 0.1125000
2 0.5255208 0.3242188 0.1114583 0.0796875
2 0.8197917 0.6796875 0.1104167 0.0921875
4 0.4710937 0.8722656 0.0932292 0.0976562
5 0.7455729 0.4777344 0.0973958 0.1398437
1 0.6500000 0.5132813 0.0645833 0.0984375
4 0.3179688 0.4332031 0.0651042 0.1101562
0 0.7898437 0.5015625 0.1078125 0.0765625
3 0.4893229 0.3757813 0.0713542 0.1015625
2 0.5518229 0.5312500 0.0598958 0.1484375
4 0.3747396 0.3515625 0.0734375 0.1296875
2 0.3414063 0.3003906 0.0567708 0.0992187
0 0.4679687 0.6007813 0.0744792 0.1015625
1 0.4617188 0.9066406 0.0515625 0.0804688
3 0.4684896 0.6765625 0.0567708 0.1750000
5 0.5437500 0.7179688 0.0739583 0.0937500
2 0.4565104 0.2699219 0.0744792 0.1070312
0 0.6927083 0.4179688 0.1072917 0.0875000
5 0.7770833 0.5589844 0.1197917 0.1039063
1 0.5445313 0.4562500 0.0744792 0.1421875
2 0.6817708 0.6410156 0.0927083 0.0695313
3 0.4307292 0.2445313 0.0625000 0.1156250
3 0.6059896 0.5351562 0.0442708 0.1062500
4 0.4825521 0.2832031 0.0848958 0.1335938
4 0.5473958 0.7632813 0.0739583 0.1234375
4 0.6570312 0.2902344 0.1119792 0.0742188
1 0.7476563 0.3367188 0.0786458 0.0937500
3 0.5604167 0.3046875 0.1041667 0.1171875
2 0.4588542 0.5757813 0.0604167 0.1156250
5 0.3291667 0.4906250 0.0562500 0.0937500
3 0.5802083 0.8066406 0.0625000 0.1273438
3 0.4854167 0.1214844 0.0750000 0.1445312
1 0.3630208 0.4765625 0.1000000 0.0812500
0 0.5968750 0.4804688 0.1093750 0.1296875
5 0.4776042 0.9667969 0.0593750 0.0648438
3 0.4125000 0.7273437 0.0927083 0.0734375
3 0.5677083 0.2054688 0.0666667 0.0593750
3 0.7369792 0.8484375 0.1041667 0.0765625
4 0.4291667 0.5449219 0.0770833 0.1085938
1 0.5752604 0.7386719 0.0671875 0.1757812
4 0.4708333 0.7945313 0.0979167 0.0953125
3 0.5606771 0.3558594 0.0703125 0.1007813
3 0.4575521 0.1773437 0.1151042 0.0781250
5 0.7164063 0.4722656 0.1036458 0.1023437
4 0.5778646 0.2226562 0.1067708 0.0703125
0 0.2820313 0.0753906 0.1119792 0.0757812
0 0.4361979 0.7367187 0.0630208 0.0984375
4 0.3497396 0.8984375 0.0484375 0.1656250
7 0.3656250 0.8468750 0.0802083 0.1515625
10 0.4273438 0.3667969 0.0932292 0.0945312
6 0.5989583 0.2800781 0.0604167 0.1414063
