4 0.5388021 0.1242188 0.0744792 0.1265625
1 0.5958333 0.8449219 0.0614583 0.1757812
3 0.5281250 0.6585937 0.0843750 0.1203125
3 0.6692708 0.2281250 0.1177083 0.0890625
1 0.6291667 0.7289062 0.0833333 0.1250000
4 0.2380208 0.2914062 0.0750000 0.1703125
1 0.5906250 0.4589844 0.1343750 0.0992187
1 0.3210938 0.5554687 0.0546875 0.1671875
3 0.5138021 0.4792969 0.0880208 0.1164063
5 0.4796875 0.2777344 0.0906250 0.1898438
10 0.5669271 0.4820313 0.0994792 0.1000000
10 0.5231771 0.8882813 0.1119792 0.1140625
6 0.5187500 0.2761719 0.0666667 0.1523438
9 0.5320312 0.8976563 0.0796875 0.1390625
