0 0.4515625 0.5722656 0.0114583 0.0257812
0 0.5424479 0.4304688 0.0171875 0.0296875
1 0.5200521 0.6140625 0.0119792 0.0218750
1 0.4234375 0.5031250 0.0208333 0.0171875
4 0.5289063 0.2109375 0.0151042 0.0343750
3 0.5416667 0.3089844 0.0239583 0.0179687
1 0.2411458 0.3054688 0.0156250 0.0328125
0 0.4726562 0.6425781 0.0140625 0.0257812
6 0.5661458 0.0835937 0.0239583 0.0234375
11 0.5901042 0.2417969 0.0229167 0.0257812
6 0.6111979 0.5171875 0.0161458 0.0234375
9 0.6187500 0.1253906 0.0208333 0.0226562
10 0.6786458 0.4980469 0.0218750 0.0195312
7 0.6523438 0.7832031 0.0213542 0.0242188
