4 0.4973958 0.4300781 0.0291667 0.0820312
4 0.6020833 0.4457031 0.0437500 0.0757812
3 0.4635417 0.7582031 0.0260417 0.0460938
5 0.6197917 0.6953125 0.0562500 0.0546875
4 0.3817708 0.5148438 0.0416667 0.0484375
5 0.5406250 0.7316406 0.0479167 0.0320312
2 0.7268229 0.4011719 0.0494792 0.0460938
0 0.5747396 0.4328125 0.0536458 0.0359375
3 0.5013021 0.3648438 0.0380208 0.0687500
3 0.6229167 0.8726563 0.0468750 0.0453125
4 0.4981771 0.1859375 0.0442708 0.0781250
1 0.6604167 0.7039062 0.0333333 0.0812500
2 0.5406250 0.3582031 0.0531250 0.0429688
5 0.5010417 0.3351562 0.0468750 0.0406250
0 0.3307292 0.1492188 0.0510417 0.0531250
2 0.8052083 0.5808594 0.0270833 0.0382813
3 0.4872396 0.4921875 0.0473958 0.0359375
5 0.6445312 0.2406250 0.0557292 0.0375000
4 0.4145833 0.3609375 0.0437500 0.0343750
2 0.4960938 0.6082031 0.0484375 0.0507812
2 0.6320313 0.5398437 0.0588542 0.0468750
3 0.7039062 0.7660156 0.0473958 0.0445313
0 0.5393229 0.9039063 0.0359375 0.0765625
5 0.4953125 0.5878906 0.0375000 0.0398437
5 0.4158854 0.4472656 0.0244792 0.0804688
1 0.5497396 0.2574219 0.0369792 0.0507812
5 0.7984375 0.5707031 0.0541667 0.0429688
4 0.6726562 0.4429688 0.0328125 0.0640625
1 0.6588542 0.3074219 0.0572917 0.0414062
0 0.5289063 0.2890625 0.0390625 0.0359375
5 0.5476562 0.4484375 0.0442708 0.0468750
2 0.5307292 0.6996094 0.0343750 0.0460938
5 0.6455729 0.7496094 0.0276042 0.0820312
4 0.3505208 0.1707031 0.0406250 0.0804688
0 0.5059896 0.5496094 0.0505208 0.0367188
1 0.3390625 0.3558594 0.0468750 0.0382813
2 0.7182292 0.2656250 0.0593750 0.0390625
5 0.5973958 0.5714844 0.0364583 0.0492187
3 0.2867188 0.4871094 0.0494792 0.0523438
2 0.3924479 0.7410156 0.0265625 0.0804688
3 0.7893229 0.4425781 0.0536458 0.0570312
4 0.5281250 0.4171875 0.0281250 0.0390625
0 0.6848958 0.6226563 0.0572917 0.0421875
2 0.7145833 0.3496094 0.0552083 0.0398437
1 0.5421875 0.4230469 0.0291667 0.0804688
2 0.4244792 0.7488281 0.0437500 0.0726563
1 0.3809896 0.2808594 0.0401042 0.0664062
1 0.6195312 0.5914063 0.0369792 0.0578125
0 0.5109375 0.3425781 0.0541667 0.0664062
1 0.6041667 0.8421875 0.0406250 0.0703125
4 0.3705729 0.6785156 0.0255208 0.0476562
4 0.5682292 0.5410156 0.0510417 0.0289063
3 0.4429688 0.2175781 0.0348958 0.0585938
2 0.6296875 0.2894531 0.0541667 0.0429688
0 0.4533854 0.6160156 0.0536458 0.0382813
4 0.3528646 0.6261719 0.0244792 0.0789062
3 0.7205729 0.3578125 0.0588542 0.0328125
1 0.4119792 0.2039063 0.0281250 0.0828125
3 0.4877604 0.7000000 0.0390625 0.0734375
4 0.3960938 0.7035156 0.0276042 0.0460938
0 0.3812500 0.5558594 0.0312500 0.0414062
5 0.6213542 0.5957031 0.0395833 0.0539063
1 0.3104167 0.7250000 0.0572917 0.0359375
2 0.5328125 0.4566406 0.0447917 0.0351562
1 0.3187500 0.2863281 0.0302083 0.0851563
1 0.4091146 0.2277344 0.0557292 0.0492187
4 0.4906250 0.7097656 0.0385417 0.0554687
3 0.2518229 0.5308594 0.0588542 0.0585938
5 0.6674479 0.6792969 0.0255208 0.0570312
5 0.4234375 0.4964844 0.0583333 0.0445313
1 0.5158854 0.2851562 0.0296875 0.0484375
2 0.4080729 0.2203125 0.0442708 0.0484375
5 0.6151042 0.6285156 0.0552083 0.0382813
11 0.5208333 0.1847656 0.0343750 0.0804688
11 0.4812500 0.4179688 0.0489583 0.0515625
10 0.5192708 0.6066406 0.0416667 0.0789062
7 0.5947917 0.7195312 0.0479167 0.0687500
11 0.4067708 0.5628906 0.0375000 0.0570312
10 0.3466146 0.3695312 0.0453125 0.0640625
7 0.6143229 0.1640625 0.0338542 0.0781250
6 0.4705729 0.4761719 0.0473958 0.0523438
7 0.6104167 0.3472656 0.0385417 0.0804688
11 0.7080729 0.7312500 0.0338542 0.0781250
6 0.3833333 0.3441406 0.0531250 0.0585938
9 0.6442708 0.4375000 0.0489583 0.0531250
9 0.4976563 0.4652344 0.0484375 0.0789062
9 0.4588542 0.4097656 0.0437500 0.0476562
6 0.4559896 0.3191406 0.0317708 0.0570312
6 0.4460938 0.7812500 0.0401042 0.0750000
6 0.7210937 0.5539063 0.0536458 0.0515625
