0 0.3455729 0.4117188 0.0234375 0.0546875
5 0.4088542 0.3039062 0.0437500 0.0359375
0 0.5406250 0.8835937 0.0572917 0.0375000
0 0.4934896 0.7765625 0.0411458 0.0796875
2 0.3281250 0.5648437 0.0520833 0.0406250
2 0.2828125 0.6753906 0.0395833 0.0664062
1 0.3419271 0.2609375 0.0276042 0.0796875
1 0.5132813 0.2980469 0.0463542 0.0460938
0 0.5781250 0.6054688 0.0312500 0.0656250
1 0.5713542 0.6441406 0.0270833 0.0445313
3 0.6067708 0.7085938 0.0479167 0.0500000
3 0.4364583 0.7253906 0.0281250 0.0367188
0 0.2932292 0.5539063 0.0531250 0.0562500
2 0.3322917 0.5375000 0.0375000 0.0578125
3 0.6372396 0.7386719 0.0484375 0.0445313
5 0.5619792 0.3894531 0.0416667 0.0460938
5 0.2330729 0.4859375 0.0494792 0.0593750
5 0.6283854 0.6343750 0.0317708 0.0359375
3 0.5539063 0.2261719 0.0473958 0.0554687
2 0.5169271 0.7820312 0.0515625 0.0406250
2 0.5296875 0.1355469 0.0552083 0.0367188
2 0.3026042 0.8011719 0.0541667 0.0367188
2 0.2468750 0.4855469 0.0427083 0.0398437
0 0.6135417 0.3683594 0.0479167 0.0617188
1 0.4986979 0.4031250 0.0265625 0.0703125
3 0.5062500 0.1097656 0.0385417 0.0445313
5 0.4632812 0.8187500 0.0463542 0.0546875
5 0.6343750 0.2257812 0.0229167 0.0765625
4 0.7221354 0.4730469 0.0515625 0.0398437
2 0.6083333 0.3410156 0.0375000 0.0476562
0 0.6427083 0.3707031 0.0302083 0.0617188
0 0.3151042 0.4625000 0.0239583 0.0359375
1 0.6973958 0.6710938 0.0447917 0.0546875
4 0.4718750 0.1214844 0.0520833 0.0445313
5 0.6450521 0.5515625 0.0463542 0.0359375
2 0.5210938 0.0855469 0.0296875 0.0757812
2 0.4143229 0.5914063 0.0286458 0.0468750
2 0.5945312 0.1312500 0.0223958 0.0484375
2 0.4065104 0.0933594 0.0473958 0.0570312
2 0.5841146 0.4910156 0.0296875 0.0664062
4 0.7036458 0.3070312 0.0343750 0.0359375
2 0.4692708 0.1839844 0.0260417 0.0367188
5 0.4494792 0.5519531 0.0239583 0.0585938
5 0.5815104 0.3609375 0.0494792 0.0328125
2 0.7080729 0.6542969 0.0338542 0.0742188
11 0.7731771 0.7058594 0.0536458 0.0523438
10 0.4898438 0.7179688 0.0463542 0.0781250
7 0.5078125 0.4550781 0.0312500 0.0679687
11 0.4075521 0.8066406 0.0432292 0.0664062
6 0.4802083 0.2785156 0.0375000 0.0632812
10 0.2458333 0.3914063 0.0416667 0.0734375
8 0.5572917 0.7589844 0.0416667 0.0507812
6 0.2815104 0.6093750 0.0473958 0.0515625
6 0.4937500 0.6316406 0.0385417 0.0742188
6 0.5476562 0.2214844 0.0338542 0.0773438
9 0.4890625 0.4906250 0.0447917 0.0578125
8 0.4596354 0.4898438 0.0526042 0.0531250
7 0.6497396 0.0628906 0.0515625 0.0539063
8 0.4593750 0.3871094 0.0541667 0.0601563
7 0.5742188 0.6250000 0.0369792 0.0593750
9 0.5700521 0.4402344 0.0463542 0.0492187
10 0.3015625 0.6984375 0.0322917 0.0625000
10 0.3354167 0.7304688 0.0489583 0.0531250
11 0.6229167 0.4179688 0.0354167 0.0468750
11 0.4473958 0.7558594 0.0333333 0.0492187
