1 0.6541667 0.6199219 0.0260417 0.0242188
5 0.3804688 0.5695313 0.0109375 0.0234375
0 0.3601563 0.6332031 0.0276042 0.0179687
5 0.2536458 0.4410156 0.0166667 0.0210938
3 0.5945312 0.2925781 0.0171875 0.0304687
4 0.2744792 0.1867187 0.0145833 0.0390625
5 0.5669271 0.4453125 0.0223958 0.0343750
4 0.5174479 0.2250000 0.0161458 0.0359375
1 0.7460938 0.4562500 0.0161458 0.0203125
4 0.4192708 0.4496094 0.0177083 0.0257812
0 0.5067708 0.6703125 0.0156250 0.0359375
2 0.5914063 0.5519531 0.0140625 0.0257812
5 0.2927083 0.4402344 0.0250000 0.0195312
0 0.4497396 0.7070312 0.0276042 0.0187500
4 0.4843750 0.5527344 0.0197917 0.0164063
5 0.5414062 0.7445312 0.0223958 0.0296875
5 0.6096354 0.2519531 0.0182292 0.0367188
4 0.5924479 0.6273437 0.0234375 0.0265625
0 0.6174479 0.7304688 0.0255208 0.0281250
2 0.7125000 0.4023438 0.0197917 0.0250000
4 0.5078125 0.4968750 0.0145833 0.0328125
0 0.5195312 0.7898437 0.0234375 0.0265625
0 0.5375000 0.4625000 0.0187500 0.0203125
1 0.5010417 0.8195313 0.0270833 0.0203125
2 0.4166667 0.6296875 0.0239583 0.0203125
1 0.4208333 0.4472656 0.0135417 0.0382813
4 0.3992188 0.4816406 0.0140625 0.0304687
7 0.7411458 0.4789062 0.0250000 0.0234375
10 0.4942708 0.2222656 0.0208333 0.0273438
6 0.5377604 0.7289062 0.0203125 0.0406250
6 0.6929688 0.3730469 0.0182292 0.0351562
10 0.4453125 0.2992187 0.0239583 0.0296875
11 0.5611979 0.6289062 0.0255208 0.0250000
10 0.5067708 0.4316406 0.0250000 0.0257812
7 0.7320313 0.6980469 0.0244792 0.0242188
6 0.3606771 0.1863281 0.0265625 0.0304687
6 0.5552083 0.4832031 0.0250000 0.0257812
9 0.7317708 0.4820313 0.0260417 0.0296875
6 0.3546875 0.5320312 0.0239583 0.0296875
9 0.3846354 0.4906250 0.0182292 0.0312500
7 0.2539062 0.7488281 0.0161458 0.0398437
11 0.6526042 0.5687500 0.0239583 0.0234375
8 0.6744792 0.3453125 0.0260417 0.0250000
