2 0.5361979 0.2757812 0.0317708 0.0593750
0 0.3390625 0.2734375 0.0489583 0.0484375
5 0.3520833 0.6402344 0.0312500 0.0820312
1 0.6395833 0.1410156 0.0343750 0.0429688
5 0.5205729 0.6546875 0.0276042 0.0375000
5 0.3294271 0.5859375 0.0380208 0.0781250
4 0.4062500 0.3546875 0.0437500 0.0453125
1 0.5966146 0.1726563 0.0276042 0.0593750
9 0.5744792 0.2281250 0.0489583 0.0531250
11 0.7036458 0.7843750 0.0479167 0.0468750
9 0.5765625 0.6859375 0.0333333 0.0500000
6 0.3992188 0.5222656 0.0484375 0.0632812
8 0.7450521 0.3605469 0.0484375 0.0617188
7 0.6950521 0.7773438 0.0484375 0.0484375
9 0.4044271 0.5035156 0.0442708 0.0523438
