0 0.2960937 0.3964844 0.0338542 0.0554687
5 0.6882812 0.6296875 0.0630208 0.0500000
3 0.4026042 0.3976562 0.0520833 0.0703125
4 0.5067708 0.7828125 0.0635417 0.0484375
1 0.5953125 0.8984375 0.0666667 0.0468750
1 0.7070312 0.3187500 0.0463542 0.0906250
4 0.5140625 0.9875000 0.0354167 0.0234375
3 0.3028646 0.5507812 0.0411458 0.0484375
5 0.4018229 0.8328125 0.0463542 0.0718750
3 0.5895833 0.3343750 0.0583333 0.0421875
4 0.5789062 0.5105469 0.0453125 0.0789062
2 0.5739583 0.3503906 0.0520833 0.0632812
4 0.5075521 0.7085938 0.0546875 0.0437500
0 0.6328125 0.1523438 0.0510417 0.0781250
1 0.3875000 0.9429688 0.0354167 0.0906250
4 0.5744792 0.6386719 0.0625000 0.0476562
4 0.6130208 0.5250000 0.0510417 0.0656250
3 0.3018229 0.5148438 0.0619792 0.0828125
3 0.4523437 0.2609375 0.0619792 0.0468750
0 0.4661458 0.3207031 0.0322917 0.0929688
5 0.4992187 0.4183594 0.0588542 0.0679687
3 0.6697917 0.4156250 0.0270833 0.0796875
0 0.4333333 0.5640625 0.0354167 0.0812500
2 0.5484375 0.5691406 0.0322917 0.0585938
1 0.4059896 0.6437500 0.0359375 0.0515625
5 0.4153646 0.2300781 0.0546875 0.0789062
5 0.7604167 0.5546875 0.0354167 0.0546875
0 0.3197917 0.3566406 0.0604167 0.0382813
0 0.4515625 0.8437500 0.0375000 0.0718750
5 0.3117187 0.4699219 0.0494792 0.0773438
5 0.5369792 0.3906250 0.0479167 0.0437500
3 0.7473958 0.6753906 0.0489583 0.0710937
4 0.6041667 0.5847656 0.0322917 0.0898438
3 0.1979167 0.3988281 0.0572917 0.0554687
4 0.4442708 0.5738281 0.0312500 0.0679687
1 0.5125000 0.8320312 0.0562500 0.0453125
3 0.7156250 0.2000000 0.0635417 0.0484375
3 0.6104167 0.4855469 0.0343750 0.0757812
3 0.4851563 0.2156250 0.0515625 0.0843750
4 0.5395833 0.4394531 0.0520833 0.0648438
1 0.5567708 0.8367187 0.0416667 0.0593750
5 0.3182292 0.4222656 0.0625000 0.0445313
3 0.5684896 0.1273438 0.0557292 0.0609375
1 0.4794271 0.1210938 0.0505208 0.0609375
4 0.4723958 0.5187500 0.0500000 0.0515625
4 0.3968750 0.6468750 0.0593750 0.0406250
0 0.6520833 0.5437500 0.0281250 0.0531250
4 0.5867187 0.7828125 0.0505208 0.0546875
5 0.2622396 0.5011719 0.0348958 0.0695313
9 0.6114583 0.2359375 0.0625000 0.0812500
11 0.5033854 0.3078125 0.0421875 0.0796875
10 0.5213542 0.2496094 0.0416667 0.0617188
6 0.4091146 0.6953125 0.0609375 0.0593750
8 0.7385417 0.7765625 0.0666667 0.0656250
6 0.6843750 0.5066406 0.0572917 0.0570312
10 0.3135417 0.3289063 0.0614583 0.0609375
7 0.3606771 0.8250000 0.0421875 0.0640625
10 0.5111979 0.3667969 0.0380208 0.0867187
11 0.2315104 0.5691406 0.0442708 0.0695313
11 0.4492188 0.3062500 0.0526042 0.0937500
6 0.4367187 0.2445313 0.0380208 0.0593750
9 0.5968750 0.6589844 0.0593750 0.0929688
7 0.6489583 0.5984375 0.0437500 0.0906250
6 0.4174479 0.7273437 0.0619792 0.1000000
6 0.4609375 0.3625000 0.0593750 0.0609375
10 0.2968750 0.5687500 0.0468750 0.0578125
10 0.3375000 0.4890625 0.0510417 0.0859375
6 0.4906250 0.8125000 0.0562500 0.0796875
6 0.4875000 0.6164063 0.0593750 0.0718750
