5 0.4164062 0.5125000 0.0463542 0.0375000
0 0.5658854 0.1144531 0.0234375 0.0320312
4 0.6716146 0.1292969 0.0411458 0.0460938
3 0.7416667 0.4664063 0.0239583 0.0406250
3 0.3307292 0.3351562 0.0229167 0.0453125
3 0.5976562 0.2937500 0.0255208 0.0343750
3 0.3375000 0.5968750 0.0427083 0.0312500
0 0.7567708 0.3195312 0.0447917 0.0312500
2 0.4156250 0.3558594 0.0281250 0.0289063
5 0.4463542 0.3281250 0.0427083 0.0265625
3 0.7299479 0.7390625 0.0432292 0.0265625
5 0.6932292 0.4335938 0.0447917 0.0437500
1 0.5348958 0.5238281 0.0458333 0.0320312
5 0.5460938 0.6714844 0.0411458 0.0429688
2 0.5255208 0.1750000 0.0416667 0.0312500
1 0.4859375 0.7675781 0.0416667 0.0351562
4 0.4380208 0.6292969 0.0302083 0.0539063
4 0.5322917 0.7210937 0.0250000 0.0656250
1 0.4562500 0.4730469 0.0229167 0.0367188
5 0.5075521 0.1847656 0.0276042 0.0585938
4 0.6505208 0.6929688 0.0406250 0.0281250
3 0.7151042 0.6191406 0.0458333 0.0398437
1 0.4502604 0.6332031 0.0255208 0.0648438
1 0.5554687 0.8214844 0.0401042 0.0523438
5 0.3273437 0.7195312 0.0411458 0.0281250
2 0.7536458 0.7718750 0.0427083 0.0359375
3 0.5570312 0.8550781 0.0234375 0.0648438
0 0.8106771 0.4222656 0.0442708 0.0476562
5 0.6859375 0.2851562 0.0479167 0.0343750
2 0.4234375 0.8035156 0.0250000 0.0648438
5 0.2429688 0.5859375 0.0432292 0.0296875
4 0.6815104 0.3847656 0.0401042 0.0320312
1 0.5679688 0.4324219 0.0223958 0.0351562
2 0.5885417 0.7394531 0.0427083 0.0335937
4 0.6158854 0.4910156 0.0369792 0.0398437
5 0.5799479 0.1187500 0.0380208 0.0343750
0 0.3221354 0.5957031 0.0286458 0.0351562
0 0.6309896 0.4109375 0.0390625 0.0281250
2 0.6346354 0.4667969 0.0401042 0.0335937
5 0.7276042 0.4832031 0.0427083 0.0539063
0 0.4617188 0.7500000 0.0307292 0.0531250
1 0.4213542 0.7062500 0.0239583 0.0625000
2 0.5671875 0.5332031 0.0166667 0.0507812
2 0.3067708 0.5265625 0.0416667 0.0250000
2 0.5846354 0.7457031 0.0338542 0.0351562
4 0.3979167 0.3785156 0.0291667 0.0335937
5 0.5531250 0.6902344 0.0343750 0.0351562
5 0.6468750 0.5203125 0.0260417 0.0390625
4 0.3921875 0.2105469 0.0437500 0.0320312
3 0.3929687 0.6203125 0.0234375 0.0453125
0 0.7096354 0.6894531 0.0421875 0.0445313
1 0.5286458 0.3488281 0.0281250 0.0523438
3 0.6671875 0.2820313 0.0427083 0.0453125
5 0.4804688 0.4347656 0.0255208 0.0523438
0 0.6390625 0.6675781 0.0416667 0.0460938
5 0.4846354 0.2351563 0.0203125 0.0453125
1 0.6471354 0.6593750 0.0244792 0.0437500
3 0.4187500 0.4343750 0.0229167 0.0375000
7 0.3588542 0.5683594 0.0291667 0.0445313
6 0.5968750 0.1386719 0.0395833 0.0585938
6 0.4398437 0.4429688 0.0359375 0.0484375
8 0.5458333 0.3753906 0.0395833 0.0585938
11 0.3687500 0.8972656 0.0406250 0.0414062
11 0.4710937 0.6601562 0.0348958 0.0500000
7 0.7296875 0.6609375 0.0437500 0.0453125
8 0.5700521 0.7433594 0.0265625 0.0570312
