4 0.4403646 0.3496094 0.0692708 0.0804688
5 0.3111979 0.6113281 0.1130208 0.0664062
0 0.3156250 0.6601562 0.0677083 0.1171875
4 0.5888021 0.7289062 0.0973958 0.0718750
4 0.3960938 0.5230469 0.0432292 0.1429688
3 0.3221354 0.4460938 0.0994792 0.0953125
4 0.4216146 0.5812500 0.0890625 0.1031250
0 0.5549479 0.3792969 0.0598958 0.1601562
0 0.6083333 0.7035156 0.0625000 0.1554687
5 0.3953125 0.1652344 0.0593750 0.0789062
5 0.3716146 0.6796875 0.0442708 0.1015625
2 0.5908854 0.3621094 0.1109375 0.0789062
0 0.6929688 0.7304688 0.0869792 0.1015625
1 0.7244792 0.5726562 0.0791667 0.0843750
9 0.7625000 0.2613281 0.0760417 0.1398437
11 0.6812500 0.1515625 0.0791667 0.0906250
9 0.4218750 0.4730469 0.0947917 0.1210938
7 0.6716146 0.5183594 0.0776042 0.0992187
10 0.4252604 0.5355469 0.0911458 0.0898438
11 0.5361979 0.0769531 0.0703125 0.1539062
7 0.3346354 0.6566406 0.0817708 0.1132812
6 0.2867188 0.2003906 0.0807292 0.1414063
7 0.5851563 0.8105469 0.0869792 0.1164063
10 0.3166667 0.7851562 0.0854167 0.1500000
8 0.3981771 0.2726562 0.0807292 0.1234375
7 0.4578125 0.4394531 0.1041667 0.1351563
8 0.5296875 0.6695313 0.1010417 0.1343750
6 0.3049479 0.6066406 0.0963542 0.1164063
9 0.4895833 0.4507813 0.0802083 0.1406250
10 0.5833333 0.4164062 0.0895833 0.1046875
8 0.1812500 0.5070313 0.0916667 0.1125000
10 0.5328125 0.5574219 0.0750000 0.0976562
