2 0.4848958 0.9007812 0.0250000 0.0531250
5 0.6473958 0.3578125 0.0416667 0.0375000
2 0.5020833 0.2535156 0.0364583 0.0320312
0 0.5106771 0.2777344 0.0369792 0.0273438
0 0.6096354 0.4226563 0.0369792 0.0250000
3 0.5213542 0.3515625 0.0197917 0.0406250
4 0.7135417 0.8027344 0.0250000 0.0429688
3 0.6822917 0.2457031 0.0364583 0.0273438
5 0.4817708 0.2082031 0.0291667 0.0335937
9 0.3330729 0.6933594 0.0265625 0.0367188
10 0.3895833 0.4800781 0.0312500 0.0445313
9 0.5078125 0.5585938 0.0270833 0.0375000
11 0.5518229 0.1304687 0.0296875 0.0500000
6 0.5255208 0.5347656 0.0354167 0.0492187
10 0.5994792 0.4562500 0.0364583 0.0468750
9 0.4276042 0.2898438 0.0354167 0.0359375
11 0.6867188 0.4703125 0.0338542 0.0343750
