1 0.6635417 0.4312500 0.0479167 0.0453125
3 0.6380208 0.6609375 0.0572917 0.0390625
0 0.4888021 0.3695312 0.0526042 0.0343750
2 0.5807292 0.3714844 0.0552083 0.0398437
4 0.6239583 0.3703125 0.0479167 0.0562500
4 0.5744792 0.3171875 0.0343750 0.0671875
5 0.4015625 0.6253906 0.0572917 0.0570312
3 0.4703125 0.1804688 0.0458333 0.0640625
2 0.4731771 0.3703125 0.0348958 0.0406250
1 0.6304688 0.5578125 0.0463542 0.0437500
3 0.5328125 0.6144531 0.0333333 0.0804688
3 0.5153646 0.3171875 0.0463542 0.0546875
1 0.5083333 0.7800781 0.0312500 0.0460938
0 0.5572917 0.2101562 0.0468750 0.0562500
0 0.5510417 0.6109375 0.0437500 0.0468750
0 0.5031250 0.5785156 0.0541667 0.0445313
2 0.4718750 0.2468750 0.0333333 0.0765625
2 0.6854167 0.7253906 0.0458333 0.0429688
5 0.5979167 0.4128906 0.0593750 0.0460938
1 0.4877604 0.4601562 0.0307292 0.0343750
3 0.5994792 0.2335937 0.0583333 0.0406250
3 0.6130208 0.4027344 0.0593750 0.0414062
10 0.3114583 0.5039062 0.0468750 0.0750000
9 0.5471354 0.2628906 0.0328125 0.0757812
10 0.6174479 0.8453125 0.0494792 0.0484375
11 0.5653646 0.5730469 0.0484375 0.0476562
10 0.4148438 0.6683594 0.0526042 0.0523438
8 0.6276042 0.1890625 0.0364583 0.0765625
6 0.3989583 0.2722656 0.0416667 0.0523438
11 0.2851562 0.8429688 0.0369792 0.0796875
11 0.4479167 0.3828125 0.0531250 0.0625000
9 0.3528646 0.3695312 0.0348958 0.0578125
11 0.2721354 0.6242188 0.0463542 0.0546875
9 0.5291667 0.9640625 0.0354167 0.0703125
7 0.4713542 0.8675781 0.0395833 0.0539063
6 0.4968750 0.4820313 0.0489583 0.0484375
6 0.5596354 0.3953125 0.0401042 0.0468750
9 0.6848958 0.2179687 0.0489583 0.0484375
10 0.6968750 0.8019531 0.0520833 0.0507812
9 0.6158854 0.8113281 0.0484375 0.0554687
9 0.2914062 0.4062500 0.0348958 0.0765625
