0 0.6393229 0.7308594 0.0348958 0.0242188
0 0.6338542 0.1710937 0.0187500 0.0453125
1 0.6119792 0.5996094 0.0312500 0.0242188
4 0.4731771 0.2187500 0.0192708 0.0437500
1 0.6289062 0.3960938 0.0328125 0.0375000
1 0.4455729 0.4679687 0.0296875 0.0218750
3 0.6130208 0.5011719 0.0187500 0.0242188
1 0.5562500 0.2636719 0.0208333 0.0429688
1 0.6924479 0.4597656 0.0140625 0.0289063
1 0.7359375 0.3132813 0.0229167 0.0343750
0 0.4596354 0.5050781 0.0328125 0.0273438
1 0.6625000 0.6722656 0.0145833 0.0460938
0 0.6424479 0.9125000 0.0328125 0.0265625
4 0.6174479 0.5472656 0.0265625 0.0382813
4 0.4523437 0.6761719 0.0161458 0.0382813
0 0.5968750 0.4429688 0.0187500 0.0406250
1 0.4291667 0.4683594 0.0156250 0.0289063
4 0.7075521 0.6382813 0.0161458 0.0468750
5 0.4174479 0.5382813 0.0359375 0.0281250
1 0.5080729 0.9878906 0.0182292 0.0226562
5 0.4726562 0.3500000 0.0192708 0.0359375
5 0.5281250 0.4371094 0.0354167 0.0242188
4 0.6973958 0.7496094 0.0343750 0.0226562
5 0.7164063 0.5656250 0.0119792 0.0250000
5 0.3677083 0.7003906 0.0354167 0.0273438
5 0.6463542 0.7441406 0.0312500 0.0304687
2 0.6104167 0.7121094 0.0250000 0.0304687
5 0.3640625 0.7910156 0.0281250 0.0304687
3 0.5789062 0.7812500 0.0276042 0.0250000
5 0.4591146 0.4062500 0.0151042 0.0437500
3 0.3424479 0.5472656 0.0338542 0.0320312
3 0.5856771 0.5042969 0.0307292 0.0257812
3 0.6445312 0.4968750 0.0328125 0.0312500
1 0.3627604 0.2371094 0.0276042 0.0195312
2 0.5257812 0.8214844 0.0192708 0.0226562
4 0.4856771 0.5882812 0.0171875 0.0484375
1 0.4177083 0.3230469 0.0166667 0.0335937
0 0.7138021 0.6355469 0.0265625 0.0367188
2 0.6026042 0.8570313 0.0166667 0.0468750
4 0.6588542 0.5460938 0.0312500 0.0187500
1 0.3661458 0.2093750 0.0156250 0.0421875
0 0.4190104 0.6609375 0.0203125 0.0312500
8 0.4757812 0.5199219 0.0328125 0.0351562
9 0.6744792 0.5832031 0.0322917 0.0351562
8 0.2372396 0.3160156 0.0328125 0.0320312
9 0.4692708 0.3781250 0.0322917 0.0359375
7 0.5997396 0.3406250 0.0286458 0.0281250
8 0.4625000 0.4207031 0.0270833 0.0257812
9 0.3895833 0.1960938 0.0312500 0.0312500
11 0.5325521 0.6667969 0.0182292 0.0335937
7 0.5395833 0.4031250 0.0229167 0.0437500
10 0.5476562 0.4742188 0.0286458 0.0406250
6 0.2755208 0.7773438 0.0312500 0.0312500
11 0.7020833 0.4582031 0.0312500 0.0304687
10 0.6742187 0.7808594 0.0317708 0.0320312
8 0.4783854 0.4902344 0.0276042 0.0335937
8 0.6205729 0.7726563 0.0203125 0.0468750
11 0.6828125 0.3062500 0.0302083 0.0359375
