2 0.4848958 0.6214844 0.0229167 0.0460938
3 0.7273437 0.2371094 0.0463542 0.0273438
1 0.6507812 0.4781250 0.0348958 0.0421875
2 0.3515625 0.5773438 0.0416667 0.0359375
2 0.6466146 0.2996094 0.0421875 0.0304687
5 0.3075521 0.5671875 0.0411458 0.0437500
0 0.6723958 0.4980469 0.0437500 0.0289063
2 0.5622396 0.5703125 0.0203125 0.0640625
1 0.5101562 0.3671875 0.0359375 0.0359375
3 0.4552083 0.2710938 0.0385417 0.0296875
5 0.7718750 0.6593750 0.0250000 0.0343750
1 0.6802083 0.1265625 0.0218750 0.0437500
5 0.3463542 0.6839844 0.0333333 0.0289063
1 0.6669271 0.6417969 0.0203125 0.0476562
5 0.5312500 0.5964844 0.0312500 0.0507812
3 0.6236979 0.5121094 0.0432292 0.0398437
2 0.7523437 0.3667969 0.0463542 0.0273438
0 0.6330729 0.1539062 0.0328125 0.0343750
0 0.6325521 0.5835938 0.0203125 0.0390625
3 0.6661458 0.4355469 0.0395833 0.0320312
3 0.3052083 0.6507812 0.0437500 0.0328125
0 0.5794271 0.8070312 0.0359375 0.0359375
6 0.4072917 0.3429687 0.0322917 0.0531250
11 0.5257812 0.6214844 0.0307292 0.0617188
9 0.5338542 0.5906250 0.0427083 0.0421875
8 0.4765625 0.2289063 0.0385417 0.0484375
10 0.3653646 0.5324219 0.0265625 0.0601563
10 0.3171875 0.3816406 0.0395833 0.0382813
9 0.4346354 0.6445312 0.0380208 0.0515625
10 0.6268229 0.7183594 0.0390625 0.0460938
6 0.3958333 0.4640625 0.0291667 0.0359375
11 0.6575521 0.7851562 0.0369792 0.0359375
9 0.5429688 0.0527344 0.0401042 0.0492187
8 0.5182292 0.2382812 0.0375000 0.0453125
7 0.5257812 0.3250000 0.0348958 0.0593750
8 0.4846354 0.3746094 0.0317708 0.0382813
8 0.4861979 0.2859375 0.0317708 0.0625000
7 0.6119792 0.4929688 0.0406250 0.0593750
6 0.7416667 0.5835938 0.0385417 0.0546875
7 0.5309896 0.5226563 0.0255208 0.0375000
11 0.5828125 0.3921875 0.0375000 0.0468750
