0 0.3656250 0.6835938 0.0250000 0.0312500
5 0.7351562 0.3074219 0.0276042 0.0257812
3 0.7216146 0.4757812 0.0265625 0.0187500
0 0.6083333 0.3949219 0.0281250 0.0320312
1 0.5135417 0.4363281 0.0156250 0.0226562
5 0.4830729 0.1710937 0.0151042 0.0406250
1 0.6109375 0.5648437 0.0156250 0.0203125
2 0.3705729 0.7246094 0.0119792 0.0398437
2 0.4567708 0.2753906 0.0229167 0.0289063
5 0.5028646 0.8546875 0.0307292 0.0218750
5 0.4812500 0.6039062 0.0302083 0.0234375
0 0.4502604 0.4531250 0.0203125 0.0218750
5 0.2867188 0.4214844 0.0276042 0.0242188
3 0.5000000 0.6996094 0.0156250 0.0351562
5 0.4687500 0.3355469 0.0260417 0.0210938
1 0.6151042 0.4023438 0.0187500 0.0375000
2 0.3653646 0.3046875 0.0213542 0.0265625
1 0.6739583 0.6386719 0.0239583 0.0335937
4 0.4763021 0.1523438 0.0286458 0.0187500
1 0.6049479 0.8910156 0.0192708 0.0429688
5 0.2364583 0.6332031 0.0145833 0.0398437
3 0.7492188 0.5390625 0.0296875 0.0250000
2 0.3955729 0.5226563 0.0213542 0.0390625
5 0.4611979 0.5148438 0.0244792 0.0187500
4 0.4666667 0.6468750 0.0197917 0.0187500
4 0.7226562 0.3000000 0.0286458 0.0281250
4 0.6078125 0.7121094 0.0229167 0.0242188
5 0.2942708 0.3679688 0.0177083 0.0390625
3 0.7270833 0.5164062 0.0281250 0.0265625
11 0.3997396 0.5089844 0.0234375 0.0335937
7 0.6247396 0.4992187 0.0171875 0.0375000
7 0.2723958 0.6089844 0.0250000 0.0304687
8 0.4468750 0.8398438 0.0270833 0.0265625
9 0.3117187 0.4433594 0.0244792 0.0273438
7 0.3919271 0.6312500 0.0244792 0.0265625
11 0.6057292 0.5593750 0.0250000 0.0343750
11 0.5473958 0.5832031 0.0187500 0.0273438
9 0.4315104 0.1804688 0.0244792 0.0328125
6 0.8104167 0.7480469 0.0260417 0.0320312
7 0.5518229 0.2250000 0.0213542 0.0359375
6 0.3236979 0.4671875 0.0182292 0.0421875
