1 0.3213542 0.2332031 0.0260417 0.0226562
0 0.4867187 0.4429688 0.0296875 0.0265625
5 0.5872396 0.2417969 0.0182292 0.0429688
1 0.7468750 0.2953125 0.0197917 0.0406250
1 0.6148438 0.4425781 0.0182292 0.0273438
2 0.6372396 0.5324219 0.0265625 0.0320312
4 0.4924479 0.2179687 0.0161458 0.0343750
1 0.5273438 0.1847656 0.0171875 0.0335937
2 0.3302083 0.2117188 0.0156250 0.0265625
4 0.5604167 0.7171875 0.0156250 0.0406250
1 0.5992188 0.3140625 0.0296875 0.0250000
4 0.3955729 0.4300781 0.0328125 0.0210938
4 0.6687500 0.5226563 0.0229167 0.0359375
5 0.2846354 0.4390625 0.0286458 0.0203125
0 0.3492188 0.5046875 0.0286458 0.0234375
4 0.6242188 0.5378906 0.0307292 0.0210938
4 0.5533854 0.3621094 0.0130208 0.0445313
5 0.5802083 0.2824219 0.0302083 0.0226562
2 0.6427083 0.6539063 0.0312500 0.0218750
2 0.7658854 0.6335937 0.0296875 0.0328125
4 0.5578125 0.1367188 0.0312500 0.0218750
0 0.3046875 0.2789063 0.0281250 0.0218750
5 0.6057292 0.2621094 0.0104167 0.0382813
3 0.6572917 0.2574219 0.0187500 0.0445313
5 0.5182292 0.6539063 0.0166667 0.0406250
2 0.3960938 0.8015625 0.0296875 0.0234375
0 0.3692708 0.3867188 0.0302083 0.0265625
5 0.4942708 0.1781250 0.0197917 0.0234375
3 0.6164063 0.4042969 0.0317708 0.0320312
2 0.5937500 0.5199219 0.0302083 0.0210938
3 0.2888021 0.8519531 0.0151042 0.0382813
4 0.5130208 0.0988281 0.0177083 0.0445313
4 0.6708333 0.2648437 0.0239583 0.0328125
5 0.3947917 0.5414062 0.0197917 0.0406250
5 0.4203125 0.3187500 0.0166667 0.0343750
2 0.5278646 0.7628906 0.0182292 0.0445313
4 0.5442708 0.5261719 0.0302083 0.0195312
4 0.7536458 0.3121094 0.0218750 0.0445313
4 0.6385417 0.3257813 0.0281250 0.0234375
3 0.6919271 0.6214844 0.0213542 0.0273438
1 0.6575521 0.0726563 0.0307292 0.0234375
5 0.3992188 0.1398437 0.0161458 0.0500000
5 0.6205729 0.4460938 0.0296875 0.0234375
4 0.4166667 0.5648437 0.0145833 0.0250000
3 0.6700521 0.7390625 0.0119792 0.0218750
3 0.2502604 0.4562500 0.0317708 0.0281250
4 0.3005208 0.6937500 0.0322917 0.0171875
2 0.5531250 0.5285156 0.0218750 0.0304687
2 0.5208333 0.5167969 0.0166667 0.0367188
4 0.4473958 0.4265625 0.0166667 0.0437500
5 0.4888021 0.6570312 0.0265625 0.0218750
5 0.5989583 0.6765625 0.0270833 0.0312500
0 0.5304688 0.4355469 0.0171875 0.0460938
0 0.2346354 0.6179687 0.0244792 0.0390625
1 0.6546875 0.4656250 0.0177083 0.0328125
0 0.5000000 0.4054687 0.0145833 0.0343750
4 0.3674479 0.4777344 0.0286458 0.0257812
5 0.4807292 0.5707031 0.0250000 0.0242188
5 0.4453125 0.3835938 0.0239583 0.0375000
1 0.4161458 0.4210937 0.0145833 0.0234375
1 0.3304687 0.6500000 0.0192708 0.0421875
3 0.7359375 0.2335937 0.0281250 0.0265625
1 0.3085938 0.5433594 0.0338542 0.0242188
5 0.5320312 0.5765625 0.0296875 0.0218750
5 0.3044271 0.8449219 0.0317708 0.0226562
2 0.4895833 0.4347656 0.0177083 0.0164063
2 0.6236979 0.6355469 0.0203125 0.0257812
3 0.7005208 0.5734375 0.0333333 0.0234375
5 0.5716146 0.6375000 0.0182292 0.0281250
1 0.4307292 0.5414062 0.0156250 0.0343750
9 0.6598958 0.3390625 0.0239583 0.0343750
9 0.6343750 0.1078125 0.0281250 0.0375000
7 0.2658854 0.6484375 0.0255208 0.0359375
7 0.6263021 0.6886719 0.0223958 0.0429688
11 0.4591146 0.2750000 0.0265625 0.0265625
11 0.4567708 0.7300781 0.0291667 0.0320312
6 0.2750000 0.5425781 0.0270833 0.0273438
7 0.6697917 0.5121094 0.0281250 0.0335937
