3 0.5276042 0.7324219 0.0166667 0.0429688
3 0.5171875 0.3835938 0.0302083 0.0281250
4 0.5994792 0.6687500 0.0218750 0.0296875
0 0.3263021 0.5144531 0.0171875 0.0414062
2 0.6171875 0.2105469 0.0291667 0.0195312
1 0.5679688 0.3585937 0.0171875 0.0375000
1 0.3825521 0.6730469 0.0296875 0.0164063
4 0.5026042 0.8781250 0.0291667 0.0203125
3 0.5382813 0.5437500 0.0276042 0.0234375
3 0.7356771 0.4941406 0.0182292 0.0273438
0 0.5434896 0.6281250 0.0119792 0.0296875
5 0.5830729 0.6703125 0.0265625 0.0171875
2 0.5416667 0.5855469 0.0281250 0.0210938
2 0.6023437 0.5437500 0.0265625 0.0296875
0 0.3072917 0.3925781 0.0239583 0.0195312
0 0.7083333 0.6082031 0.0281250 0.0195312
1 0.5731771 0.2949219 0.0213542 0.0242188
2 0.5932292 0.8425781 0.0260417 0.0257812
0 0.5757813 0.4304688 0.0151042 0.0421875
5 0.5921875 0.3351562 0.0166667 0.0343750
0 0.5630208 0.2835937 0.0218750 0.0375000
2 0.3002604 0.3562500 0.0307292 0.0218750
5 0.3161458 0.3414063 0.0187500 0.0312500
4 0.5309896 0.7285156 0.0234375 0.0304687
2 0.6421875 0.4875000 0.0187500 0.0375000
2 0.4338542 0.5281250 0.0250000 0.0234375
0 0.6833333 0.5238281 0.0250000 0.0351562
4 0.6213542 0.6238281 0.0156250 0.0210938
5 0.4877604 0.6683594 0.0130208 0.0382813
4 0.3809896 0.8550781 0.0276042 0.0210938
0 0.7028646 0.7804688 0.0276042 0.0187500
2 0.5601563 0.2156250 0.0213542 0.0281250
0 0.4424479 0.5503906 0.0244792 0.0257812
2 0.5239583 0.2085937 0.0166667 0.0312500
4 0.2778646 0.6117187 0.0151042 0.0234375
4 0.5304688 0.4253906 0.0119792 0.0226562
5 0.3622396 0.7250000 0.0130208 0.0375000
2 0.6210938 0.5585938 0.0296875 0.0203125
0 0.5020833 0.2468750 0.0114583 0.0406250
5 0.5658854 0.5386719 0.0151042 0.0335937
2 0.3052083 0.5679688 0.0239583 0.0281250
5 0.3486979 0.4753906 0.0161458 0.0320312
4 0.3950521 0.2058594 0.0130208 0.0210938
0 0.6299479 0.5640625 0.0161458 0.0187500
5 0.2411458 0.3816406 0.0281250 0.0226562
2 0.5122396 0.2957031 0.0213542 0.0304687
1 0.3520833 0.9351563 0.0125000 0.0375000
2 0.2830729 0.5367188 0.0130208 0.0328125
1 0.5486979 0.3984375 0.0213542 0.0281250
4 0.7114583 0.7062500 0.0208333 0.0203125
3 0.4302083 0.7105469 0.0177083 0.0179687
0 0.6559896 0.3703125 0.0255208 0.0281250
5 0.5273438 0.1398437 0.0223958 0.0234375
2 0.3651042 0.7214844 0.0187500 0.0351562
4 0.3765625 0.1566406 0.0250000 0.0226562
5 0.4289062 0.6378906 0.0130208 0.0335937
1 0.4437500 0.5789062 0.0229167 0.0218750
3 0.5039062 0.5207031 0.0203125 0.0304687
10 0.4609375 0.4695313 0.0218750 0.0234375
7 0.4742188 0.2902344 0.0223958 0.0273438
6 0.3234375 0.2398437 0.0260417 0.0328125
