2 0.3872396 0.8265625 0.0234375 0.0375000
4 0.6453125 0.4093750 0.0260417 0.0265625
5 0.3283854 0.8316406 0.0286458 0.0242188
4 0.4953125 0.3324219 0.0156250 0.0351562
3 0.4632812 0.3546875 0.0151042 0.0171875
3 0.4304688 0.4355469 0.0213542 0.0320312
4 0.2921875 0.8566406 0.0166667 0.0335937
1 0.2458333 0.4191406 0.0187500 0.0195312
2 0.4294271 0.6300781 0.0255208 0.0226562
2 0.3518229 0.5812500 0.0265625 0.0203125
5 0.4369792 0.4097656 0.0177083 0.0335937
4 0.4549479 0.2136719 0.0244792 0.0304687
2 0.4182292 0.8000000 0.0156250 0.0234375
2 0.6127604 0.3015625 0.0244792 0.0171875
1 0.4432292 0.6109375 0.0145833 0.0421875
2 0.6989583 0.5250000 0.0208333 0.0281250
3 0.5130208 0.6730469 0.0239583 0.0242188
3 0.7450521 0.3320312 0.0203125 0.0218750
5 0.5765625 0.5601563 0.0239583 0.0250000
4 0.6601562 0.3851562 0.0265625 0.0265625
1 0.6312500 0.5457031 0.0145833 0.0242188
0 0.6161458 0.2449219 0.0177083 0.0351562
0 0.6130208 0.6359375 0.0197917 0.0312500
5 0.6697917 0.8101563 0.0281250 0.0218750
2 0.5854167 0.2285156 0.0260417 0.0179687
1 0.5937500 0.0988281 0.0114583 0.0382813
3 0.3242188 0.5753906 0.0244792 0.0289063
2 0.5026042 0.5335937 0.0177083 0.0312500
4 0.2559896 0.6304688 0.0255208 0.0156250
0 0.5809896 0.9160156 0.0171875 0.0445313
0 0.4768229 0.4015625 0.0140625 0.0406250
2 0.6401042 0.2851562 0.0125000 0.0437500
0 0.6848958 0.6867188 0.0239583 0.0296875
3 0.6700521 0.5601563 0.0171875 0.0359375
3 0.4403646 0.5390625 0.0203125 0.0203125
4 0.6606771 0.6074219 0.0192708 0.0351562
3 0.3901042 0.7058594 0.0166667 0.0445313
4 0.3619792 0.8339844 0.0166667 0.0367188
2 0.6588542 0.2339844 0.0135417 0.0398437
5 0.5125000 0.7144531 0.0125000 0.0382813
5 0.2565104 0.4152344 0.0265625 0.0242188
5 0.7669271 0.4140625 0.0296875 0.0234375
4 0.5604167 0.2789063 0.0260417 0.0218750
5 0.4031250 0.7082031 0.0218750 0.0351562
2 0.5705729 0.6835938 0.0255208 0.0203125
3 0.4968750 0.5949219 0.0218750 0.0242188
2 0.5768229 0.7136719 0.0265625 0.0195312
9 0.4158854 0.2289063 0.0234375 0.0234375
8 0.4127604 0.5257812 0.0244792 0.0328125
10 0.6539063 0.2117188 0.0265625 0.0250000
8 0.4296875 0.4140625 0.0177083 0.0375000
10 0.3656250 0.2699219 0.0260417 0.0257812
8 0.4283854 0.3878906 0.0255208 0.0304687
8 0.3239583 0.3914063 0.0250000 0.0234375
9 0.3994792 0.3281250 0.0177083 0.0343750
9 0.5263021 0.4968750 0.0255208 0.0281250
9 0.5523438 0.7835937 0.0265625 0.0312500
6 0.6789063 0.6835938 0.0244792 0.0343750
10 0.6562500 0.5445313 0.0270833 0.0359375
8 0.6104167 0.2117188 0.0229167 0.0265625
6 0.4992187 0.6500000 0.0265625 0.0265625
11 0.6796875 0.2984375 0.0239583 0.0250000
6 0.6265625 0.7703125 0.0270833 0.0296875
11 0.6351562 0.2984375 0.0234375 0.0265625
7 0.7546875 0.4777344 0.0239583 0.0242188
9 0.5265625 0.8160156 0.0229167 0.0382813
8 0.7000000 0.3578125 0.0250000 0.0250000
