1 0.5203125 0.4062500 0.0343750 0.0328125
4 0.7088542 0.5179687 0.0197917 0.0546875
3 0.5760417 0.7187500 0.0260417 0.0578125
3 0.6171875 0.1878906 0.0229167 0.0320312
1 0.6539063 0.4187500 0.0213542 0.0546875
2 0.5375000 0.4757812 0.0385417 0.0328125
0 0.5346354 0.1773437 0.0234375 0.0328125
5 0.3549479 0.4710937 0.0442708 0.0312500
1 0.4294271 0.3609375 0.0328125 0.0578125
3 0.2757812 0.5855469 0.0182292 0.0554687
0 0.4104167 0.6378906 0.0364583 0.0476562
3 0.4875000 0.5257812 0.0239583 0.0609375
2 0.6828125 0.6152344 0.0197917 0.0335937
4 0.5859375 0.6847656 0.0322917 0.0445313
1 0.6221354 0.9257812 0.0296875 0.0375000
3 0.6549479 0.7929688 0.0265625 0.0609375
4 0.4661458 0.3707031 0.0322917 0.0226562
1 0.5007812 0.4667969 0.0390625 0.0367188
5 0.4263021 0.7316406 0.0307292 0.0554687
4 0.7437500 0.6183594 0.0416667 0.0398437
0 0.7106771 0.5632812 0.0369792 0.0375000
1 0.4424479 0.2078125 0.0223958 0.0609375
0 0.5893229 0.7433594 0.0213542 0.0335937
2 0.6046875 0.6980469 0.0281250 0.0539063
5 0.4875000 0.2070312 0.0208333 0.0625000
3 0.5236979 0.7359375 0.0432292 0.0453125
5 0.6364583 0.2472656 0.0291667 0.0554687
2 0.4552083 0.7546875 0.0416667 0.0484375
2 0.5031250 0.7703125 0.0229167 0.0359375
10 0.6739583 0.8039063 0.0281250 0.0578125
8 0.5994792 0.6921875 0.0385417 0.0406250
6 0.4481771 0.6800781 0.0442708 0.0429688
11 0.5216146 0.1765625 0.0307292 0.0593750
6 0.2515625 0.3230469 0.0302083 0.0414062
9 0.3466146 0.2691406 0.0421875 0.0539063
7 0.5848958 0.5281250 0.0385417 0.0375000
7 0.5033854 0.8625000 0.0276042 0.0562500
7 0.4140625 0.8863281 0.0322917 0.0539063
8 0.6497396 0.6007813 0.0401042 0.0406250
11 0.5648437 0.4972656 0.0369792 0.0367188
10 0.5716146 0.3710938 0.0276042 0.0359375
