1 0.6049479 0.5347656 0.0234375 0.0289063
1 0.6710938 0.6410156 0.0296875 0.0226562
2 0.4942708 0.8125000 0.0270833 0.0296875
5 0.3559896 0.4957031 0.0213542 0.0304687
5 0.4658854 0.2566406 0.0140625 0.0210938
1 0.6664062 0.4851563 0.0223958 0.0312500
4 0.5739583 0.2273438 0.0250000 0.0234375
3 0.6075521 0.3226562 0.0244792 0.0296875
5 0.5033854 0.4933594 0.0286458 0.0273438
4 0.6260417 0.4105469 0.0260417 0.0195312
2 0.7046875 0.5824219 0.0208333 0.0226562
4 0.3148437 0.3218750 0.0265625 0.0187500
5 0.7614583 0.4816406 0.0218750 0.0367188
3 0.4760417 0.3960938 0.0145833 0.0453125
4 0.3880208 0.2449219 0.0187500 0.0414062
1 0.2653646 0.3718750 0.0255208 0.0281250
0 0.3528646 0.4207031 0.0223958 0.0351562
5 0.4085937 0.7273437 0.0151042 0.0406250
3 0.6322917 0.1375000 0.0145833 0.0421875
4 0.6888021 0.7570313 0.0223958 0.0203125
0 0.4080729 0.4945312 0.0244792 0.0312500
3 0.3200521 0.3429687 0.0244792 0.0312500
3 0.5005208 0.8089844 0.0270833 0.0179687
4 0.4226563 0.4390625 0.0296875 0.0218750
4 0.5817708 0.6609375 0.0291667 0.0187500
1 0.6622396 0.5347656 0.0234375 0.0367188
2 0.6682292 0.7273437 0.0260417 0.0218750
5 0.6578125 0.4023438 0.0281250 0.0218750
5 0.3684896 0.2308594 0.0140625 0.0320312
5 0.5119792 0.4281250 0.0302083 0.0218750
4 0.3625000 0.4535156 0.0208333 0.0226562
1 0.6726562 0.3203125 0.0244792 0.0328125
5 0.5778646 0.7980469 0.0140625 0.0289063
1 0.4695313 0.6792969 0.0203125 0.0242188
0 0.5911458 0.2546875 0.0250000 0.0265625
1 0.4979167 0.3042969 0.0187500 0.0398437
3 0.2510417 0.3246094 0.0291667 0.0226562
3 0.6635417 0.3246094 0.0239583 0.0257812
6 0.6609375 0.6332031 0.0229167 0.0367188
9 0.6674479 0.2917969 0.0255208 0.0257812
6 0.4559896 0.3929687 0.0161458 0.0343750
7 0.3291667 0.5996094 0.0177083 0.0398437
7 0.7906250 0.3281250 0.0260417 0.0250000
8 0.5932292 0.6234375 0.0270833 0.0312500
10 0.5760417 0.5062500 0.0270833 0.0265625
8 0.6992188 0.3539062 0.0286458 0.0328125
6 0.3651042 0.3187500 0.0281250 0.0281250
9 0.7263021 0.4691406 0.0255208 0.0351562
