5 0.6520833 0.3445313 0.0250000 0.0843750
3 0.4885417 0.3808594 0.0302083 0.0523438
2 0.2619792 0.5441406 0.0427083 0.0507812
1 0.4539063 0.8875000 0.0317708 0.0500000
1 0.5414062 0.7445312 0.0546875 0.0328125
4 0.5320312 0.4871094 0.0442708 0.0664062
2 0.6802083 0.4175781 0.0385417 0.0539063
2 0.6789063 0.5332031 0.0369792 0.0617188
5 0.2835937 0.3285156 0.0421875 0.0695313
5 0.5971354 0.6640625 0.0307292 0.0453125
4 0.5565104 0.4832031 0.0348958 0.0664062
5 0.7583333 0.2937500 0.0437500 0.0500000
1 0.6526042 0.2296875 0.0375000 0.0406250
5 0.6578125 0.2429688 0.0583333 0.0437500
0 0.5294271 0.3070312 0.0223958 0.0843750
0 0.5921875 0.1710937 0.0250000 0.0562500
4 0.3520833 0.2175781 0.0458333 0.0429688
1 0.4291667 0.3164062 0.0302083 0.0687500
1 0.7388021 0.5187500 0.0515625 0.0640625
1 0.4546875 0.4617188 0.0541667 0.0500000
3 0.4736979 0.0652344 0.0432292 0.0742188
0 0.4427083 0.3164062 0.0354167 0.0406250
3 0.5203125 0.6941406 0.0531250 0.0351562
1 0.6622396 0.7253906 0.0567708 0.0476562
0 0.6479167 0.8832031 0.0437500 0.0601563
5 0.6104167 0.6851563 0.0281250 0.0828125
4 0.4382813 0.2167969 0.0348958 0.0585938
0 0.4169271 0.6605469 0.0307292 0.0742188
0 0.5645833 0.5898438 0.0531250 0.0296875
5 0.6872396 0.5160156 0.0526042 0.0304687
1 0.7411458 0.4988281 0.0343750 0.0773438
0 0.2552083 0.4785156 0.0500000 0.0570312
0 0.7781250 0.5703125 0.0614583 0.0390625
5 0.2455729 0.6183594 0.0359375 0.0804688
2 0.3406250 0.3457031 0.0333333 0.0460938
1 0.4098958 0.5113281 0.0510417 0.0367188
2 0.4018229 0.6125000 0.0348958 0.0656250
2 0.6846354 0.2574219 0.0578125 0.0382813
0 0.3825521 0.1746094 0.0536458 0.0320312
5 0.3354167 0.3617187 0.0500000 0.0390625
5 0.4354167 0.2250000 0.0520833 0.0359375
2 0.6648437 0.7226562 0.0526042 0.0406250
5 0.4559896 0.4289062 0.0338542 0.0468750
4 0.5906250 0.6035156 0.0489583 0.0601563
0 0.5028646 0.4699219 0.0411458 0.0601563
0 0.5791667 0.5621094 0.0604167 0.0445313
3 0.8044271 0.4242187 0.0526042 0.0593750
2 0.6453125 0.1511719 0.0291667 0.0492187
0 0.5877604 0.0824219 0.0484375 0.0773438
5 0.5890625 0.4140625 0.0520833 0.0359375
5 0.6677083 0.7824219 0.0375000 0.0398437
5 0.4856771 0.6656250 0.0401042 0.0406250
1 0.6007813 0.0734375 0.0546875 0.0500000
0 0.5135417 0.7199219 0.0552083 0.0445313
5 0.5794271 0.3421875 0.0390625 0.0671875
1 0.4458333 0.7574219 0.0302083 0.0601563
4 0.7523437 0.3093750 0.0307292 0.0750000
0 0.6330729 0.3660156 0.0567708 0.0398437
2 0.6664062 0.3976562 0.0348958 0.0453125
1 0.2708333 0.2003906 0.0281250 0.0757812
3 0.3989583 0.4187500 0.0510417 0.0406250
3 0.5276042 0.4894531 0.0625000 0.0476562
0 0.3265625 0.8039063 0.0302083 0.0796875
3 0.6049479 0.5644531 0.0348958 0.0398437
2 0.2625000 0.6117187 0.0468750 0.0390625
2 0.5903646 0.8042969 0.0338542 0.0476562
0 0.7026042 0.7136719 0.0552083 0.0429688
8 0.5080729 0.3417969 0.0380208 0.0617188
9 0.3221354 0.3937500 0.0557292 0.0546875
10 0.5367188 0.1964844 0.0411458 0.0460938
8 0.7119792 0.3929687 0.0437500 0.0640625
10 0.6263021 0.7699219 0.0557292 0.0648438
6 0.5583333 0.3375000 0.0500000 0.0593750
11 0.4981771 0.3554688 0.0401042 0.0468750
11 0.5572917 0.6761719 0.0520833 0.0804688
6 0.6500000 0.1695312 0.0406250 0.0796875
6 0.5971354 0.3007812 0.0526042 0.0515625
10 0.4317708 0.6582031 0.0322917 0.0492187
9 0.4841146 0.4242187 0.0380208 0.0734375
10 0.5333333 0.5367188 0.0343750 0.0500000
11 0.3406250 0.3902344 0.0541667 0.0539063
