0 0.5736979 0.9082031 0.1005208 0.0882813
1 0.5638021 0.5660156 0.0640625 0.1023437
0 0.4966146 0.3234375 0.0411458 0.0781250
5 0.3565104 0.7851562 0.0651042 0.1203125
4 0.4966146 0.8199219 0.0932292 0.1039063
1 0.1921875 0.7062500 0.0812500 0.1187500
0 0.2718750 0.7878906 0.1010417 0.0679687
4 0.5955729 0.3984375 0.0473958 0.1078125
5 0.5338542 0.5601563 0.0968750 0.0718750
3 0.5401042 0.3941406 0.0958333 0.0757812
0 0.4072917 0.5210938 0.0739583 0.0890625
1 0.3585937 0.3656250 0.0546875 0.1046875
3 0.5335937 0.8734375 0.0588542 0.1437500
0 0.4783854 0.3910156 0.0901042 0.0789062
2 0.2080729 0.4609375 0.0963542 0.0921875
4 0.4044271 0.5812500 0.0828125 0.0671875
1 0.7091146 0.7488281 0.0942708 0.0820312
5 0.6130208 0.7289062 0.0479167 0.1234375
5 0.7213542 0.5398437 0.0583333 0.0750000
5 0.3190104 0.8632812 0.0484375 0.0812500
0 0.5414062 0.5832031 0.1005208 0.0882813
2 0.6346354 0.4910156 0.0640625 0.1054688
0 0.6901042 0.7503906 0.0593750 0.1304687
1 0.2682292 0.5820312 0.0979167 0.0828125
1 0.5888021 0.4136719 0.1036458 0.0742188
4 0.5427083 0.3535156 0.0468750 0.1289062
2 0.4901042 0.6039062 0.0593750 0.1546875
2 0.3294271 0.7500000 0.0942708 0.0812500
1 0.3645833 0.7195312 0.0645833 0.1468750
5 0.4375000 0.2882812 0.0416667 0.1406250
4 0.6158854 0.4488281 0.0901042 0.0632812
2 0.3338542 0.3281250 0.0541667 0.1406250
2 0.5143229 0.7464844 0.0567708 0.0570312
3 0.5114583 0.3421875 0.0781250 0.1015625
4 0.8302083 0.6613281 0.1052083 0.0742188
4 0.2908854 0.1835938 0.1005208 0.0656250
0 0.2234375 0.1847656 0.0447917 0.1351563
3 0.8052083 0.3468750 0.0875000 0.0890625
5 0.5372396 0.8066406 0.0786458 0.0695313
6 0.7729167 0.7417969 0.0822917 0.0945312
9 0.7677083 0.5527344 0.0927083 0.0914062
