0 0.6875000 0.3468750 0.0385417 0.0312500
3 0.5770833 0.4597656 0.0395833 0.0273438
1 0.5338542 0.2011719 0.0250000 0.0492187
1 0.4070313 0.1812500 0.0182292 0.0265625
0 0.6234375 0.8480469 0.0364583 0.0257812
2 0.5895833 0.0945312 0.0270833 0.0546875
4 0.6153646 0.4640625 0.0369792 0.0281250
5 0.5731771 0.2421875 0.0328125 0.0296875
3 0.5281250 0.2792969 0.0187500 0.0460938
2 0.5466146 0.4113281 0.0286458 0.0351562
2 0.3549479 0.7542969 0.0432292 0.0367188
5 0.5932292 0.1343750 0.0395833 0.0343750
0 0.5460938 0.5386719 0.0276042 0.0210938
5 0.6210938 0.2351563 0.0411458 0.0250000
0 0.6593750 0.7519531 0.0395833 0.0320312
5 0.3000000 0.2968750 0.0197917 0.0359375
0 0.6169271 0.3414063 0.0380208 0.0265625
2 0.6908854 0.4621094 0.0380208 0.0289063
1 0.6856771 0.7460938 0.0380208 0.0312500
0 0.3989583 0.2667969 0.0291667 0.0460938
5 0.5276042 0.5765625 0.0302083 0.0281250
3 0.5588542 0.3679688 0.0250000 0.0656250
3 0.6604167 0.4183594 0.0364583 0.0226562
5 0.6820312 0.2750000 0.0432292 0.0265625
2 0.6927083 0.3808594 0.0416667 0.0289063
1 0.3856771 0.1550781 0.0182292 0.0570312
2 0.6205729 0.3546875 0.0380208 0.0312500
4 0.5546875 0.4972656 0.0385417 0.0289063
0 0.4382813 0.9554687 0.0359375 0.0359375
1 0.6916667 0.3777344 0.0354167 0.0445313
0 0.4018229 0.8199219 0.0265625 0.0523438
1 0.5132813 0.4562500 0.0296875 0.0218750
5 0.4111979 0.5054688 0.0234375 0.0359375
5 0.2640625 0.2582031 0.0291667 0.0523438
1 0.6427083 0.3597656 0.0354167 0.0289063
5 0.6216146 0.6863281 0.0182292 0.0445313
1 0.7080729 0.8496094 0.0380208 0.0273438
0 0.5859375 0.5070313 0.0312500 0.0406250
0 0.3343750 0.3417969 0.0145833 0.0304687
0 0.4072917 0.2867188 0.0166667 0.0281250
4 0.6250000 0.5785156 0.0333333 0.0351562
2 0.2515625 0.4214844 0.0322917 0.0507812
0 0.6846354 0.6070313 0.0369792 0.0265625
2 0.5054688 0.5460938 0.0161458 0.0296875
5 0.4476562 0.2281250 0.0348958 0.0437500
4 0.5625000 0.2425781 0.0302083 0.0257812
4 0.3518229 0.6703125 0.0286458 0.0343750
5 0.5846354 0.5191406 0.0390625 0.0289063
1 0.5406250 0.1976563 0.0187500 0.0437500
2 0.5729167 0.3320312 0.0364583 0.0265625
2 0.6197917 0.6656250 0.0375000 0.0421875
3 0.4466146 0.5367188 0.0317708 0.0359375
2 0.4700521 0.0605469 0.0338542 0.0414062
3 0.5164062 0.7765625 0.0234375 0.0281250
0 0.4666667 0.5414062 0.0218750 0.0593750
0 0.5653646 0.5746094 0.0203125 0.0304687
1 0.5440104 0.6753906 0.0213542 0.0445313
3 0.4906250 0.8023438 0.0197917 0.0296875
3 0.4174479 0.2539062 0.0213542 0.0578125
2 0.5619792 0.8140625 0.0312500 0.0375000
4 0.5460938 0.4507813 0.0307292 0.0265625
5 0.5085937 0.4703125 0.0328125 0.0296875
0 0.6497396 0.6296875 0.0234375 0.0421875
3 0.4598958 0.8187500 0.0322917 0.0421875
5 0.5106771 0.7238281 0.0255208 0.0476562
5 0.5179687 0.1164063 0.0265625 0.0453125
1 0.3736979 0.4652344 0.0380208 0.0304687
0 0.6833333 0.3593750 0.0375000 0.0250000
0 0.3916667 0.2871094 0.0312500 0.0460938
3 0.6651042 0.6683594 0.0416667 0.0382813
3 0.5000000 0.7996094 0.0291667 0.0367188
5 0.4838542 0.1750000 0.0364583 0.0343750
5 0.4489583 0.6492187 0.0375000 0.0312500
9 0.6190104 0.4718750 0.0286458 0.0484375
6 0.5140625 0.2578125 0.0375000 0.0421875
7 0.6385417 0.2699219 0.0385417 0.0445313
9 0.3174479 0.1640625 0.0234375 0.0546875
11 0.6752604 0.3878906 0.0265625 0.0523438
11 0.3575521 0.3332031 0.0286458 0.0492187
8 0.5614583 0.8246094 0.0260417 0.0460938
7 0.6643229 0.5265625 0.0369792 0.0359375
9 0.2153646 0.4109375 0.0317708 0.0562500
8 0.3179688 0.5652344 0.0348958 0.0382813
11 0.7039062 0.2832031 0.0296875 0.0554687
11 0.6299479 0.7539062 0.0348958 0.0343750
10 0.4518229 0.4605469 0.0265625 0.0476562
