5 0.5841146 0.7175781 0.0203125 0.0210938
1 0.6963542 0.6597656 0.0229167 0.0179687
2 0.6403646 0.5511719 0.0119792 0.0210938
2 0.5804687 0.2960937 0.0192708 0.0296875
2 0.3510417 0.2144531 0.0135417 0.0210938
0 0.4835937 0.8304687 0.0109375 0.0218750
5 0.5882812 0.4390625 0.0130208 0.0312500
5 0.6986979 0.4105469 0.0203125 0.0195312
3 0.6888021 0.3113281 0.0213542 0.0195312
0 0.5632812 0.6390625 0.0203125 0.0171875
4 0.4953125 0.4597656 0.0093750 0.0148437
1 0.5132813 0.7035156 0.0255208 0.0164063
2 0.4197917 0.6738281 0.0239583 0.0210938
5 0.7250000 0.4894531 0.0250000 0.0179687
4 0.5882812 0.5210938 0.0171875 0.0203125
3 0.2442708 0.6492187 0.0104167 0.0171875
5 0.5768229 0.6972656 0.0244792 0.0179687
5 0.3976562 0.4394531 0.0098958 0.0164063
3 0.6148438 0.5906250 0.0109375 0.0187500
1 0.5947917 0.7378906 0.0156250 0.0148437
3 0.6757812 0.3386719 0.0234375 0.0164063
1 0.4429688 0.7281250 0.0192708 0.0281250
3 0.7695312 0.6656250 0.0192708 0.0265625
2 0.4593750 0.3636719 0.0125000 0.0367188
2 0.7049479 0.4406250 0.0171875 0.0203125
1 0.3098958 0.6250000 0.0197917 0.0218750
1 0.6497396 0.3058594 0.0140625 0.0148437
2 0.4450521 0.3472656 0.0161458 0.0226562
4 0.5841146 0.7812500 0.0130208 0.0375000
4 0.5281250 0.2035156 0.0229167 0.0257812
2 0.4640625 0.2898438 0.0135417 0.0296875
1 0.5880208 0.7238281 0.0229167 0.0164063
4 0.4369792 0.2988281 0.0114583 0.0164063
1 0.6708333 0.4308594 0.0208333 0.0195312
0 0.6039062 0.1554687 0.0223958 0.0265625
3 0.6078125 0.6550781 0.0239583 0.0210938
1 0.2914062 0.5679688 0.0223958 0.0156250
1 0.3132813 0.5226563 0.0203125 0.0187500
4 0.6000000 0.5003906 0.0177083 0.0257812
2 0.6822917 0.4675781 0.0135417 0.0351562
3 0.3684896 0.2351563 0.0140625 0.0312500
3 0.4328125 0.4035156 0.0156250 0.0367188
4 0.5226563 0.7488281 0.0130208 0.0226562
5 0.6111979 0.3957031 0.0213542 0.0195312
5 0.5380208 0.4769531 0.0218750 0.0242188
4 0.6726562 0.2753906 0.0109375 0.0164063
1 0.4721354 0.4195313 0.0223958 0.0156250
1 0.5304688 0.9312500 0.0192708 0.0234375
3 0.6604167 0.6480469 0.0145833 0.0367188
1 0.3783854 0.1937500 0.0234375 0.0187500
2 0.4940104 0.6667969 0.0109375 0.0351562
2 0.4281250 0.1757812 0.0135417 0.0296875
1 0.3898437 0.2035156 0.0213542 0.0210938
4 0.6794271 0.3726563 0.0192708 0.0250000
0 0.4010417 0.6457031 0.0125000 0.0289063
0 0.4531250 0.2980469 0.0125000 0.0320312
3 0.2861979 0.3996094 0.0098958 0.0132812
4 0.5281250 0.5039062 0.0197917 0.0203125
3 0.5531250 0.3980469 0.0177083 0.0273438
0 0.5932292 0.6937500 0.0239583 0.0171875
2 0.4640625 0.4574219 0.0177083 0.0195312
2 0.3289063 0.4238281 0.0244792 0.0210938
5 0.4833333 0.0960938 0.0218750 0.0187500
0 0.4976563 0.4390625 0.0140625 0.0328125
2 0.5234375 0.7476563 0.0166667 0.0281250
4 0.3666667 0.2875000 0.0197917 0.0156250
9 0.2919271 0.8144531 0.0223958 0.0226562
7 0.3895833 0.5078125 0.0135417 0.0203125
10 0.5231771 0.6269531 0.0140625 0.0304687
7 0.6125000 0.1988281 0.0156250 0.0320312
9 0.6057292 0.2976563 0.0218750 0.0218750
10 0.7841146 0.8773437 0.0223958 0.0218750
11 0.4341146 0.6281250 0.0161458 0.0343750
9 0.4382813 0.3343750 0.0171875 0.0296875
