3 0.5554687 0.8074219 0.1151042 0.0851563
1 0.4174479 0.3574219 0.0859375 0.0960938
4 0.4015625 0.6074219 0.0718750 0.1695312
4 0.6750000 0.4394531 0.1041667 0.0695313
5 0.2341146 0.4429688 0.1203125 0.0812500
3 0.5541667 0.2296875 0.0562500 0.0812500
5 0.3304687 0.5218750 0.0859375 0.1625000
1 0.4174479 0.2265625 0.0765625 0.1218750
4 0.6140625 0.7308594 0.1166667 0.0820312
2 0.6476563 0.5394531 0.1088542 0.0773438
1 0.4578125 0.5628906 0.0729167 0.1476562
0 0.6169271 0.8308594 0.0901042 0.1101562
2 0.7346354 0.3480469 0.1067708 0.1148437
2 0.3822917 0.7785156 0.0562500 0.1414063
3 0.4757812 0.1105469 0.0526042 0.1039063
5 0.3692708 0.5371094 0.0572917 0.1070312
3 0.2552083 0.6500000 0.0614583 0.1078125
2 0.6200521 0.3851562 0.0598958 0.1640625
0 0.6916667 0.7085938 0.0697917 0.1843750
1 0.6656250 0.5246094 0.0760417 0.1429688
2 0.5734375 0.3851562 0.1000000 0.1156250
5 0.5351562 0.7906250 0.0984375 0.0781250
0 0.6830729 0.2558594 0.0776042 0.0773438
3 0.4611979 0.8027344 0.0838542 0.0898438
2 0.4361979 0.4824219 0.1005208 0.1164063
2 0.5263021 0.4390625 0.0640625 0.1843750
5 0.4549479 0.3808594 0.0609375 0.1507813
1 0.6190104 0.2511719 0.0557292 0.1414063
1 0.4802083 0.5453125 0.0843750 0.1062500
2 0.2067708 0.6621094 0.1145833 0.0945312
8 0.3846354 0.7175781 0.1057292 0.1039063
9 0.5721354 0.3933594 0.0921875 0.0992187
10 0.6158854 0.8011719 0.1057292 0.1195313
7 0.3757813 0.1722656 0.0911458 0.1429688
9 0.5835938 0.6300781 0.1109375 0.1070312
10 0.7171875 0.4476562 0.1000000 0.1046875
8 0.6122396 0.4078125 0.0703125 0.1515625
6 0.6645833 0.9648438 0.0677083 0.0687500
7 0.7033854 0.7644531 0.0994792 0.0976562
6 0.4588542 0.2324219 0.0677083 0.1554687
6 0.4851563 0.5203125 0.0953125 0.1234375
11 0.5072917 0.5738281 0.0656250 0.1492188
10 0.6820312 0.3601563 0.0984375 0.1140625
9 0.3414063 0.1304687 0.0776042 0.1609375
