0 0.6119792 0.1578125 0.0218750 0.0156250
1 0.2640625 0.5085937 0.0218750 0.0187500
4 0.3700521 0.8750000 0.0151042 0.0250000
2 0.3229167 0.2234375 0.0197917 0.0187500
2 0.4989583 0.8531250 0.0125000 0.0156250
4 0.5476562 0.6734375 0.0119792 0.0218750
2 0.6388021 0.7039062 0.0203125 0.0187500
5 0.4276042 0.5269531 0.0260417 0.0210938
2 0.4937500 0.6601562 0.0125000 0.0203125
0 0.4861979 0.5730469 0.0151042 0.0164063
5 0.7351562 0.5292969 0.0223958 0.0195312
0 0.6317708 0.3054688 0.0239583 0.0171875
4 0.3109375 0.7160156 0.0208333 0.0226562
4 0.2864583 0.7355469 0.0114583 0.0257812
4 0.6013021 0.1320312 0.0151042 0.0171875
4 0.3484375 0.9042969 0.0218750 0.0195312
4 0.2169271 0.1984375 0.0234375 0.0187500
0 0.3770833 0.9109375 0.0208333 0.0187500
2 0.6815104 0.2292969 0.0109375 0.0351562
5 0.5401042 0.5917969 0.0208333 0.0179687
3 0.3549479 0.4191406 0.0223958 0.0210938
1 0.4127604 0.2050781 0.0098958 0.0335937
3 0.6132812 0.7519531 0.0234375 0.0226562
2 0.5572917 0.4824219 0.0145833 0.0226562
1 0.5330729 0.8179688 0.0130208 0.0156250
1 0.4664063 0.8117188 0.0234375 0.0234375
4 0.3221354 0.3648438 0.0161458 0.0171875
2 0.3635417 0.6628906 0.0177083 0.0210938
0 0.6148438 0.4027344 0.0130208 0.0226562
10 0.5739583 0.5355469 0.0177083 0.0195312
8 0.3591146 0.6546875 0.0203125 0.0218750
8 0.6455729 0.7285156 0.0244792 0.0367188
8 0.4786458 0.5015625 0.0197917 0.0343750
9 0.4216146 0.4070313 0.0213542 0.0218750
