4 0.4971354 0.5199219 0.0651042 0.0460938
4 0.7130208 0.5617188 0.0697917 0.0703125
4 0.6359375 0.5878906 0.0427083 0.0898438
2 0.4776042 0.1968750 0.0729167 0.0687500
0 0.3031250 0.6339844 0.0583333 0.0773438
5 0.5302083 0.2562500 0.0697917 0.0453125
0 0.5705729 0.5820312 0.0755208 0.0593750
5 0.7143229 0.6449219 0.0453125 0.0539063
0 0.4377604 0.9457031 0.0630208 0.0742188
5 0.5427083 0.6566406 0.0416667 0.0914062
4 0.6361979 0.8093750 0.0682292 0.0484375
5 0.6281250 0.3386719 0.0531250 0.0804688
5 0.2515625 0.4238281 0.0739583 0.0476562
1 0.5533854 0.7042969 0.0671875 0.0539063
3 0.6835938 0.3671875 0.0796875 0.0609375
1 0.4171875 0.3046875 0.0416667 0.0812500
5 0.4302083 0.4785156 0.0666667 0.0664062
1 0.8158854 0.4234375 0.0432292 0.1078125
5 0.4760417 0.6347656 0.0458333 0.0445313
5 0.3250000 0.2492187 0.0750000 0.0453125
5 0.7515625 0.7894531 0.0729167 0.0585938
1 0.6833333 0.7835937 0.0666667 0.0390625
4 0.6971354 0.5894531 0.0682292 0.0429688
5 0.6776042 0.9207031 0.0302083 0.0960938
2 0.5315104 0.4835937 0.0546875 0.0468750
3 0.7411458 0.3703125 0.0343750 0.0546875
4 0.5885417 0.5824219 0.0458333 0.0835937
4 0.3888021 0.1816406 0.0421875 0.0976562
0 0.5804687 0.8589844 0.0578125 0.0492187
5 0.6481771 0.8378906 0.0661458 0.0507812
5 0.3861979 0.5871094 0.0369792 0.0554687
4 0.6153646 0.3683594 0.0651042 0.0414062
4 0.5312500 0.2796875 0.0635417 0.0750000
2 0.5445313 0.7566406 0.0578125 0.0960938
1 0.4179688 0.2359375 0.0473958 0.0953125
1 0.4833333 0.3742187 0.0479167 0.0546875
1 0.6979167 0.2847656 0.0729167 0.0632812
2 0.3666667 0.7945313 0.0666667 0.0546875
3 0.4468750 0.1441406 0.0500000 0.0632812
0 0.3765625 0.4617188 0.0385417 0.0968750
2 0.6119792 0.3214844 0.0697917 0.0507812
1 0.4364583 0.3707031 0.0406250 0.0414062
0 0.3013021 0.2609375 0.0557292 0.0640625
3 0.4893229 0.8300781 0.0744792 0.0539063
0 0.5109375 0.2714844 0.0645833 0.0773438
3 0.7247396 0.6003906 0.0765625 0.0492187
1 0.4106771 0.1277344 0.0369792 0.0492187
2 0.5510417 0.7667969 0.0458333 0.0554687
0 0.5453125 0.4964844 0.0437500 0.0648438
0 0.4565104 0.8355469 0.0536458 0.0851563
2 0.3841146 0.2636719 0.0453125 0.0914062
3 0.5020833 0.1527344 0.0625000 0.0851563
0 0.5250000 0.4539063 0.0572917 0.0953125
5 0.2888021 0.6183594 0.0734375 0.0539063
1 0.4716146 0.6832031 0.0328125 0.0867187
1 0.7307292 0.6941406 0.0697917 0.0492187
0 0.6356771 0.7570313 0.0463542 0.0890625
3 0.3869792 0.7156250 0.0687500 0.0437500
1 0.5791667 0.6945313 0.0697917 0.0531250
1 0.6304688 0.3335938 0.0494792 0.0437500
1 0.4104167 0.2472656 0.0593750 0.0835937
2 0.4658854 0.3976562 0.0661458 0.0500000
0 0.4614583 0.6484375 0.0552083 0.0750000
2 0.3390625 0.5914063 0.0791667 0.0500000
0 0.4763021 0.4515625 0.0348958 0.0937500
2 0.3091146 0.6546875 0.0442708 0.0984375
1 0.4778646 0.6617188 0.0588542 0.0671875
5 0.3588542 0.5746094 0.0354167 0.0492187
2 0.6049479 0.5582031 0.0682292 0.0445313
1 0.4403646 0.3324219 0.0640625 0.0554687
3 0.3552083 0.5074219 0.0625000 0.0820312
3 0.5734375 0.7207031 0.0489583 0.0648438
11 0.5005208 0.7121094 0.0437500 0.0882813
8 0.6513021 0.2562500 0.0588542 0.0890625
9 0.6765625 0.3269531 0.0697917 0.0679687
7 0.4875000 0.6718750 0.0427083 0.0968750
10 0.6171875 0.2125000 0.0687500 0.0656250
11 0.6583333 0.4371094 0.0562500 0.0789062
9 0.5804687 0.3476562 0.0619792 0.0796875
9 0.3369792 0.8324219 0.0666667 0.0742188
6 0.3882813 0.4671875 0.0463542 0.0828125
7 0.2476562 0.5152344 0.0671875 0.0914062
11 0.2539062 0.5910156 0.0484375 0.0710937
9 0.4684896 0.2980469 0.0546875 0.0617188
6 0.7369792 0.2296875 0.0666667 0.0671875
