4 0.5177083 0.6378906 0.0250000 0.0554687
5 0.7075521 0.4960938 0.0140625 0.0281250
1 0.5802083 0.3707031 0.0364583 0.0257812
5 0.7583333 0.5156250 0.0406250 0.0265625
2 0.4078125 0.3910156 0.0354167 0.0414062
5 0.4770833 0.1937500 0.0354167 0.0359375
5 0.4471354 0.1878906 0.0317708 0.0351562
5 0.3447917 0.7632813 0.0250000 0.0515625
3 0.6104167 0.7179688 0.0416667 0.0281250
0 0.5794271 0.3457031 0.0161458 0.0226562
4 0.5078125 0.6773438 0.0385417 0.0343750
5 0.6617188 0.4632812 0.0348958 0.0250000
3 0.7098958 0.5074219 0.0364583 0.0289063
4 0.6338542 0.6488281 0.0343750 0.0273438
3 0.4825521 0.6988281 0.0244792 0.0429688
5 0.3015625 0.4023438 0.0208333 0.0312500
7 0.5929688 0.5687500 0.0369792 0.0453125
8 0.7755208 0.4140625 0.0343750 0.0421875
8 0.4023438 0.4109375 0.0244792 0.0546875
8 0.5286458 0.7710938 0.0375000 0.0359375
10 0.7072917 0.6820312 0.0375000 0.0421875
6 0.4018229 0.7558594 0.0255208 0.0554687
