1 0.6062500 0.4417969 0.1083333 0.0710937
2 0.5117188 0.5707031 0.0859375 0.0632812
3 0.5572917 0.5285156 0.0687500 0.1570313
5 0.6255208 0.4828125 0.0718750 0.1093750
3 0.5315104 0.6804687 0.0744792 0.1234375
3 0.6700521 0.4832031 0.1078125 0.0835937
4 0.5283854 0.3996094 0.1140625 0.1023437
2 0.7231771 0.5167969 0.0921875 0.0851563
3 0.6627604 0.6152344 0.1026042 0.0695313
3 0.2794271 0.4003906 0.0796875 0.1101562
4 0.5242187 0.8281250 0.0651042 0.0687500
4 0.7356771 0.3007812 0.0786458 0.1375000
0 0.3726563 0.6324219 0.1119792 0.0914062
2 0.5705729 0.6500000 0.1015625 0.0593750
3 0.6807292 0.5050781 0.0468750 0.1492188
4 0.5583333 0.3566406 0.0552083 0.1585938
5 0.3622396 0.2121094 0.0869792 0.0992187
3 0.4242187 0.4230469 0.0651042 0.1070312
2 0.5554687 0.5621094 0.0661458 0.1429688
0 0.3296875 0.3070312 0.0510417 0.0687500
3 0.7468750 0.8554688 0.1031250 0.0703125
0 0.5841146 0.3875000 0.0432292 0.0718750
4 0.5653646 0.6460938 0.1026042 0.0781250
3 0.2570312 0.4511719 0.1078125 0.1023437
0 0.6177083 0.7312500 0.0812500 0.1312500
4 0.2539062 0.2226562 0.0505208 0.1531250
5 0.2562500 0.5859375 0.1041667 0.0937500
0 0.6195312 0.5964844 0.0901042 0.0992187
3 0.5270833 0.2246094 0.0447917 0.1445312
0 0.4643229 0.4441406 0.0578125 0.0929688
5 0.6729167 0.6863281 0.0958333 0.0835937
0 0.2138021 0.6167969 0.0848958 0.0914062
2 0.6236979 0.6453125 0.0838542 0.0953125
5 0.3671875 0.8816406 0.0562500 0.1117188
2 0.2919271 0.5152344 0.0984375 0.0929688
3 0.2250000 0.6144531 0.1052083 0.0804688
1 0.6692708 0.7535156 0.1062500 0.0773438
4 0.4325521 0.6410156 0.0640625 0.0851563
2 0.2606771 0.6652344 0.0984375 0.0648438
2 0.3802083 0.3242188 0.0760417 0.0890625
2 0.7255208 0.5968750 0.0739583 0.1343750
1 0.6848958 0.5453125 0.1041667 0.0781250
2 0.4552083 0.2902344 0.0781250 0.1648438
3 0.6171875 0.9250000 0.0541667 0.1484375
5 0.7549479 0.8003906 0.0807292 0.0929688
3 0.6692708 0.6878906 0.1083333 0.0804688
11 0.6885417 0.4859375 0.0843750 0.1203125
