3 0.5351562 0.4570312 0.0359375 0.0656250
1 0.7445312 0.3304687 0.0578125 0.0765625
4 0.4127604 0.2492187 0.0713542 0.0718750
3 0.5781250 0.4292969 0.0572917 0.0445313
4 0.6229167 0.3796875 0.0656250 0.0437500
1 0.6229167 0.5445313 0.0489583 0.0812500
1 0.5901042 0.5242187 0.0572917 0.0640625
1 0.6460938 0.6667969 0.0598958 0.0648438
3 0.6421875 0.6984375 0.0541667 0.0468750
2 0.4268229 0.8042969 0.0359375 0.1023437
3 0.6614583 0.7636719 0.0656250 0.0804688
4 0.6335937 0.4726562 0.0442708 0.0656250
2 0.4562500 0.8273438 0.0708333 0.0531250
3 0.6307292 0.6242188 0.0239583 0.0500000
0 0.5385417 0.7339844 0.0322917 0.0960938
1 0.5078125 0.5796875 0.0406250 0.0625000
4 0.4283854 0.2390625 0.0348958 0.1093750
3 0.7072917 0.5652344 0.0510417 0.0867187
2 0.2705729 0.3058594 0.0546875 0.0507812
3 0.3281250 0.2339844 0.0583333 0.0476562
0 0.4817708 0.5566406 0.0687500 0.0570312
4 0.6088542 0.5593750 0.0666667 0.0671875
1 0.4601562 0.5843750 0.0453125 0.0531250
0 0.3231771 0.3070312 0.0442708 0.0875000
4 0.2927083 0.4554687 0.0375000 0.0578125
2 0.4255208 0.8441406 0.0406250 0.0539063
3 0.3330729 0.8375000 0.0338542 0.0750000
3 0.6473958 0.5531250 0.0406250 0.0718750
4 0.4203125 0.7714844 0.0333333 0.0898438
1 0.3078125 0.6714844 0.0270833 0.0867187
3 0.4721354 0.1953125 0.0484375 0.0671875
0 0.2614583 0.9406250 0.0750000 0.0500000
3 0.4507813 0.4558594 0.0369792 0.0726563
2 0.5343750 0.3992188 0.0562500 0.0640625
5 0.4671875 0.4203125 0.0479167 0.0703125
4 0.6114583 0.6359375 0.0635417 0.0421875
3 0.7127604 0.2414062 0.0682292 0.0468750
0 0.5992188 0.7593750 0.0401042 0.0890625
5 0.4083333 0.2156250 0.0666667 0.0781250
5 0.5111979 0.1117188 0.0619792 0.0593750
0 0.5973958 0.8296875 0.0572917 0.0828125
1 0.6794271 0.5281250 0.0526042 0.0640625
5 0.5088542 0.5695313 0.0343750 0.0671875
2 0.7005208 0.6886719 0.0656250 0.0695313
3 0.4098958 0.3148437 0.0364583 0.0953125
2 0.1817708 0.3812500 0.0677083 0.0703125
3 0.5757813 0.5867187 0.0494792 0.0546875
4 0.5377604 0.2171875 0.0640625 0.0437500
0 0.4179688 0.1687500 0.0369792 0.0750000
4 0.4442708 0.7441406 0.0572917 0.0726563
8 0.7164063 0.4519531 0.0598958 0.1023437
