2 0.4419271 0.2777344 0.0140625 0.0242188
2 0.7026042 0.7031250 0.0166667 0.0390625
1 0.7497396 0.6023437 0.0192708 0.0375000
2 0.6731771 0.4296875 0.0151042 0.0312500
2 0.5213542 0.2199219 0.0166667 0.0476562
3 0.5367188 0.1957031 0.0328125 0.0273438
0 0.5567708 0.7402344 0.0218750 0.0257812
5 0.5158854 0.4488281 0.0317708 0.0289063
1 0.6875000 0.4660156 0.0218750 0.0257812
2 0.4369792 0.5363281 0.0197917 0.0242188
1 0.2872396 0.6804687 0.0161458 0.0328125
4 0.4802083 0.6148438 0.0177083 0.0390625
1 0.5315104 0.2808594 0.0140625 0.0320312
0 0.4036458 0.3109375 0.0187500 0.0218750
3 0.4588542 0.5789062 0.0177083 0.0203125
5 0.3398438 0.5121094 0.0140625 0.0429688
1 0.4960938 0.3277344 0.0307292 0.0242188
3 0.5546875 0.7195312 0.0135417 0.0390625
1 0.6177083 0.4144531 0.0145833 0.0398437
3 0.6674479 0.7757812 0.0265625 0.0234375
5 0.4481771 0.2425781 0.0244792 0.0351562
3 0.7523437 0.5054688 0.0265625 0.0250000
3 0.4468750 0.4410156 0.0218750 0.0398437
0 0.5799479 0.1945312 0.0151042 0.0265625
3 0.7111979 0.3445313 0.0307292 0.0234375
0 0.3622396 0.3140625 0.0307292 0.0250000
2 0.3247396 0.7183594 0.0213542 0.0445313
3 0.5382813 0.7746094 0.0130208 0.0476562
1 0.6635417 0.4125000 0.0312500 0.0265625
5 0.3916667 0.8792969 0.0302083 0.0320312
2 0.2963542 0.6578125 0.0302083 0.0218750
4 0.3940104 0.6992188 0.0234375 0.0406250
0 0.3270833 0.3433594 0.0291667 0.0195312
3 0.4533854 0.6789063 0.0328125 0.0296875
0 0.4132812 0.7074219 0.0286458 0.0195312
1 0.5213542 0.4097656 0.0218750 0.0257812
5 0.7106771 0.6816406 0.0317708 0.0242188
0 0.6260417 0.5917969 0.0302083 0.0226562
2 0.5934896 0.3445313 0.0296875 0.0343750
1 0.5828125 0.4714844 0.0302083 0.0226562
0 0.7664062 0.3773437 0.0276042 0.0250000
3 0.5226563 0.5003906 0.0276042 0.0195312
2 0.4138021 0.2808594 0.0328125 0.0242188
4 0.6531250 0.5066406 0.0177083 0.0289063
1 0.4325521 0.2585938 0.0182292 0.0453125
3 0.4052083 0.4898438 0.0135417 0.0187500
1 0.5390625 0.4558594 0.0270833 0.0304687
0 0.3479167 0.7214844 0.0302083 0.0226562
5 0.4593750 0.2492187 0.0166667 0.0296875
3 0.4437500 0.3640625 0.0270833 0.0281250
1 0.4604167 0.3386719 0.0322917 0.0242188
2 0.5981771 0.6468750 0.0161458 0.0390625
3 0.4515625 0.3070312 0.0333333 0.0203125
5 0.5281250 0.3679688 0.0260417 0.0187500
4 0.4174479 0.0910156 0.0276042 0.0304687
4 0.4372396 0.6292969 0.0171875 0.0351562
1 0.5302083 0.4093750 0.0197917 0.0281250
4 0.3335938 0.4257812 0.0255208 0.0234375
11 0.6778646 0.4019531 0.0182292 0.0320312
10 0.7179688 0.6886719 0.0182292 0.0273438
11 0.5817708 0.5464844 0.0281250 0.0273438
7 0.5976562 0.8953125 0.0192708 0.0437500
8 0.6322917 0.4953125 0.0302083 0.0328125
8 0.4820313 0.8019531 0.0192708 0.0445313
6 0.2653646 0.3933594 0.0182292 0.0367188
