5 0.3908854 0.2808594 0.0234375 0.0164063
2 0.5513021 0.1617187 0.0161458 0.0250000
2 0.6463542 0.3898437 0.0208333 0.0203125
0 0.6393229 0.6765625 0.0109375 0.0343750
5 0.6684896 0.4636719 0.0182292 0.0273438
0 0.5578125 0.3902344 0.0166667 0.0257812
5 0.5825521 0.6644531 0.0161458 0.0226562
0 0.6169271 0.6183594 0.0192708 0.0226562
1 0.6606771 0.6539063 0.0244792 0.0218750
4 0.3234375 0.5128906 0.0250000 0.0164063
1 0.7062500 0.5468750 0.0270833 0.0203125
5 0.6484375 0.7296875 0.0197917 0.0359375
4 0.7096354 0.7875000 0.0109375 0.0359375
3 0.4825521 0.6800781 0.0151042 0.0335937
1 0.4692708 0.1585938 0.0177083 0.0312500
3 0.5908854 0.2343750 0.0171875 0.0328125
4 0.4294271 0.4542969 0.0244792 0.0210938
5 0.6062500 0.4050781 0.0145833 0.0273438
0 0.5171875 0.1726563 0.0229167 0.0171875
3 0.5682292 0.3664062 0.0197917 0.0171875
1 0.2882812 0.4785156 0.0151042 0.0289063
1 0.5916667 0.8320312 0.0208333 0.0265625
5 0.7132812 0.3984375 0.0223958 0.0281250
5 0.3361979 0.4734375 0.0213542 0.0312500
3 0.6447917 0.6093750 0.0135417 0.0281250
0 0.3833333 0.6378906 0.0260417 0.0179687
5 0.4734375 0.5542969 0.0166667 0.0351562
2 0.4307292 0.8910156 0.0156250 0.0367188
0 0.5013021 0.4625000 0.0244792 0.0187500
4 0.6651042 0.5328125 0.0197917 0.0140625
5 0.5562500 0.5437500 0.0197917 0.0250000
1 0.5794271 0.7917969 0.0171875 0.0226562
1 0.5468750 0.5988281 0.0177083 0.0179687
3 0.7158854 0.7464844 0.0151042 0.0273438
3 0.3359375 0.2398437 0.0270833 0.0187500
1 0.5687500 0.1792969 0.0260417 0.0164063
2 0.5468750 0.4449219 0.0208333 0.0257812
1 0.6278646 0.2656250 0.0182292 0.0328125
1 0.5416667 0.4007812 0.0156250 0.0187500
2 0.6304688 0.5476562 0.0130208 0.0296875
3 0.6231771 0.3781250 0.0213542 0.0265625
0 0.4033854 0.6972656 0.0130208 0.0304687
4 0.6098958 0.5023437 0.0218750 0.0265625
1 0.4208333 0.3507812 0.0166667 0.0281250
3 0.4947917 0.7890625 0.0135417 0.0343750
0 0.5085937 0.4820313 0.0171875 0.0343750
1 0.2625000 0.5429688 0.0260417 0.0203125
5 0.4692708 0.8527344 0.0239583 0.0226562
0 0.2575521 0.5808594 0.0276042 0.0257812
2 0.6414062 0.6015625 0.0255208 0.0218750
1 0.2398437 0.5542969 0.0223958 0.0289063
5 0.3666667 0.4500000 0.0114583 0.0171875
2 0.5630208 0.3964844 0.0135417 0.0320312
0 0.5226563 0.5417969 0.0151042 0.0179687
5 0.6906250 0.6660156 0.0145833 0.0289063
1 0.5390625 0.4765625 0.0229167 0.0140625
3 0.6000000 0.5367188 0.0218750 0.0203125
4 0.3859375 0.1617187 0.0135417 0.0375000
2 0.2916667 0.7335938 0.0260417 0.0171875
2 0.5341146 0.4261719 0.0213542 0.0195312
3 0.3830729 0.1554687 0.0119792 0.0171875
2 0.5809896 0.3449219 0.0151042 0.0304687
2 0.3361979 0.6863281 0.0161458 0.0210938
4 0.5023437 0.3746094 0.0234375 0.0164063
4 0.5664062 0.6863281 0.0244792 0.0179687
0 0.3682292 0.1964844 0.0135417 0.0351562
4 0.4372396 0.9371094 0.0161458 0.0335937
3 0.2781250 0.6410156 0.0166667 0.0179687
0 0.4645833 0.1839844 0.0125000 0.0242188
5 0.6338542 0.6605469 0.0239583 0.0226562
10 0.5039062 0.1535156 0.0151042 0.0335937
11 0.4369792 0.5589844 0.0156250 0.0351562
8 0.2921875 0.4542969 0.0239583 0.0242188
9 0.3023438 0.2144531 0.0234375 0.0226562
6 0.4197917 0.4328125 0.0197917 0.0328125
9 0.3984375 0.3089844 0.0250000 0.0242188
6 0.6132812 0.2902344 0.0265625 0.0257812
11 0.2752604 0.3414063 0.0213542 0.0343750
11 0.5557292 0.7648438 0.0229167 0.0234375
7 0.4804688 0.4765625 0.0171875 0.0265625
