2 0.6276042 0.3152344 0.0166667 0.0492187
3 0.5658854 0.9164062 0.0234375 0.0343750
5 0.5882812 0.1152344 0.0265625 0.0273438
4 0.5617188 0.6289062 0.0359375 0.0250000
4 0.6348958 0.5273438 0.0197917 0.0312500
2 0.6192708 0.6699219 0.0333333 0.0226562
2 0.3143229 0.3566406 0.0265625 0.0335937
1 0.6734375 0.3820312 0.0239583 0.0531250
5 0.7286458 0.4500000 0.0156250 0.0265625
4 0.3528646 0.3605469 0.0203125 0.0273438
0 0.6289062 0.1945312 0.0151042 0.0265625
0 0.6843750 0.6292969 0.0239583 0.0492187
4 0.5059896 0.5003906 0.0244792 0.0382813
5 0.7479167 0.5132813 0.0333333 0.0453125
4 0.3039062 0.5238281 0.0161458 0.0367188
4 0.4713542 0.4246094 0.0333333 0.0195312
4 0.6375000 0.1332031 0.0322917 0.0273438
3 0.7492188 0.4429688 0.0359375 0.0281250
0 0.6617188 0.5984375 0.0348958 0.0359375
0 0.3757813 0.3238281 0.0380208 0.0273438
2 0.7416667 0.4046875 0.0260417 0.0453125
1 0.5518229 0.8425781 0.0338542 0.0320312
5 0.3546875 0.2808594 0.0166667 0.0289063
3 0.4908854 0.5675781 0.0328125 0.0289063
10 0.5299479 0.3769531 0.0286458 0.0445313
6 0.5192708 0.3996094 0.0364583 0.0351562
6 0.7088542 0.1648438 0.0208333 0.0484375
11 0.4914062 0.3808594 0.0203125 0.0351562
7 0.5390625 0.7773438 0.0322917 0.0343750
8 0.7195312 0.2617188 0.0234375 0.0531250
7 0.6062500 0.4214844 0.0197917 0.0429688
7 0.6979167 0.5625000 0.0333333 0.0328125
9 0.6846354 0.2355469 0.0223958 0.0429688
9 0.6408854 0.3562500 0.0338542 0.0390625
9 0.2914062 0.3355469 0.0338542 0.0320312
11 0.5622396 0.5214844 0.0348958 0.0429688
7 0.5041667 0.3980469 0.0312500 0.0460938
8 0.4552083 0.8218750 0.0302083 0.0437500
11 0.5690104 0.4960938 0.0328125 0.0484375
11 0.6486979 0.7996094 0.0307292 0.0304687
7 0.7338542 0.5488281 0.0291667 0.0445313
