0 0.2026042 0.7023438 0.0645833 0.0640625
4 0.4432292 0.5953125 0.0489583 0.0546875
2 0.6106771 0.2082031 0.0734375 0.0382813
0 0.7651042 0.3574219 0.0750000 0.0664062
1 0.4520833 0.2554688 0.0437500 0.0515625
1 0.4601562 0.1347656 0.0578125 0.0648438
3 0.6765625 0.2816406 0.0708333 0.0554687
2 0.7570313 0.5769531 0.0651042 0.0460938
2 0.6028646 0.4976563 0.0651042 0.0484375
4 0.4916667 0.4464844 0.0364583 0.0507812
5 0.6190104 0.5625000 0.0328125 0.0937500
2 0.2854167 0.7203125 0.0416667 0.1062500
1 0.7031250 0.5777344 0.0666667 0.0695313
4 0.5192708 0.8140625 0.0510417 0.0453125
3 0.5440104 0.2949219 0.0630208 0.0476562
4 0.7539062 0.3859375 0.0703125 0.0671875
3 0.5627604 0.8000000 0.0473958 0.0734375
4 0.3255208 0.6828125 0.0343750 0.0593750
2 0.5940104 0.3605469 0.0609375 0.0726563
2 0.6419271 0.5890625 0.0661458 0.0500000
5 0.5500000 0.6289062 0.0354167 0.0953125
2 0.3614583 0.3375000 0.0583333 0.0406250
0 0.6778646 0.5058594 0.0390625 0.0992187
5 0.7007813 0.5316406 0.0640625 0.0539063
0 0.4447917 0.7367187 0.0395833 0.0578125
2 0.4414062 0.6847656 0.0390625 0.1148437
3 0.6192708 0.8175781 0.0468750 0.0554687
3 0.6067708 0.5695313 0.0718750 0.0515625
1 0.2421875 0.7191406 0.0427083 0.0742188
1 0.6473958 0.6980469 0.0520833 0.0726563
3 0.5059896 0.8355469 0.0390625 0.1148437
5 0.5635417 0.4066406 0.0760417 0.0601563
4 0.5578125 0.2359375 0.0364583 0.0953125
5 0.2468750 0.4703125 0.0666667 0.0484375
0 0.5796875 0.5593750 0.0500000 0.0718750
5 0.3510417 0.4796875 0.0666667 0.0640625
1 0.3794271 0.2988281 0.0296875 0.0992187
5 0.6375000 0.3742187 0.0583333 0.0718750
1 0.4356771 0.3343750 0.0411458 0.0828125
4 0.6018229 0.6070313 0.0546875 0.0859375
1 0.6132812 0.0949219 0.0380208 0.0945312
3 0.6716146 0.5816406 0.0619792 0.0695313
4 0.6000000 0.2582031 0.0677083 0.0664062
5 0.5041667 0.6058594 0.0385417 0.0757812
10 0.6401042 0.3269531 0.0656250 0.0726563
11 0.5544271 0.2746094 0.0619792 0.0679687
6 0.4822917 0.9386719 0.0479167 0.0976562
10 0.5609375 0.2777344 0.0583333 0.0601563
6 0.4190104 0.4070313 0.0484375 0.0640625
6 0.7062500 0.8058594 0.0447917 0.1039063
8 0.7307292 0.3085938 0.0510417 0.0984375
