1 0.7161458 0.4773438 0.0843750 0.0703125
2 0.6716146 0.1593750 0.0953125 0.0718750
2 0.6125000 0.3234375 0.0760417 0.1265625
5 0.3343750 0.4582031 0.0552083 0.0648438
1 0.5299479 0.4734375 0.0755208 0.0640625
2 0.4505208 0.5546875 0.0729167 0.0796875
5 0.5059896 0.1867187 0.0942708 0.0687500
0 0.6114583 0.4761719 0.0822917 0.0914062
1 0.6750000 0.6296875 0.0541667 0.1406250
1 0.7184896 0.8082031 0.0463542 0.1351563
2 0.4244792 0.0453125 0.0552083 0.0906250
2 0.5044271 0.3273437 0.0494792 0.0875000
1 0.2921875 0.5621094 0.0552083 0.0976562
0 0.5617188 0.5472656 0.0953125 0.0757812
0 0.4533854 0.4449219 0.0859375 0.0726563
1 0.3177083 0.5707031 0.0697917 0.0960938
3 0.4947917 0.3921875 0.0802083 0.0734375
2 0.4421875 0.5195312 0.0364583 0.0656250
3 0.3729167 0.8558594 0.0916667 0.0570312
5 0.4736979 0.7246094 0.0567708 0.1507813
5 0.7843750 0.5742188 0.0458333 0.0734375
0 0.2497396 0.4164062 0.0630208 0.0968750
7 0.4945312 0.3488281 0.0619792 0.1257813
8 0.5458333 0.9480469 0.0812500 0.1023437
6 0.3718750 0.4679687 0.0770833 0.1203125
8 0.3291667 0.2394531 0.0854167 0.0835937
7 0.4268229 0.4523437 0.0619792 0.1390625
8 0.2403646 0.8183594 0.0588542 0.1367188
6 0.5601563 0.4507813 0.0869792 0.0859375
9 0.5453125 0.5406250 0.0656250 0.1125000
9 0.7916667 0.4808594 0.0822917 0.0851563
9 0.5643229 0.3011719 0.0723958 0.1289062
6 0.7309896 0.4636719 0.0890625 0.1085938
11 0.6934896 0.5027344 0.0901042 0.1039063
6 0.4187500 0.4281250 0.0583333 0.1109375
