0 0.5229167 0.5460938 0.0177083 0.0171875
0 0.6760417 0.7335938 0.0239583 0.0187500
5 0.5210938 0.5269531 0.0140625 0.0148437
0 0.3322917 0.3378906 0.0187500 0.0179687
0 0.6942708 0.2742188 0.0114583 0.0375000
4 0.5093750 0.4804688 0.0114583 0.0234375
4 0.5750000 0.4398437 0.0156250 0.0281250
3 0.6299479 0.6859375 0.0213542 0.0187500
5 0.6106771 0.7195312 0.0171875 0.0296875
2 0.3401042 0.7140625 0.0156250 0.0187500
0 0.6695313 0.4792969 0.0098958 0.0210938
2 0.4697917 0.7496094 0.0250000 0.0179687
3 0.3531250 0.5289063 0.0197917 0.0234375
4 0.5315104 0.3832031 0.0234375 0.0132812
5 0.5598958 0.3824219 0.0229167 0.0195312
2 0.4755208 0.8574219 0.0114583 0.0226562
5 0.6028646 0.5917969 0.0255208 0.0179687
0 0.7026042 0.6824219 0.0229167 0.0179687
5 0.6367188 0.4722656 0.0213542 0.0132812
0 0.5661458 0.4050781 0.0114583 0.0195312
1 0.4570312 0.2324219 0.0130208 0.0382813
4 0.6229167 0.6121094 0.0218750 0.0148437
1 0.4453125 0.7960938 0.0208333 0.0250000
3 0.7229167 0.4378906 0.0218750 0.0179687
1 0.6192708 0.6339844 0.0229167 0.0226562
1 0.5020833 0.7718750 0.0125000 0.0359375
1 0.5942708 0.3199219 0.0104167 0.0351562
5 0.5997396 0.4398437 0.0192708 0.0265625
5 0.4364583 0.8957031 0.0239583 0.0179687
2 0.5869792 0.3265625 0.0156250 0.0265625
4 0.2872396 0.5910156 0.0213542 0.0195312
0 0.7161458 0.3019531 0.0260417 0.0179687
3 0.6111979 0.2417969 0.0109375 0.0257812
2 0.5236979 0.2562500 0.0161458 0.0359375
3 0.4984375 0.5347656 0.0125000 0.0195312
1 0.6234375 0.6242188 0.0239583 0.0203125
4 0.6778646 0.7257813 0.0234375 0.0171875
5 0.3674479 0.7414063 0.0140625 0.0375000
3 0.5947917 0.2750000 0.0166667 0.0203125
3 0.2778646 0.5597656 0.0109375 0.0195312
0 0.3658854 0.3074219 0.0182292 0.0132812
3 0.2997396 0.8035156 0.0161458 0.0164063
1 0.6471354 0.3625000 0.0223958 0.0140625
1 0.6296875 0.2570312 0.0218750 0.0140625
3 0.6257812 0.5167969 0.0109375 0.0210938
4 0.4841146 0.7132812 0.0140625 0.0296875
5 0.5244792 0.8488281 0.0208333 0.0210938
1 0.6453125 0.3355469 0.0114583 0.0179687
5 0.5981771 0.5914063 0.0161458 0.0187500
4 0.6057292 0.4320312 0.0229167 0.0140625
4 0.5447917 0.5511719 0.0125000 0.0257812
4 0.4291667 0.4316406 0.0145833 0.0335937
5 0.4986979 0.3640625 0.0151042 0.0203125
1 0.3830729 0.1632812 0.0223958 0.0140625
1 0.2882812 0.5867187 0.0223958 0.0156250
1 0.5851563 0.6945313 0.0140625 0.0343750
1 0.5065104 0.8660156 0.0119792 0.0367188
2 0.4781250 0.4269531 0.0208333 0.0164063
3 0.6328125 0.8304687 0.0145833 0.0359375
5 0.5442708 0.7867188 0.0177083 0.0265625
3 0.7049479 0.2714844 0.0234375 0.0148437
0 0.5559896 0.7476563 0.0223958 0.0140625
0 0.6195312 0.0808594 0.0171875 0.0179687
0 0.5174479 0.5917969 0.0161458 0.0351562
5 0.4593750 0.2753906 0.0135417 0.0226562
4 0.5671875 0.6101562 0.0125000 0.0171875
4 0.4385417 0.4980469 0.0114583 0.0148437
2 0.6315104 0.1773437 0.0119792 0.0359375
3 0.3541667 0.6062500 0.0156250 0.0234375
1 0.5111979 0.8093750 0.0182292 0.0343750
5 0.3317708 0.3433594 0.0229167 0.0179687
1 0.7296875 0.7882813 0.0250000 0.0234375
7 0.6416667 0.2050781 0.0177083 0.0320312
6 0.5596354 0.4417969 0.0140625 0.0304687
8 0.6200521 0.6113281 0.0151042 0.0367188
8 0.6268229 0.4863281 0.0203125 0.0195312
7 0.6268229 0.2414062 0.0203125 0.0218750
6 0.2773438 0.2437500 0.0223958 0.0218750
6 0.6596354 0.5804687 0.0192708 0.0218750
11 0.5684896 0.7097656 0.0223958 0.0273438
8 0.5059896 0.4664063 0.0223958 0.0250000
11 0.7242188 0.5355469 0.0234375 0.0273438
8 0.4260417 0.2519531 0.0145833 0.0210938
7 0.4419271 0.5773438 0.0234375 0.0234375
7 0.4002604 0.6996094 0.0234375 0.0273438
9 0.5937500 0.4917969 0.0166667 0.0273438
7 0.6781250 0.7359375 0.0208333 0.0234375
