0 0.6861979 0.6335937 0.0192708 0.0265625
2 0.5554687 0.4281250 0.0213542 0.0328125
0 0.5515625 0.5789062 0.0260417 0.0171875
4 0.5526042 0.3011719 0.0260417 0.0179687
1 0.5174479 0.5921875 0.0109375 0.0234375
0 0.6341146 0.3726563 0.0265625 0.0171875
0 0.7867188 0.3554688 0.0192708 0.0265625
4 0.6229167 0.4000000 0.0135417 0.0218750
1 0.3255208 0.7695312 0.0125000 0.0406250
3 0.8596354 0.4570312 0.0213542 0.0312500
1 0.6601562 0.8250000 0.0171875 0.0171875
4 0.5067708 0.9394531 0.0260417 0.0226562
1 0.5356771 0.3593750 0.0140625 0.0281250
4 0.2695312 0.3546875 0.0130208 0.0218750
1 0.5427083 0.6574219 0.0156250 0.0148437
2 0.4932292 0.6660156 0.0166667 0.0367188
1 0.6153646 0.3105469 0.0203125 0.0320312
2 0.4927083 0.6949219 0.0166667 0.0210938
0 0.4031250 0.6546875 0.0250000 0.0187500
1 0.6609375 0.4863281 0.0125000 0.0414062
3 0.3544271 0.4769531 0.0213542 0.0257812
4 0.6114583 0.2617188 0.0145833 0.0203125
5 0.3263021 0.4484375 0.0223958 0.0218750
1 0.7859375 0.6132812 0.0187500 0.0328125
1 0.6174479 0.4183594 0.0192708 0.0210938
0 0.5494792 0.4917969 0.0260417 0.0273438
4 0.3002604 0.5265625 0.0151042 0.0218750
5 0.5289063 0.3894531 0.0234375 0.0226562
0 0.3609375 0.7441406 0.0208333 0.0210938
5 0.5710937 0.7062500 0.0244792 0.0171875
5 0.4075521 0.4121094 0.0265625 0.0179687
2 0.4190104 0.7207031 0.0171875 0.0304687
4 0.4924479 0.6707031 0.0140625 0.0242188
0 0.6861979 0.6667969 0.0192708 0.0335937
1 0.6335937 0.4855469 0.0286458 0.0210938
4 0.5622396 0.8781250 0.0255208 0.0218750
3 0.5015625 0.6230469 0.0197917 0.0164063
3 0.4294271 0.6402344 0.0151042 0.0414062
5 0.4750000 0.2394531 0.0125000 0.0414062
4 0.6682292 0.3199219 0.0239583 0.0195312
1 0.4489583 0.5527344 0.0250000 0.0257812
5 0.6263021 0.5277344 0.0109375 0.0164063
3 0.4341146 0.6214844 0.0130208 0.0289063
4 0.2828125 0.6496094 0.0260417 0.0210938
5 0.3177083 0.5738281 0.0156250 0.0382813
2 0.5666667 0.5058594 0.0250000 0.0148437
4 0.4989583 0.6605469 0.0145833 0.0414062
3 0.6476563 0.3972656 0.0234375 0.0257812
1 0.7229167 0.6636719 0.0197917 0.0195312
4 0.4031250 0.7066406 0.0135417 0.0351562
2 0.5111979 0.2761719 0.0192708 0.0210938
0 0.6067708 0.5234375 0.0177083 0.0234375
3 0.5002604 0.5906250 0.0213542 0.0203125
5 0.4791667 0.2195313 0.0239583 0.0156250
0 0.5460938 0.6093750 0.0171875 0.0234375
2 0.6205729 0.3910156 0.0265625 0.0210938
4 0.5994792 0.5875000 0.0260417 0.0203125
0 0.4122396 0.4695313 0.0255208 0.0328125
5 0.4158854 0.8039063 0.0161458 0.0406250
5 0.6867188 0.2074219 0.0255208 0.0257812
4 0.5169271 0.2757812 0.0192708 0.0171875
0 0.3239583 0.4558594 0.0229167 0.0195312
2 0.3841146 0.7851562 0.0255208 0.0171875
2 0.6994792 0.6167969 0.0270833 0.0242188
1 0.4252604 0.6167969 0.0182292 0.0273438
2 0.5091146 0.6191406 0.0265625 0.0195312
2 0.4776042 0.6511719 0.0260417 0.0179687
0 0.5617188 0.2292969 0.0255208 0.0164063
0 0.3898437 0.5660156 0.0234375 0.0210938
2 0.5588542 0.7285156 0.0187500 0.0226562
3 0.4802083 0.6300781 0.0145833 0.0273438
4 0.5429688 0.6707031 0.0119792 0.0210938
9 0.6375000 0.5386719 0.0229167 0.0226562
10 0.5549479 0.4972656 0.0234375 0.0320312
