5 0.6739583 0.6777344 0.0614583 0.0554687
4 0.6203125 0.6425781 0.0625000 0.0492187
3 0.3898437 0.2105469 0.0619792 0.0414062
3 0.6929688 0.6410156 0.0661458 0.0492187
2 0.5804687 0.6898437 0.0348958 0.0921875
0 0.6684896 0.3578125 0.0609375 0.0562500
2 0.3786458 0.5769531 0.0343750 0.0835937
0 0.5283854 0.1093750 0.0296875 0.0828125
2 0.3588542 0.6070313 0.0500000 0.0484375
2 0.4221354 0.2718750 0.0703125 0.0546875
0 0.4403646 0.5023437 0.0630208 0.0500000
0 0.5083333 0.6031250 0.0583333 0.0531250
1 0.5007812 0.4835937 0.0359375 0.0718750
1 0.5263021 0.7410156 0.0369792 0.0679687
1 0.5033854 0.3929687 0.0453125 0.0531250
5 0.6257812 0.7308594 0.0640625 0.0398437
3 0.5932292 0.6269531 0.0614583 0.0617188
5 0.5794271 0.4957031 0.0369792 0.0570312
4 0.3653646 0.9238281 0.0463542 0.0992187
2 0.4273438 0.7308594 0.0348958 0.0507812
4 0.6744792 0.5773438 0.0635417 0.0515625
5 0.4898438 0.9960938 0.0130208 0.0062500
4 0.5713542 0.8992187 0.0656250 0.0484375
5 0.5182292 0.6562500 0.0604167 0.0750000
2 0.4606771 0.3855469 0.0505208 0.0742188
2 0.6627604 0.5128906 0.0651042 0.0476562
4 0.6932292 0.2429688 0.0593750 0.0671875
3 0.6640625 0.5460938 0.0427083 0.0546875
5 0.2500000 0.4679687 0.0677083 0.0515625
3 0.6307292 0.3632812 0.0333333 0.0812500
5 0.7742187 0.2871094 0.0286458 0.0882813
5 0.4229167 0.5644531 0.0447917 0.0710937
2 0.5864583 0.4261719 0.0614583 0.0585938
3 0.5091146 0.2027344 0.0609375 0.0757812
5 0.4539063 0.5695313 0.0609375 0.0734375
2 0.6484375 0.5710937 0.0635417 0.0421875
5 0.4804688 0.3292969 0.0421875 0.0976562
3 0.7937500 0.5277344 0.0583333 0.0554687
1 0.6020833 0.1042969 0.0437500 0.0523438
0 0.6604167 0.6445312 0.0468750 0.0718750
0 0.4330729 0.7632813 0.0411458 0.0515625
0 0.6854167 0.5640625 0.0250000 0.0515625
2 0.7627604 0.3281250 0.0317708 0.0906250
1 0.2776042 0.4703125 0.0395833 0.0609375
0 0.6880208 0.7761719 0.0604167 0.0585938
2 0.5260417 0.4007812 0.0395833 0.0656250
1 0.4888021 0.6933594 0.0494792 0.0695313
1 0.5872396 0.1554687 0.0401042 0.0843750
1 0.6432292 0.8367187 0.0520833 0.0796875
1 0.6286458 0.4722656 0.0510417 0.0898438
4 0.4822917 0.7214844 0.0385417 0.0492187
4 0.7674479 0.5132813 0.0296875 0.0593750
1 0.6716146 0.3332031 0.0557292 0.0492187
3 0.6346354 0.4035156 0.0578125 0.0820312
4 0.5755208 0.4515625 0.0385417 0.0828125
1 0.6489583 0.4847656 0.0281250 0.0726563
2 0.5734375 0.6539063 0.0604167 0.0468750
5 0.2817708 0.5121094 0.0604167 0.0382813
3 0.2906250 0.3359375 0.0677083 0.0453125
1 0.5554687 0.4910156 0.0578125 0.0726563
3 0.3950521 0.3839844 0.0369792 0.0945312
5 0.5375000 0.2546875 0.0479167 0.0640625
1 0.6734375 0.3144531 0.0604167 0.0429688
2 0.6632813 0.2859375 0.0609375 0.0437500
0 0.5125000 0.5503906 0.0322917 0.0601563
2 0.5171875 0.6226563 0.0531250 0.0562500
1 0.5684896 0.7394531 0.0651042 0.0539063
5 0.6739583 0.6316406 0.0447917 0.0523438
4 0.6406250 0.4644531 0.0468750 0.0601563
4 0.5119792 0.3242188 0.0416667 0.0718750
0 0.6028646 0.7414063 0.0421875 0.0812500
4 0.5880208 0.7742187 0.0656250 0.0437500
4 0.6283854 0.5328125 0.0505208 0.0750000
3 0.4395833 0.8796875 0.0291667 0.1000000
1 0.4192708 0.8289062 0.0531250 0.0468750
4 0.5255208 0.4214844 0.0343750 0.0835937
8 0.5184896 0.7351562 0.0588542 0.1000000
11 0.4851563 0.1863281 0.0484375 0.0617188
6 0.7359375 0.4941406 0.0677083 0.0664062
8 0.4317708 0.1515625 0.0572917 0.0812500
7 0.4343750 0.3988281 0.0375000 0.0789062
