2 0.6380208 0.4105469 0.0302083 0.0304687
4 0.5317708 0.1871094 0.0187500 0.0257812
4 0.3799479 0.3425781 0.0151042 0.0242188
1 0.4440104 0.6707031 0.0328125 0.0242188
5 0.3752604 0.4722656 0.0182292 0.0414062
4 0.5273438 0.5070313 0.0130208 0.0296875
3 0.5994792 0.7242188 0.0302083 0.0265625
5 0.5130208 0.3378906 0.0270833 0.0242188
4 0.3911458 0.3570313 0.0197917 0.0359375
1 0.3375000 0.2812500 0.0239583 0.0390625
1 0.6278646 0.6632813 0.0171875 0.0281250
2 0.4885417 0.6515625 0.0343750 0.0281250
3 0.3411458 0.4855469 0.0229167 0.0257812
0 0.5432292 0.3593750 0.0229167 0.0265625
1 0.5375000 0.1906250 0.0229167 0.0406250
5 0.7057292 0.5730469 0.0291667 0.0351562
3 0.7119792 0.3546875 0.0177083 0.0390625
3 0.3687500 0.7835937 0.0302083 0.0203125
3 0.4044271 0.8621094 0.0286458 0.0226562
2 0.5963542 0.7429687 0.0291667 0.0234375
3 0.5958333 0.8605469 0.0312500 0.0226562
1 0.3588542 0.6777344 0.0156250 0.0429688
4 0.3799479 0.7574219 0.0307292 0.0210938
5 0.6424479 0.6949219 0.0286458 0.0304687
4 0.6031250 0.4179688 0.0260417 0.0296875
4 0.5773438 0.1359375 0.0317708 0.0250000
0 0.7252604 0.5558594 0.0307292 0.0226562
4 0.4630208 0.4046875 0.0291667 0.0187500
1 0.6473958 0.5324219 0.0166667 0.0304687
5 0.4109375 0.3003906 0.0229167 0.0429688
0 0.4466146 0.3062500 0.0151042 0.0234375
0 0.4166667 0.3980469 0.0302083 0.0304687
2 0.5611979 0.6437500 0.0244792 0.0406250
3 0.4523437 0.3335938 0.0348958 0.0265625
3 0.5210938 0.5867187 0.0265625 0.0234375
4 0.6419271 0.2941406 0.0192708 0.0445313
5 0.4335938 0.1847656 0.0140625 0.0257812
5 0.5445313 0.7460938 0.0234375 0.0421875
0 0.2575521 0.7105469 0.0296875 0.0226562
2 0.3187500 0.5695313 0.0145833 0.0218750
2 0.3221354 0.3718750 0.0296875 0.0203125
1 0.6729167 0.5949219 0.0281250 0.0179687
0 0.7687500 0.5339844 0.0302083 0.0335937
0 0.4783854 0.7500000 0.0182292 0.0515625
3 0.5929688 0.2484375 0.0130208 0.0250000
2 0.6437500 0.3417969 0.0177083 0.0320312
4 0.3856771 0.7808594 0.0265625 0.0257812
3 0.6005208 0.7835937 0.0135417 0.0437500
5 0.4877604 0.7410156 0.0213542 0.0398437
0 0.6578125 0.6816406 0.0229167 0.0429688
3 0.6052083 0.5265625 0.0229167 0.0359375
5 0.4656250 0.1761719 0.0208333 0.0351562
0 0.5307292 0.1714844 0.0270833 0.0429688
1 0.5369792 0.6992188 0.0218750 0.0421875
3 0.5328125 0.2777344 0.0208333 0.0445313
0 0.5367188 0.6488281 0.0203125 0.0476562
3 0.6252604 0.6105469 0.0307292 0.0289063
1 0.3653646 0.0488281 0.0317708 0.0273438
4 0.4398437 0.2902344 0.0307292 0.0226562
3 0.6257812 0.3871094 0.0286458 0.0320312
4 0.3148437 0.5445313 0.0182292 0.0406250
2 0.5354167 0.1164063 0.0145833 0.0453125
2 0.3661458 0.7250000 0.0177083 0.0250000
2 0.4867187 0.8757812 0.0223958 0.0437500
0 0.5828125 0.5449219 0.0291667 0.0210938
1 0.2989583 0.4875000 0.0145833 0.0265625
4 0.5442708 0.3765625 0.0177083 0.0203125
2 0.3338542 0.6691406 0.0208333 0.0414062
5 0.2453125 0.7777344 0.0156250 0.0429688
0 0.6005208 0.2535156 0.0177083 0.0414062
5 0.6890625 0.5125000 0.0364583 0.0265625
2 0.7250000 0.4988281 0.0312500 0.0242188
6 0.5690104 0.7726563 0.0192708 0.0390625
11 0.6281250 0.5968750 0.0312500 0.0312500
