3 0.3648438 0.5554687 0.0442708 0.0234375
0 0.4992187 0.4550781 0.0411458 0.0351562
2 0.6341146 0.4757812 0.0411458 0.0437500
5 0.6252604 0.7644531 0.0411458 0.0289063
0 0.4789062 0.6519531 0.0276042 0.0320312
2 0.5101562 0.2730469 0.0432292 0.0242188
5 0.6510417 0.6562500 0.0354167 0.0546875
3 0.7348958 0.3113281 0.0312500 0.0367188
5 0.5864583 0.5351562 0.0239583 0.0328125
5 0.6390625 0.4738281 0.0416667 0.0398437
5 0.7281250 0.6000000 0.0437500 0.0265625
4 0.5802083 0.4160156 0.0343750 0.0304687
1 0.3414063 0.3437500 0.0390625 0.0421875
3 0.6075521 0.8589844 0.0234375 0.0570312
4 0.5617188 0.4503906 0.0442708 0.0367188
4 0.6723958 0.4382813 0.0364583 0.0437500
1 0.4221354 0.3304687 0.0265625 0.0328125
1 0.4846354 0.2062500 0.0234375 0.0281250
3 0.4231771 0.7308594 0.0328125 0.0335937
1 0.5424479 0.9164062 0.0286458 0.0578125
4 0.4916667 0.2359375 0.0385417 0.0375000
4 0.6247396 0.6269531 0.0411458 0.0382813
0 0.3463542 0.3546875 0.0406250 0.0390625
0 0.2513021 0.7562500 0.0286458 0.0562500
5 0.4273438 0.4597656 0.0265625 0.0273438
3 0.7041667 0.7875000 0.0427083 0.0312500
0 0.5317708 0.4535156 0.0406250 0.0304687
2 0.4096354 0.2042969 0.0192708 0.0289063
0 0.3036458 0.3765625 0.0250000 0.0546875
2 0.6289062 0.2527344 0.0317708 0.0523438
5 0.4911458 0.6613281 0.0260417 0.0429688
1 0.6278646 0.9296875 0.0401042 0.0296875
5 0.6260417 0.6210938 0.0395833 0.0390625
1 0.5994792 0.8648438 0.0447917 0.0296875
3 0.5809896 0.4613281 0.0255208 0.0335937
5 0.7080729 0.6085938 0.0401042 0.0328125
3 0.3536458 0.4300781 0.0343750 0.0257812
5 0.6421875 0.6250000 0.0395833 0.0296875
11 0.5656250 0.3640625 0.0250000 0.0453125
10 0.4117188 0.6890625 0.0348958 0.0578125
9 0.4424479 0.5406250 0.0276042 0.0390625
11 0.4325521 0.1761719 0.0348958 0.0476562
6 0.4476562 0.6226563 0.0296875 0.0437500
10 0.6028646 0.4285156 0.0401042 0.0523438
6 0.6914062 0.5781250 0.0369792 0.0562500
11 0.3875000 0.5773438 0.0343750 0.0343750
9 0.3106771 0.5835938 0.0421875 0.0468750
11 0.4619792 0.5046875 0.0239583 0.0437500
10 0.6127604 0.7757812 0.0359375 0.0359375
9 0.5713542 0.5214844 0.0385417 0.0382813
8 0.3401042 0.1992188 0.0260417 0.0593750
9 0.2408854 0.3375000 0.0380208 0.0359375
9 0.6101562 0.6539063 0.0401042 0.0546875
8 0.5695313 0.2132813 0.0432292 0.0421875
10 0.5927083 0.5734375 0.0364583 0.0359375
10 0.5416667 0.6574219 0.0395833 0.0382813
10 0.3736979 0.5382813 0.0338542 0.0593750
