0 0.5661458 0.3433594 0.0166667 0.0242188
2 0.3781250 0.6054688 0.0312500 0.0250000
3 0.4463542 0.1417969 0.0229167 0.0257812
0 0.3921875 0.2726562 0.0166667 0.0359375
4 0.6393229 0.8144531 0.0182292 0.0476562
2 0.5453125 0.4933594 0.0177083 0.0242188
4 0.6864583 0.6613281 0.0156250 0.0445313
0 0.7041667 0.3910156 0.0156250 0.0398437
3 0.5611979 0.3253906 0.0307292 0.0257812
0 0.4492188 0.2976563 0.0192708 0.0531250
0 0.3109375 0.7234375 0.0166667 0.0484375
5 0.4708333 0.1496094 0.0166667 0.0460938
2 0.5752604 0.1867187 0.0265625 0.0328125
1 0.2432292 0.4277344 0.0177083 0.0351562
5 0.6286458 0.3734375 0.0354167 0.0281250
2 0.5320312 0.7550781 0.0328125 0.0226562
4 0.2828125 0.6253906 0.0197917 0.0460938
3 0.4752604 0.7281250 0.0223958 0.0484375
2 0.4515625 0.2808594 0.0354167 0.0304687
2 0.5276042 0.5691406 0.0239583 0.0195312
0 0.4427083 0.2789063 0.0312500 0.0281250
3 0.5221354 0.7359375 0.0296875 0.0218750
4 0.4643229 0.3796875 0.0192708 0.0312500
5 0.4888021 0.6277344 0.0151042 0.0304687
3 0.5695313 0.3695312 0.0234375 0.0453125
4 0.4804688 0.0652344 0.0192708 0.0460938
1 0.5885417 0.6359375 0.0291667 0.0171875
2 0.6895833 0.5105469 0.0364583 0.0273438
5 0.6807292 0.5968750 0.0333333 0.0250000
2 0.4625000 0.6496094 0.0197917 0.0523438
0 0.4598958 0.6250000 0.0177083 0.0484375
1 0.4354167 0.4207031 0.0156250 0.0226562
5 0.5447917 0.7683594 0.0177083 0.0476562
1 0.3893229 0.4500000 0.0307292 0.0218750
2 0.4208333 0.8914062 0.0229167 0.0500000
1 0.2106771 0.5015625 0.0286458 0.0390625
2 0.5906250 0.8253906 0.0187500 0.0507812
0 0.2768229 0.4953125 0.0203125 0.0265625
1 0.3921875 0.5500000 0.0156250 0.0312500
2 0.6414062 0.1707031 0.0161458 0.0210938
4 0.6377604 0.3503906 0.0151042 0.0304687
3 0.4742188 0.7121094 0.0255208 0.0335937
1 0.4776042 0.4933594 0.0291667 0.0210938
0 0.3395833 0.4804688 0.0187500 0.0250000
4 0.4781250 0.5332031 0.0333333 0.0273438
1 0.4903646 0.2878906 0.0192708 0.0414062
1 0.5216146 0.5238281 0.0307292 0.0257812
5 0.3270833 0.4269531 0.0156250 0.0460938
2 0.6361979 0.3121094 0.0307292 0.0335937
0 0.4507813 0.2328125 0.0296875 0.0218750
2 0.5322917 0.8328125 0.0166667 0.0406250
5 0.3315104 0.5730469 0.0161458 0.0210938
2 0.4140625 0.4585938 0.0270833 0.0437500
2 0.4348958 0.6371094 0.0239583 0.0445313
4 0.7104167 0.6121094 0.0239583 0.0492187
9 0.3468750 0.7683594 0.0281250 0.0273438
7 0.5994792 0.3359375 0.0322917 0.0328125
6 0.7161458 0.5808594 0.0322917 0.0320312
10 0.4161458 0.6566406 0.0197917 0.0304687
9 0.4289062 0.3105469 0.0192708 0.0429688
11 0.5343750 0.6031250 0.0197917 0.0375000
7 0.3460937 0.3449219 0.0307292 0.0367188
8 0.5450521 0.4707031 0.0265625 0.0382813
