5 0.2973958 0.7882813 0.0156250 0.0375000
2 0.4619792 0.8039063 0.0208333 0.0343750
0 0.6119792 0.7609375 0.0270833 0.0218750
0 0.3111979 0.5335937 0.0130208 0.0390625
2 0.6929688 0.6886719 0.0192708 0.0429688
4 0.7265625 0.4453125 0.0187500 0.0359375
1 0.4453125 0.8136719 0.0197917 0.0179687
0 0.3671875 0.4300781 0.0208333 0.0351562
3 0.5476562 0.0781250 0.0265625 0.0187500
1 0.6520833 0.4925781 0.0250000 0.0210938
3 0.3122396 0.4292969 0.0140625 0.0367188
5 0.6682292 0.7460938 0.0187500 0.0218750
2 0.4523437 0.2121094 0.0182292 0.0351562
3 0.5104167 0.4234375 0.0145833 0.0406250
1 0.6067708 0.3214844 0.0093750 0.0320312
0 0.4247396 0.8566406 0.0151042 0.0257812
5 0.6888021 0.6031250 0.0151042 0.0281250
5 0.5828125 0.7972656 0.0260417 0.0164063
1 0.4596354 0.7976562 0.0171875 0.0265625
0 0.3658854 0.5230469 0.0161458 0.0242188
4 0.6166667 0.2250000 0.0135417 0.0343750
1 0.5403646 0.4640625 0.0161458 0.0250000
3 0.7125000 0.7222656 0.0291667 0.0210938
1 0.7427083 0.4484375 0.0250000 0.0187500
4 0.4981771 0.7296875 0.0140625 0.0203125
0 0.3986979 0.7414063 0.0130208 0.0359375
5 0.4299479 0.5328125 0.0182292 0.0312500
0 0.7440104 0.4789062 0.0161458 0.0359375
2 0.3302083 0.7546875 0.0250000 0.0171875
1 0.3393229 0.8554688 0.0130208 0.0375000
5 0.5692708 0.7777344 0.0197917 0.0226562
5 0.3914063 0.4632812 0.0223958 0.0187500
1 0.6408854 0.7984375 0.0255208 0.0296875
4 0.4231771 0.1750000 0.0286458 0.0203125
5 0.7533854 0.4593750 0.0130208 0.0187500
4 0.6500000 0.5109375 0.0145833 0.0359375
1 0.5807292 0.5175781 0.0145833 0.0382813
4 0.4833333 0.5929688 0.0166667 0.0421875
11 0.7281250 0.7097656 0.0260417 0.0257812
10 0.5609375 0.6613281 0.0187500 0.0351562
6 0.5031250 0.2640625 0.0177083 0.0359375
6 0.5424479 0.5332031 0.0255208 0.0257812
8 0.7265625 0.7214844 0.0177083 0.0398437
6 0.6125000 0.3011719 0.0250000 0.0257812
11 0.3981771 0.4496094 0.0223958 0.0257812
6 0.5789062 0.7656250 0.0255208 0.0312500
