2 0.5234375 0.9105469 0.1114583 0.1773437
5 0.6880208 0.1835938 0.1614583 0.1031250
2 0.6234375 0.3105469 0.1416667 0.2101562
4 0.3731771 0.2242187 0.0723958 0.1968750
0 0.6312500 0.2898438 0.0916667 0.1859375
0 0.4471354 0.7023438 0.1057292 0.1953125
3 0.6471354 0.5378906 0.1598958 0.1148437
3 0.6932292 0.3062500 0.1437500 0.1312500
3 0.2890625 0.6496094 0.1187500 0.1210938
0 0.2692708 0.7585937 0.1593750 0.1109375
2 0.4882812 0.3437500 0.0828125 0.1218750
1 0.6442708 0.3121094 0.1031250 0.1695312
1 0.7559896 0.4617188 0.1942708 0.1015625
0 0.3114583 0.3363281 0.0760417 0.1523438
4 0.5708333 0.6730469 0.0708333 0.2523437
5 0.6080729 0.2742188 0.1640625 0.1375000
3 0.5052083 0.9195313 0.1093750 0.1593750
5 0.7734375 0.1582031 0.1760417 0.1320312
3 0.2658854 0.7062500 0.1921875 0.1140625
5 0.5843750 0.9039063 0.0906250 0.1390625
2 0.5476562 0.6746094 0.1192708 0.1742188
1 0.3440104 0.7996094 0.1171875 0.2632813
4 0.4773438 0.4980469 0.1171875 0.1273438
1 0.7682292 0.5367188 0.1760417 0.1171875
5 0.5617188 0.4042969 0.1057292 0.2164062
2 0.7265625 0.4226563 0.0979167 0.1437500
0 0.6557292 0.6960937 0.1645833 0.1625000
2 0.4390625 0.6019531 0.0989583 0.1179687
3 0.3697917 0.9433594 0.1843750 0.1117188
3 0.3591146 0.8636719 0.1682292 0.1460937
1 0.5450521 0.4804688 0.1432292 0.2250000
3 0.6869792 0.5945312 0.1708333 0.1437500
1 0.7333333 0.3515625 0.0979167 0.1546875
11 0.1822917 0.7984375 0.1697917 0.1687500
6 0.3778646 0.6898437 0.1171875 0.2328125
9 0.7083333 0.4406250 0.1645833 0.1546875
7 0.5325521 0.0937500 0.1046875 0.1875000
