5 0.6260417 0.3339844 0.0520833 0.0851563
1 0.6833333 0.4457031 0.0718750 0.1007813
2 0.5927083 0.6347656 0.0781250 0.0601563
1 0.7229167 0.3007812 0.0822917 0.0625000
5 0.3341146 0.7519531 0.0869792 0.0570312
3 0.7898437 0.6074219 0.0744792 0.0726563
4 0.6619792 0.6261719 0.0822917 0.0585938
2 0.5221354 0.8480469 0.0755208 0.0585938
4 0.7125000 0.5457031 0.0343750 0.1164063
4 0.6658854 0.5785156 0.0755208 0.0429688
0 0.1942708 0.6843750 0.0572917 0.0875000
3 0.7247396 0.3054688 0.0755208 0.0796875
0 0.6036458 0.2593750 0.0791667 0.0656250
1 0.6901042 0.2503906 0.0864583 0.0695313
1 0.4942708 0.3636719 0.0833333 0.0898438
11 0.6953125 0.3039062 0.0718750 0.0843750
10 0.4973958 0.3914063 0.0739583 0.0937500
11 0.6138021 0.2886719 0.0817708 0.1226562
