5 0.5117188 0.3414063 0.0223958 0.0203125
1 0.3445313 0.4390625 0.0161458 0.0171875
3 0.6317708 0.4136719 0.0177083 0.0304687
3 0.3664062 0.6828125 0.0213542 0.0171875
4 0.5658854 0.8238281 0.0151042 0.0351562
2 0.8018229 0.5257812 0.0223958 0.0218750
4 0.3942708 0.4074219 0.0239583 0.0179687
3 0.7111979 0.5101562 0.0130208 0.0281250
0 0.5348958 0.5542969 0.0114583 0.0179687
5 0.6908854 0.1742188 0.0244792 0.0171875
4 0.5481771 0.7988281 0.0244792 0.0164063
2 0.6315104 0.4906250 0.0255208 0.0187500
5 0.5062500 0.6875000 0.0114583 0.0328125
1 0.6653646 0.8378906 0.0119792 0.0242188
5 0.6213542 0.3246094 0.0229167 0.0179687
2 0.5458333 0.7453125 0.0250000 0.0187500
2 0.4164062 0.1988281 0.0223958 0.0164063
3 0.5888021 0.4820313 0.0213542 0.0140625
0 0.5575521 0.2195313 0.0223958 0.0140625
4 0.5565104 0.3613281 0.0203125 0.0179687
0 0.4106771 0.3972656 0.0223958 0.0179687
1 0.4565104 0.5320312 0.0151042 0.0171875
2 0.5932292 0.1222656 0.0166667 0.0351562
2 0.3067708 0.3691406 0.0208333 0.0179687
0 0.5875000 0.7777344 0.0187500 0.0257812
5 0.4554687 0.4496094 0.0182292 0.0195312
2 0.3161458 0.2394531 0.0229167 0.0179687
1 0.3526042 0.6625000 0.0260417 0.0171875
1 0.4151042 0.7363281 0.0208333 0.0226562
0 0.6281250 0.1269531 0.0239583 0.0179687
1 0.6804687 0.3652344 0.0098958 0.0289063
0 0.3536458 0.4085937 0.0187500 0.0234375
3 0.6549479 0.4617188 0.0203125 0.0218750
2 0.3250000 0.2867188 0.0166667 0.0187500
3 0.2658854 0.3109375 0.0140625 0.0343750
3 0.6179687 0.4273438 0.0151042 0.0265625
3 0.3260417 0.6640625 0.0229167 0.0187500
2 0.7257813 0.6894531 0.0213542 0.0210938
0 0.5182292 0.3804688 0.0145833 0.0312500
3 0.5877604 0.1714844 0.0171875 0.0195312
4 0.6916667 0.6203125 0.0135417 0.0343750
0 0.4757812 0.4886719 0.0234375 0.0179687
0 0.4677083 0.2425781 0.0229167 0.0210938
3 0.4432292 0.6644531 0.0104167 0.0335937
4 0.3802083 0.3824219 0.0229167 0.0226562
1 0.3083333 0.6398438 0.0104167 0.0218750
9 0.4559896 0.5941406 0.0171875 0.0304687
6 0.4338542 0.0949219 0.0218750 0.0351562
8 0.4057292 0.7164063 0.0145833 0.0359375
6 0.2919271 0.3609375 0.0203125 0.0265625
8 0.4380208 0.9054688 0.0187500 0.0312500
8 0.5031250 0.5585938 0.0156250 0.0265625
10 0.5934896 0.3742187 0.0182292 0.0343750
