2 0.6338542 0.2531250 0.1000000 0.2359375
0 0.6005208 0.8875000 0.1072917 0.1078125
2 0.3500000 0.4523437 0.1739583 0.1203125
0 0.4481771 0.2847656 0.1026042 0.1273438
5 0.5109375 0.6921875 0.1010417 0.2750000
5 0.4950521 0.4250000 0.0640625 0.1500000
3 0.6471354 0.1753906 0.0869792 0.2007812
4 0.5083333 0.3324219 0.1375000 0.1179687
0 0.7505208 0.3289063 0.1635417 0.1156250
3 0.3356771 0.7941406 0.1765625 0.1148437
3 0.2919271 0.7480469 0.0786458 0.2601562
1 0.5231771 0.2433594 0.1380208 0.1570313
2 0.4570312 0.8203125 0.1026042 0.2375000
5 0.4690104 0.0957031 0.1526042 0.1648438
2 0.5028646 0.9101562 0.1140625 0.1781250
1 0.3263021 0.3000000 0.1411458 0.1734375
3 0.8156250 0.3066406 0.0875000 0.2664063
0 0.4479167 0.2570312 0.0854167 0.2750000
5 0.3005208 0.6238281 0.1385417 0.1523438
3 0.3325521 0.3804688 0.1692708 0.1890625
0 0.7018229 0.1363281 0.0838542 0.2414062
4 0.2890625 0.7429687 0.0854167 0.1687500
2 0.6609375 0.4800781 0.1104167 0.2835937
5 0.6687500 0.2308594 0.1114583 0.2007812
2 0.5601563 0.2746094 0.1307292 0.1898438
4 0.7695312 0.8453125 0.1807292 0.1203125
3 0.2953125 0.4750000 0.1656250 0.1125000
0 0.6635417 0.4828125 0.0864583 0.1937500
4 0.6252604 0.2089844 0.0713542 0.1992188
3 0.5164062 0.6101562 0.1078125 0.2046875
1 0.6054688 0.2617188 0.0755208 0.1218750
0 0.4018229 0.0601563 0.0890625 0.1203125
3 0.3648438 0.1523438 0.0703125 0.1234375
3 0.4651042 0.5953125 0.0968750 0.1828125
3 0.6148438 0.6421875 0.0807292 0.2109375
2 0.1859375 0.6378906 0.1802083 0.1523438
2 0.5093750 0.2777344 0.1197917 0.1445312
2 0.3903646 0.0707031 0.1098958 0.1414063
2 0.5869792 0.7242188 0.0864583 0.1781250
5 0.2526042 0.6246094 0.1739583 0.2007812
3 0.7533854 0.5851563 0.1140625 0.1625000
3 0.3744792 0.8289062 0.1156250 0.1250000
5 0.7294271 0.5140625 0.1338542 0.1937500
4 0.2718750 0.6640625 0.1322917 0.1375000
1 0.3109375 0.1957031 0.1406250 0.1273438
5 0.6059896 0.2664063 0.1880208 0.1125000
3 0.6458333 0.3515625 0.0812500 0.2312500
3 0.7695312 0.4335938 0.1526042 0.1625000
0 0.3611979 0.0664062 0.0786458 0.1328125
0 0.6111979 0.8210937 0.1130208 0.1500000
4 0.6721354 0.5003906 0.1640625 0.1414063
2 0.5276042 0.8453125 0.0906250 0.2656250
3 0.4244792 0.3164062 0.0916667 0.1859375
2 0.1903646 0.3148437 0.1671875 0.1281250
3 0.6083333 0.4234375 0.1552083 0.1000000
4 0.4812500 0.7882813 0.0781250 0.1265625
2 0.2783854 0.3464844 0.1755208 0.1414063
4 0.7330729 0.9480469 0.1744792 0.1023437
3 0.6437500 0.4050781 0.0864583 0.1101562
3 0.5265625 0.7019531 0.1000000 0.1414063
0 0.5398437 0.4636719 0.1359375 0.2132813
3 0.6677083 0.5984375 0.1625000 0.1421875
5 0.4768229 0.5742188 0.0828125 0.1296875
3 0.4098958 0.2558594 0.1312500 0.1304687
1 0.4864583 0.3960938 0.1093750 0.1296875
2 0.2872396 0.1351563 0.1890625 0.1296875
3 0.4841146 0.3457031 0.1161458 0.2132813
3 0.7515625 0.7296875 0.0947917 0.1640625
0 0.5039062 0.4546875 0.1390625 0.1515625
5 0.5041667 0.1687500 0.1479167 0.1218750
1 0.4588542 0.3878906 0.1635417 0.1851562
1 0.6132812 0.4312500 0.1609375 0.1156250
4 0.5104167 0.8074219 0.0812500 0.2101562
8 0.5234375 0.2707031 0.1333333 0.1414063
10 0.6390625 0.2140625 0.1541667 0.1750000
8 0.3971354 0.4007812 0.1098958 0.2562500
10 0.3726563 0.7132812 0.1088542 0.2046875
9 0.2283854 0.5152344 0.1557292 0.2007812
10 0.5234375 0.2285156 0.1614583 0.2210938
6 0.3432292 0.8636719 0.1187500 0.1507813
9 0.2791667 0.3355469 0.1197917 0.1632812
7 0.5796875 0.0871094 0.1062500 0.1742188
