1 0.5992188 0.7390625 0.0421875 0.0625000
1 0.7429687 0.4332031 0.0723958 0.0679687
1 0.7445312 0.6546875 0.0786458 0.0546875
5 0.3164062 0.5011719 0.0692708 0.0507812
2 0.6718750 0.6933594 0.0291667 0.1070312
3 0.4388021 0.8496094 0.0630208 0.0898438
2 0.3541667 0.7597656 0.0416667 0.0757812
5 0.3382812 0.5488281 0.0661458 0.0554687
4 0.4679687 0.4500000 0.0411458 0.0812500
2 0.6234375 0.1593750 0.0593750 0.0718750
0 0.7458333 0.3941406 0.0687500 0.0523438
4 0.4835937 0.2703125 0.0442708 0.0828125
4 0.6450521 0.2394531 0.0682292 0.0820312
3 0.5755208 0.8984375 0.0541667 0.0750000
4 0.2713542 0.5589844 0.0364583 0.0710937
4 0.4114583 0.6789063 0.0395833 0.0796875
3 0.7541667 0.7207031 0.0718750 0.0570312
5 0.5755208 0.4031250 0.0458333 0.0562500
1 0.4234375 0.7816406 0.0385417 0.0851563
2 0.4437500 0.1964844 0.0531250 0.0726563
0 0.5213542 0.8507813 0.0750000 0.0578125
0 0.4098958 0.3480469 0.0468750 0.0539063
4 0.3583333 0.4875000 0.0593750 0.0750000
5 0.5585938 0.4664063 0.0661458 0.0656250
6 0.6018229 0.5562500 0.0557292 0.0796875
6 0.5677083 0.6824219 0.0572917 0.0742188
6 0.5536458 0.7417969 0.0468750 0.1101562
