1 0.2596354 0.1019531 0.0526042 0.1507813
3 0.5867187 0.3566406 0.1109375 0.0929688
1 0.6981771 0.5773438 0.0890625 0.0718750
3 0.2216146 0.6152344 0.0953125 0.0710937
2 0.6466146 0.7863281 0.0963542 0.0679687
5 0.5552083 0.1925781 0.0781250 0.1164063
0 0.7505208 0.4414062 0.0697917 0.1296875
4 0.5778646 0.2574219 0.0838542 0.0742188
5 0.5046875 0.8343750 0.0635417 0.1593750
5 0.3343750 0.5230469 0.0979167 0.0773438
5 0.4122396 0.7542969 0.0619792 0.1570313
1 0.6744792 0.6679688 0.1125000 0.0828125
0 0.4369792 0.6359375 0.0604167 0.1359375
4 0.5453125 0.8695312 0.1031250 0.0640625
1 0.6968750 0.3027344 0.0812500 0.0695313
5 0.2856771 0.5667969 0.1067708 0.0851563
4 0.7158854 0.4925781 0.0953125 0.0742188
2 0.6403646 0.4007812 0.0703125 0.1328125
1 0.6276042 0.1148437 0.0895833 0.0890625
1 0.3927083 0.5132813 0.0656250 0.1468750
0 0.2546875 0.3257813 0.0864583 0.1218750
2 0.4932292 0.7687500 0.1010417 0.0906250
4 0.5195312 0.4906250 0.1015625 0.1031250
5 0.7239583 0.4640625 0.0604167 0.0640625
5 0.4125000 0.6875000 0.0625000 0.1156250
1 0.4804688 0.4078125 0.0515625 0.0765625
4 0.6236979 0.7363281 0.0890625 0.0648438
1 0.3257813 0.3277344 0.0692708 0.1226562
1 0.6502604 0.6992188 0.0526042 0.1093750
0 0.7679687 0.6960937 0.0744792 0.1250000
5 0.4322917 0.1968750 0.0625000 0.0718750
4 0.2960937 0.0332031 0.0963542 0.0664062
5 0.7377604 0.7316406 0.0921875 0.0898438
1 0.4302083 0.4460938 0.0937500 0.0734375
3 0.5544271 0.4847656 0.1057292 0.0679687
0 0.4716146 0.3074219 0.0932292 0.0539063
3 0.5893229 0.3925781 0.0848958 0.0726563
0 0.7559896 0.5148438 0.1005208 0.1062500
4 0.5898438 0.5289063 0.0942708 0.0703125
0 0.7252604 0.4058594 0.1057292 0.0773438
5 0.6257812 0.1121094 0.0630208 0.1414063
3 0.4317708 0.7910156 0.0750000 0.1539062
0 0.5817708 0.8191406 0.0760417 0.1445312
1 0.6242188 0.2406250 0.0828125 0.1359375
4 0.2473958 0.3593750 0.0729167 0.1515625
2 0.5669271 0.7953125 0.0932292 0.0609375
3 0.5273438 0.6351562 0.0671875 0.1312500
0 0.4010417 0.1402344 0.0822917 0.1476562
0 0.2989583 0.4285156 0.0489583 0.1476562
2 0.5174479 0.7667969 0.0973958 0.1023437
5 0.4294271 0.7113281 0.0921875 0.0617188
3 0.5822917 0.7414063 0.1020833 0.0828125
4 0.5893229 0.5156250 0.0984375 0.0921875
4 0.6919271 0.5218750 0.1005208 0.0781250
5 0.6122396 0.1644531 0.1098958 0.0742188
4 0.6692708 0.8367187 0.0625000 0.0796875
0 0.4692708 0.1605469 0.0666667 0.1476562
1 0.3125000 0.5632812 0.0802083 0.0953125
0 0.5794271 0.1089844 0.0942708 0.0914062
5 0.5645833 0.4226563 0.0468750 0.1125000
1 0.4718750 0.6519531 0.1031250 0.1070312
2 0.5174479 0.6488281 0.0921875 0.0820312
2 0.3122396 0.4093750 0.0369792 0.1156250
5 0.3520833 0.5960937 0.0562500 0.1468750
6 0.3302083 0.8523437 0.0875000 0.1593750
7 0.6015625 0.8101563 0.0895833 0.1546875
7 0.5632812 0.5320312 0.0859375 0.1187500
8 0.5911458 0.7027344 0.0927083 0.0929688
9 0.4718750 0.6082031 0.0677083 0.1023437
6 0.6177083 0.7738281 0.0979167 0.0945312
11 0.5546875 0.2695312 0.0947917 0.1156250
11 0.5778646 0.8707031 0.1015625 0.1273438
8 0.2171875 0.3625000 0.1062500 0.1078125
6 0.5976562 0.3390625 0.0859375 0.1140625
8 0.6101562 0.5281250 0.0609375 0.1203125
8 0.4421875 0.3230469 0.0989583 0.1273438
10 0.5656250 0.6843750 0.0885417 0.0890625
11 0.6729167 0.2605469 0.0833333 0.1414063
