4 0.6520833 0.6050781 0.0343750 0.0382813
2 0.5437500 0.5941406 0.0385417 0.0335937
5 0.6190104 0.8578125 0.0307292 0.0250000
4 0.5562500 0.1867187 0.0416667 0.0328125
2 0.5940104 0.1632812 0.0265625 0.0484375
3 0.5286458 0.8476562 0.0239583 0.0359375
1 0.5786458 0.6765625 0.0229167 0.0593750
4 0.6135417 0.4937500 0.0406250 0.0296875
0 0.5070313 0.2101562 0.0192708 0.0265625
3 0.3942708 0.8671875 0.0333333 0.0484375
2 0.4809896 0.4003906 0.0171875 0.0398437
4 0.5919271 0.8347656 0.0171875 0.0585938
2 0.5960937 0.2332031 0.0265625 0.0320312
3 0.4231771 0.4007812 0.0203125 0.0687500
5 0.6864583 0.6308594 0.0291667 0.0554687
4 0.6736979 0.8226562 0.0192708 0.0546875
4 0.5276042 0.5921875 0.0322917 0.0328125
0 0.5492187 0.4281250 0.0348958 0.0343750
1 0.4580729 0.2562500 0.0161458 0.0671875
4 0.4911458 0.5203125 0.0333333 0.0312500
1 0.6549479 0.3394531 0.0401042 0.0476562
2 0.6424479 0.6519531 0.0328125 0.0335937
3 0.3604167 0.6234375 0.0177083 0.0625000
2 0.5802083 0.2003906 0.0229167 0.0601563
2 0.4473958 0.6875000 0.0406250 0.0265625
3 0.6635417 0.4671875 0.0458333 0.0328125
10 0.4677083 0.8121094 0.0239583 0.0570312
10 0.3901042 0.6484375 0.0229167 0.0406250
9 0.5109375 0.5199219 0.0364583 0.0507812
8 0.7044271 0.7937500 0.0421875 0.0421875
6 0.3736979 0.6265625 0.0255208 0.0593750
6 0.2635417 0.2035156 0.0385417 0.0414062
10 0.2992187 0.3234375 0.0234375 0.0546875
