3 0.5260417 0.3265625 0.0291667 0.0218750
1 0.8179688 0.4550781 0.0140625 0.0210938
4 0.5286458 0.3234375 0.0281250 0.0265625
0 0.6606771 0.4906250 0.0192708 0.0359375
3 0.7247396 0.2855469 0.0338542 0.0242188
0 0.5153646 0.1148437 0.0192708 0.0359375
4 0.6494792 0.4128906 0.0291667 0.0242188
2 0.4210937 0.8683594 0.0223958 0.0367188
2 0.4309896 0.1070312 0.0296875 0.0281250
2 0.6575521 0.7253906 0.0286458 0.0304687
4 0.6166667 0.4109375 0.0333333 0.0250000
1 0.3968750 0.6675781 0.0187500 0.0445313
0 0.2497396 0.5167969 0.0192708 0.0242188
3 0.5104167 0.6925781 0.0187500 0.0445313
3 0.2861979 0.4832031 0.0276042 0.0304687
0 0.3809896 0.4605469 0.0255208 0.0257812
5 0.5518229 0.6433594 0.0234375 0.0226562
4 0.6041667 0.3839844 0.0166667 0.0320312
0 0.5330729 0.8441406 0.0317708 0.0242188
5 0.4859375 0.4269531 0.0322917 0.0242188
3 0.5736979 0.3562500 0.0182292 0.0281250
2 0.6539063 0.2128906 0.0140625 0.0429688
2 0.6242188 0.5863281 0.0192708 0.0382813
0 0.3179688 0.4910156 0.0276042 0.0273438
3 0.6932292 0.6894531 0.0333333 0.0273438
1 0.3127604 0.4933594 0.0286458 0.0304687
2 0.7328125 0.5421875 0.0250000 0.0328125
5 0.6734375 0.3484375 0.0270833 0.0203125
1 0.3255208 0.4718750 0.0166667 0.0296875
4 0.5414062 0.7968750 0.0171875 0.0515625
0 0.4510417 0.9089844 0.0312500 0.0257812
3 0.7497396 0.2636719 0.0307292 0.0226562
2 0.4591146 0.1250000 0.0307292 0.0234375
3 0.4000000 0.4398437 0.0281250 0.0218750
0 0.3236979 0.2511719 0.0151042 0.0429688
5 0.5966146 0.3449219 0.0213542 0.0273438
1 0.3117187 0.4785156 0.0244792 0.0320312
0 0.5187500 0.3781250 0.0177083 0.0312500
3 0.5481771 0.2937500 0.0317708 0.0234375
0 0.3091146 0.4859375 0.0161458 0.0296875
2 0.7854167 0.5839844 0.0229167 0.0320312
5 0.4958333 0.7335938 0.0291667 0.0375000
1 0.6515625 0.3984375 0.0322917 0.0328125
3 0.6523438 0.1933594 0.0192708 0.0242188
4 0.6140625 0.3308594 0.0281250 0.0226562
0 0.3242188 0.9148437 0.0223958 0.0234375
10 0.3036458 0.3218750 0.0208333 0.0421875
