2 0.2174479 0.6441406 0.0505208 0.0476562
4 0.4028646 0.5765625 0.0296875 0.0343750
4 0.6544271 0.6144531 0.0463542 0.0398437
1 0.3554688 0.4875000 0.0421875 0.0578125
5 0.4638021 0.2660156 0.0442708 0.0585938
4 0.5007812 0.2656250 0.0307292 0.0625000
3 0.3356771 0.5601563 0.0526042 0.0484375
2 0.4658854 0.3832031 0.0359375 0.0632812
5 0.6348958 0.4218750 0.0489583 0.0343750
5 0.5963542 0.8144531 0.0270833 0.0585938
1 0.4182292 0.3054688 0.0270833 0.0812500
4 0.4716146 0.7195312 0.0380208 0.0656250
3 0.3710938 0.6093750 0.0328125 0.0421875
4 0.3755208 0.2750000 0.0458333 0.0468750
1 0.6041667 0.8417969 0.0260417 0.0804688
4 0.3440104 0.6730469 0.0276042 0.0398437
0 0.4539063 0.5511719 0.0244792 0.0664062
2 0.4513021 0.2351563 0.0348958 0.0390625
1 0.4807292 0.5425781 0.0312500 0.0351562
4 0.6578125 0.7359375 0.0447917 0.0453125
3 0.3617187 0.4070313 0.0223958 0.0468750
0 0.6687500 0.6914062 0.0510417 0.0359375
3 0.4854167 0.5113281 0.0500000 0.0367188
5 0.6546875 0.7992187 0.0520833 0.0421875
4 0.3255208 0.5050781 0.0239583 0.0554687
3 0.3841146 0.7257813 0.0359375 0.0687500
3 0.4554687 0.7011719 0.0463542 0.0351562
3 0.3729167 0.2933594 0.0302083 0.0460938
0 0.6906250 0.4125000 0.0520833 0.0296875
4 0.7028646 0.4085937 0.0411458 0.0421875
4 0.5299479 0.0273438 0.0380208 0.0546875
3 0.3242188 0.3738281 0.0494792 0.0289063
4 0.5421875 0.5058594 0.0312500 0.0492187
1 0.5872396 0.5097656 0.0515625 0.0398437
4 0.4135417 0.4558594 0.0479167 0.0398437
3 0.3927083 0.6410156 0.0312500 0.0414062
2 0.4156250 0.4144531 0.0239583 0.0742188
1 0.5359375 0.5355469 0.0333333 0.0773438
5 0.5515625 0.7457031 0.0489583 0.0382813
10 0.7122396 0.4910156 0.0359375 0.0695313
9 0.6382813 0.2339844 0.0442708 0.0507812
9 0.4656250 0.0765625 0.0343750 0.0562500
7 0.5369792 0.6828125 0.0291667 0.0437500
11 0.4640625 0.2390625 0.0447917 0.0546875
6 0.7242188 0.7800781 0.0463542 0.0679687
8 0.5664062 0.7265625 0.0390625 0.0703125
7 0.4817708 0.6281250 0.0510417 0.0734375
11 0.5364583 0.1000000 0.0312500 0.0734375
6 0.3549479 0.4453125 0.0463542 0.0453125
8 0.5606771 0.5367188 0.0369792 0.0546875
9 0.4679687 0.3648438 0.0473958 0.0625000
6 0.7145833 0.6039062 0.0322917 0.0484375
