0 0.4520833 0.4574219 0.0812500 0.0851563
3 0.5294271 0.5820312 0.0984375 0.1734375
1 0.3164062 0.5347656 0.1151042 0.0742188
5 0.6666667 0.6062500 0.0750000 0.1531250
2 0.3682292 0.7890625 0.1020833 0.1765625
5 0.6763021 0.3996094 0.0973958 0.1851562
1 0.6328125 0.2515625 0.0927083 0.1109375
3 0.3080729 0.5128906 0.0578125 0.1617187
4 0.6497396 0.3332031 0.1213542 0.1117188
5 0.7302083 0.7207031 0.0916667 0.0929688
3 0.7250000 0.4855469 0.1218750 0.0882813
4 0.6322917 0.4281250 0.0718750 0.1281250
2 0.3713542 0.7351562 0.0625000 0.1718750
4 0.6203125 0.5140625 0.1229167 0.1015625
2 0.5388021 0.2722656 0.0859375 0.1820313
3 0.5859375 0.0519531 0.1312500 0.0898438
4 0.6664062 0.6328125 0.0557292 0.1718750
1 0.6401042 0.8734375 0.1104167 0.0796875
4 0.6221354 0.1238281 0.1276042 0.1070312
0 0.5062500 0.9765625 0.0552083 0.0453125
4 0.6645833 0.2695312 0.0666667 0.1187500
3 0.3567708 0.6542969 0.1166667 0.1101562
0 0.3554688 0.7863281 0.1140625 0.1023437
3 0.3549479 0.3906250 0.0755208 0.1421875
0 0.6072917 0.6972656 0.0947917 0.1054688
0 0.3994792 0.5500000 0.1343750 0.0781250
2 0.4557292 0.8726563 0.0729167 0.1453125
0 0.7205729 0.2804687 0.0661458 0.1218750
0 0.5289063 0.0281250 0.0848958 0.0562500
0 0.3822917 0.2230469 0.0520833 0.1695312
5 0.3703125 0.8046875 0.1218750 0.0953125
3 0.5484375 0.2789063 0.0656250 0.0906250
4 0.3578125 0.3250000 0.0812500 0.1609375
1 0.6877604 0.5722656 0.1296875 0.1039063
3 0.5580729 0.4453125 0.0692708 0.1875000
4 0.4630208 0.6652344 0.1125000 0.1289062
3 0.6833333 0.6148438 0.0802083 0.1171875
3 0.6166667 0.4937500 0.0666667 0.1000000
3 0.6447917 0.5562500 0.1281250 0.1046875
5 0.4721354 0.4394531 0.0619792 0.1601562
0 0.3031250 0.4496094 0.1208333 0.0929688
1 0.4817708 0.8691406 0.0583333 0.1914062
4 0.6289062 0.7496094 0.0609375 0.1007813
5 0.3197917 0.5167969 0.1302083 0.1054688
4 0.2750000 0.3019531 0.1177083 0.1085938
3 0.6341146 0.5265625 0.1182292 0.0890625
1 0.5072917 0.8019531 0.1145833 0.1117188
0 0.5500000 0.8402344 0.0729167 0.1804688
2 0.2549479 0.3082031 0.1161458 0.1070312
1 0.5890625 0.6906250 0.0916667 0.1171875
1 0.5955729 0.2566406 0.1359375 0.0914062
2 0.4604167 0.2843750 0.1010417 0.1312500
3 0.5364583 0.3460937 0.1104167 0.1093750
4 0.4270833 0.6621094 0.0697917 0.1851562
2 0.6041667 0.5890625 0.1291667 0.0906250
5 0.4789062 0.3863281 0.0598958 0.1179687
4 0.5895833 0.2980469 0.0822917 0.1101562
1 0.5651042 0.1820313 0.1239583 0.0796875
5 0.6640625 0.2777344 0.0677083 0.1523438
2 0.7171875 0.5750000 0.1239583 0.0906250
3 0.3385417 0.4898438 0.1187500 0.1531250
0 0.5822917 0.2722656 0.0750000 0.1023437
2 0.5609375 0.6089844 0.0697917 0.0992187
5 0.4388021 0.3773437 0.0838542 0.0937500
3 0.6044271 0.7742187 0.1276042 0.0984375
7 0.5356771 0.2199219 0.1161458 0.1226562
11 0.7820312 0.7332031 0.1119792 0.1101562
10 0.4653646 0.2042969 0.0848958 0.1195313
7 0.6286458 0.4742188 0.0875000 0.1859375
6 0.7296875 0.7195312 0.1208333 0.1343750
9 0.5880208 0.4539063 0.0895833 0.1218750
6 0.5276042 0.5367188 0.0718750 0.1062500
6 0.6354167 0.3726563 0.0927083 0.1406250
8 0.6494792 0.1179687 0.0854167 0.2062500
10 0.6661458 0.3308594 0.1197917 0.1335938
10 0.7760417 0.8144531 0.1291667 0.1476562
7 0.7268229 0.5281250 0.1234375 0.1390625
6 0.6721354 0.5089844 0.1192708 0.1179687
9 0.4815104 0.5019531 0.1026042 0.1164063
10 0.7533854 0.4835937 0.1203125 0.1593750
