0 0.6049479 0.2015625 0.0276042 0.0546875
0 0.6585937 0.3816406 0.0182292 0.0414062
5 0.6359375 0.5011719 0.0385417 0.0289063
0 0.6664062 0.8125000 0.0296875 0.0546875
1 0.6531250 0.7089844 0.0395833 0.0273438
2 0.4414062 0.5582031 0.0338542 0.0320312
3 0.3955729 0.5730469 0.0286458 0.0367188
3 0.5924479 0.7882813 0.0348958 0.0453125
1 0.7703125 0.6535156 0.0427083 0.0304687
2 0.5098958 0.5167969 0.0270833 0.0507812
4 0.5625000 0.4937500 0.0270833 0.0500000
3 0.3890625 0.2480469 0.0437500 0.0304687
2 0.4481771 0.4023438 0.0432292 0.0390625
0 0.4966146 0.6648437 0.0161458 0.0375000
4 0.5856771 0.8667969 0.0255208 0.0585938
4 0.5932292 0.7472656 0.0302083 0.0414062
5 0.2937500 0.6660156 0.0250000 0.0632812
3 0.4455729 0.8851562 0.0276042 0.0484375
5 0.6937500 0.4632812 0.0270833 0.0421875
5 0.3838542 0.6746094 0.0416667 0.0304687
1 0.4026042 0.1617187 0.0364583 0.0375000
3 0.5153646 0.2089844 0.0296875 0.0445313
5 0.3145833 0.5820312 0.0197917 0.0562500
0 0.5132813 0.2078125 0.0390625 0.0296875
3 0.4080729 0.7578125 0.0203125 0.0625000
5 0.7429687 0.6816406 0.0359375 0.0320312
0 0.4127604 0.5378906 0.0390625 0.0320312
1 0.4257812 0.6328125 0.0213542 0.0296875
4 0.4429688 0.8898438 0.0265625 0.0453125
4 0.5203125 0.6152344 0.0229167 0.0304687
1 0.6541667 0.4386719 0.0229167 0.0382813
3 0.7408854 0.6902344 0.0432292 0.0289063
0 0.4203125 0.8007812 0.0302083 0.0281250
0 0.3059896 0.5230469 0.0307292 0.0226562
4 0.7770833 0.5156250 0.0343750 0.0421875
0 0.5846354 0.3003906 0.0390625 0.0289063
5 0.5606771 0.7824219 0.0244792 0.0585938
0 0.5200521 0.0859375 0.0255208 0.0546875
1 0.2934896 0.7035156 0.0307292 0.0382813
5 0.4466146 0.8359375 0.0286458 0.0562500
2 0.7252604 0.4894531 0.0203125 0.0429688
2 0.5596354 0.6378906 0.0213542 0.0367188
1 0.6372396 0.4207031 0.0255208 0.0523438
1 0.6304688 0.7703125 0.0213542 0.0546875
1 0.4041667 0.7539062 0.0385417 0.0375000
5 0.6796875 0.7414063 0.0395833 0.0250000
2 0.4078125 0.2066406 0.0333333 0.0335937
1 0.6148438 0.4300781 0.0307292 0.0257812
2 0.5585938 0.1863281 0.0390625 0.0242188
5 0.6010417 0.5132813 0.0375000 0.0359375
5 0.4372396 0.6472656 0.0244792 0.0460938
5 0.6989583 0.3851562 0.0343750 0.0265625
1 0.6289062 0.6320313 0.0276042 0.0578125
4 0.4434896 0.4382813 0.0390625 0.0390625
2 0.5471354 0.3531250 0.0296875 0.0453125
3 0.4656250 0.5027344 0.0354167 0.0273438
2 0.6877604 0.2128906 0.0380208 0.0257812
1 0.6346354 0.3648438 0.0401042 0.0281250
5 0.5424479 0.3027344 0.0401042 0.0414062
1 0.3877604 0.3656250 0.0171875 0.0343750
1 0.5135417 0.7953125 0.0260417 0.0578125
4 0.4768229 0.8171875 0.0244792 0.0562500
0 0.4403646 0.8964844 0.0286458 0.0570312
1 0.5721354 0.5339844 0.0390625 0.0289063
3 0.7002604 0.2789063 0.0234375 0.0453125
11 0.5299479 0.2296875 0.0296875 0.0515625
7 0.3513021 0.8125000 0.0244792 0.0578125
