5 0.5843750 0.2562500 0.0531250 0.0703125
0 0.4812500 0.7046875 0.0656250 0.0640625
0 0.3502604 0.4648438 0.0661458 0.0609375
5 0.3343750 0.2847656 0.0770833 0.0539063
4 0.5156250 0.2914062 0.0479167 0.0484375
1 0.4299479 0.6765625 0.0744792 0.0703125
5 0.4197917 0.4609375 0.0416667 0.0921875
5 0.5059896 0.6835938 0.0505208 0.0531250
5 0.5140625 0.8015625 0.0697917 0.0734375
11 0.2760417 0.6464844 0.0687500 0.0835937
11 0.4250000 0.8042969 0.0614583 0.1023437
10 0.3304687 0.5109375 0.0692708 0.0750000
11 0.6799479 0.5074219 0.0661458 0.0835937
8 0.3031250 0.4531250 0.0645833 0.0781250
8 0.6151042 0.4164062 0.0458333 0.0812500
6 0.6117187 0.4617188 0.0692708 0.0953125
10 0.4914062 0.2519531 0.0442708 0.1023437
10 0.4533854 0.3257813 0.0661458 0.0640625
