2 0.6354167 0.5812500 0.0760417 0.1250000
4 0.7690104 0.3816406 0.0817708 0.0679687
5 0.3802083 0.1046875 0.0416667 0.1312500
3 0.4427083 0.7105469 0.0854167 0.0710937
3 0.7151042 0.4890625 0.0604167 0.0953125
4 0.6653646 0.3164062 0.0807292 0.0546875
5 0.2843750 0.7437500 0.1031250 0.0765625
0 0.5971354 0.6769531 0.0848958 0.0804688
2 0.5281250 0.7597656 0.0656250 0.1117188
3 0.4492188 0.8546875 0.0453125 0.1250000
3 0.3539062 0.2070312 0.0713542 0.0640625
5 0.3104167 0.3710938 0.0958333 0.0687500
0 0.7705729 0.2332031 0.0817708 0.0851563
5 0.5325521 0.7914062 0.0953125 0.0703125
0 0.5968750 0.7847656 0.0958333 0.0695313
0 0.2945313 0.4691406 0.0890625 0.0820312
4 0.4638021 0.1246094 0.0598958 0.0632812
2 0.3864583 0.8007812 0.0729167 0.0968750
1 0.5596354 0.6316406 0.0828125 0.0632812
5 0.4770833 0.7375000 0.0510417 0.1171875
2 0.3843750 0.3398438 0.0875000 0.0531250
5 0.7372396 0.8554688 0.0369792 0.1265625
0 0.4315104 0.2578125 0.0473958 0.0562500
0 0.7750000 0.4980469 0.0989583 0.0726563
2 0.3658854 0.1312500 0.0473958 0.0734375
0 0.6429687 0.3472656 0.0838542 0.0601563
4 0.3914063 0.4699219 0.0880208 0.0601563
5 0.4119792 0.6660156 0.0812500 0.0804688
1 0.5531250 0.7371094 0.0864583 0.0585938
1 0.7070312 0.2722656 0.0546875 0.1289062
6 0.7351562 0.6554688 0.0817708 0.0796875
7 0.4981771 0.7390625 0.0765625 0.1109375
9 0.4307292 0.8273438 0.0875000 0.1234375
10 0.5583333 0.6808594 0.0895833 0.0992187
11 0.3914063 0.2636719 0.0807292 0.0945312
9 0.7604167 0.4554687 0.0916667 0.0890625
9 0.6614583 0.6667969 0.0781250 0.0960938
7 0.6114583 0.3921875 0.0760417 0.0828125
9 0.2497396 0.3785156 0.0807292 0.0804688
8 0.5937500 0.2527344 0.0885417 0.0976562
6 0.5007812 0.5027344 0.0546875 0.1164063
9 0.6942708 0.6820312 0.0791667 0.0828125
11 0.5161458 0.4597656 0.0677083 0.0820312
10 0.5252604 0.6144531 0.0630208 0.0726563
