5 0.4976563 0.1582031 0.0234375 0.0320312
4 0.6632813 0.6289062 0.0296875 0.0687500
4 0.1325521 0.5265625 0.0411458 0.0375000
4 0.6596354 0.4785156 0.0401042 0.0320312
5 0.5848958 0.8730469 0.0447917 0.0523438
3 0.3500000 0.4277344 0.0343750 0.0648438
5 0.3432292 0.6527344 0.0437500 0.0523438
5 0.6588542 0.5628906 0.0489583 0.0351562
2 0.5111979 0.5718750 0.0265625 0.0437500
1 0.3794271 0.6070313 0.0276042 0.0640625
0 0.6104167 0.6144531 0.0197917 0.0320312
3 0.5234375 0.5703125 0.0260417 0.0562500
1 0.4453125 0.3152344 0.0302083 0.0492187
2 0.3291667 0.6343750 0.0458333 0.0359375
2 0.4135417 0.3710938 0.0291667 0.0500000
2 0.6546875 0.3156250 0.0218750 0.0390625
5 0.4989583 0.5089844 0.0395833 0.0351562
1 0.3929687 0.6132812 0.0442708 0.0312500
3 0.7747396 0.5820312 0.0255208 0.0734375
5 0.5776042 0.4128906 0.0385417 0.0476562
3 0.4898438 0.7710938 0.0453125 0.0328125
5 0.3440104 0.2312500 0.0244792 0.0703125
2 0.6528646 0.4441406 0.0453125 0.0320312
0 0.4458333 0.7121094 0.0291667 0.0648438
4 0.3591146 0.7996094 0.0348958 0.0351562
4 0.7442708 0.1632812 0.0447917 0.0328125
4 0.5916667 0.3246094 0.0208333 0.0320312
4 0.4861979 0.4000000 0.0432292 0.0343750
0 0.4466146 0.4675781 0.0432292 0.0304687
5 0.6130208 0.4015625 0.0385417 0.0531250
1 0.4591146 0.6863281 0.0348958 0.0492187
5 0.7317708 0.8136719 0.0468750 0.0335937
3 0.3377604 0.4707031 0.0328125 0.0617188
0 0.5846354 0.4398437 0.0421875 0.0343750
0 0.5174479 0.2941406 0.0265625 0.0648438
3 0.2875000 0.3250000 0.0385417 0.0343750
5 0.4890625 0.7031250 0.0385417 0.0328125
5 0.4869792 0.4691406 0.0250000 0.0648438
3 0.5351562 0.7886719 0.0411458 0.0320312
3 0.5484375 0.6136719 0.0385417 0.0445313
4 0.6424479 0.4457031 0.0453125 0.0367188
2 0.5104167 0.9546875 0.0447917 0.0484375
5 0.5619792 0.2777344 0.0322917 0.0492187
0 0.3515625 0.3960938 0.0385417 0.0453125
5 0.6731771 0.4863281 0.0390625 0.0382813
0 0.4455729 0.1035156 0.0369792 0.0554687
3 0.3783854 0.5945312 0.0401042 0.0484375
2 0.5140625 0.6281250 0.0354167 0.0421875
1 0.3273437 0.3199219 0.0442708 0.0335937
0 0.3335938 0.9113281 0.0296875 0.0742188
5 0.4796875 0.6507812 0.0406250 0.0390625
3 0.5026042 0.6105469 0.0458333 0.0320312
1 0.7380208 0.3878906 0.0239583 0.0320312
3 0.6966146 0.4183594 0.0401042 0.0492187
2 0.6341146 0.2878906 0.0359375 0.0632812
5 0.2700521 0.3484375 0.0473958 0.0343750
4 0.6325521 0.3410156 0.0453125 0.0304687
5 0.4713542 0.2312500 0.0447917 0.0328125
3 0.5442708 0.7804688 0.0281250 0.0640625
2 0.6971354 0.3035156 0.0307292 0.0304687
4 0.5822917 0.3082031 0.0260417 0.0460938
2 0.6109375 0.5195312 0.0427083 0.0421875
2 0.4567708 0.2605469 0.0218750 0.0476562
4 0.5445313 0.4332031 0.0432292 0.0273438
4 0.5966146 0.5695313 0.0192708 0.0671875
1 0.5429688 0.3316406 0.0244792 0.0304687
4 0.4463542 0.3062500 0.0229167 0.0578125
5 0.4106771 0.8781250 0.0328125 0.0656250
2 0.6458333 0.6125000 0.0270833 0.0531250
4 0.7046875 0.4574219 0.0260417 0.0648438
6 0.3000000 0.5156250 0.0312500 0.0718750
6 0.4395833 0.3175781 0.0312500 0.0617188
11 0.5533854 0.6312500 0.0380208 0.0703125
10 0.4341146 0.7109375 0.0348958 0.0687500
8 0.5005208 0.8949219 0.0437500 0.0601563
8 0.3091146 0.3371094 0.0463542 0.0507812
6 0.6606771 0.8066406 0.0286458 0.0601563
8 0.5408854 0.4812500 0.0442708 0.0453125
6 0.6697917 0.3074219 0.0302083 0.0695313
10 0.4166667 0.4972656 0.0270833 0.0632812
9 0.2721354 0.2828125 0.0317708 0.0437500
10 0.6234375 0.3808594 0.0395833 0.0539063
9 0.5950521 0.7601562 0.0442708 0.0453125
6 0.6677083 0.7929688 0.0437500 0.0437500
8 0.4596354 0.6179687 0.0463542 0.0453125
9 0.4739583 0.6574219 0.0406250 0.0554687
