1 0.7098958 0.4074219 0.0437500 0.0617188
2 0.2679687 0.5410156 0.0390625 0.0601563
5 0.4669271 0.9937500 0.0182292 0.0109375
4 0.3794271 0.7835937 0.0526042 0.0453125
2 0.3104167 0.5656250 0.0531250 0.0421875
1 0.5455729 0.9144531 0.0317708 0.0835937
1 0.6018229 0.7324219 0.0598958 0.0648438
1 0.4093750 0.3808594 0.0406250 0.0835937
1 0.4786458 0.4882812 0.0614583 0.0375000
3 0.4221354 0.7988281 0.0401042 0.0492187
2 0.4286458 0.4191406 0.0531250 0.0429688
2 0.2492187 0.3457031 0.0421875 0.0460938
5 0.6468750 0.6492187 0.0593750 0.0390625
5 0.3377604 0.3484375 0.0453125 0.0718750
5 0.5828125 0.5898438 0.0572917 0.0578125
2 0.5981771 0.5191406 0.0630208 0.0476562
1 0.4075521 0.2773438 0.0265625 0.0468750
2 0.4924479 0.6238281 0.0630208 0.0445313
1 0.3791667 0.7039062 0.0625000 0.0437500
0 0.4320312 0.3347656 0.0401042 0.0429688
0 0.4036458 0.8277344 0.0458333 0.0726563
3 0.6231771 0.2703125 0.0421875 0.0640625
5 0.3838542 0.4375000 0.0312500 0.0687500
4 0.2380208 0.2937500 0.0312500 0.0828125
4 0.6692708 0.3296875 0.0291667 0.0859375
3 0.6786458 0.5726562 0.0531250 0.0531250
1 0.5710937 0.6039062 0.0317708 0.0500000
5 0.7882813 0.4000000 0.0380208 0.0875000
0 0.6875000 0.3609375 0.0666667 0.0515625
5 0.7567708 0.2539062 0.0395833 0.0437500
3 0.4611979 0.5449219 0.0401042 0.0898438
1 0.4114583 0.5593750 0.0395833 0.0531250
1 0.4924479 0.3765625 0.0453125 0.0500000
1 0.6346354 0.7406250 0.0598958 0.0531250
2 0.5815104 0.4593750 0.0609375 0.0437500
2 0.4518229 0.6351562 0.0515625 0.0390625
4 0.4453125 0.4902344 0.0468750 0.0414062
2 0.4606771 0.2781250 0.0286458 0.0859375
4 0.6226563 0.1351563 0.0598958 0.0437500
5 0.6335937 0.5246094 0.0359375 0.0445313
3 0.6869792 0.4703125 0.0322917 0.0734375
5 0.5502604 0.4929688 0.0338542 0.0468750
4 0.6567708 0.4738281 0.0281250 0.0757812
3 0.7200521 0.4960938 0.0609375 0.0625000
1 0.6572917 0.0554687 0.0375000 0.0937500
1 0.4135417 0.3289063 0.0354167 0.0796875
4 0.5937500 0.8351563 0.0302083 0.0734375
3 0.6705729 0.6312500 0.0307292 0.0437500
0 0.4473958 0.4628906 0.0281250 0.0898438
3 0.3286458 0.6191406 0.0302083 0.0523438
4 0.5854167 0.5425781 0.0468750 0.0476562
4 0.4437500 0.5546875 0.0375000 0.0500000
4 0.2877604 0.6109375 0.0348958 0.0812500
0 0.3510417 0.1964844 0.0552083 0.0304687
3 0.5291667 0.6734375 0.0531250 0.0531250
1 0.6783854 0.5671875 0.0567708 0.0531250
5 0.5533854 0.7984375 0.0588542 0.0578125
0 0.5695313 0.4492188 0.0588542 0.0375000
2 0.6377604 0.4117188 0.0338542 0.0421875
4 0.4914062 0.4257812 0.0296875 0.0453125
5 0.4075521 0.4167969 0.0255208 0.0507812
2 0.4359375 0.2976563 0.0510417 0.0468750
0 0.4481771 0.3175781 0.0463542 0.0460938
4 0.4822917 0.5621094 0.0343750 0.0554687
9 0.5736979 0.7289062 0.0567708 0.0781250
7 0.6692708 0.4550781 0.0593750 0.0726563
8 0.2283854 0.5183594 0.0536458 0.0523438
8 0.6289062 0.6578125 0.0536458 0.0593750
10 0.4208333 0.2437500 0.0541667 0.0812500
10 0.4718750 0.3335938 0.0354167 0.0859375
7 0.3861979 0.3417969 0.0536458 0.0585938
6 0.6403646 0.6566406 0.0411458 0.0523438
10 0.4562500 0.4468750 0.0375000 0.0781250
10 0.6161458 0.2773438 0.0552083 0.0593750
