2 0.4848958 0.8894531 0.0656250 0.0617188
0 0.5466146 0.5472656 0.0578125 0.0570312
4 0.6549479 0.5503906 0.0473958 0.1023437
0 0.6940104 0.3097656 0.0848958 0.0632812
5 0.4177083 0.8507813 0.0406250 0.1000000
4 0.7132812 0.1636719 0.0859375 0.0585938
3 0.3958333 0.4640625 0.0395833 0.0875000
4 0.4015625 0.3402344 0.0447917 0.1101562
0 0.7208333 0.3699219 0.0375000 0.0585938
5 0.6471354 0.4218750 0.0661458 0.0937500
5 0.5960937 0.5195312 0.0567708 0.1156250
3 0.5424479 0.8449219 0.0734375 0.1070312
3 0.5114583 0.0281250 0.0572917 0.0562500
4 0.4794271 0.3394531 0.0890625 0.0539063
4 0.5361979 0.3562500 0.0526042 0.1218750
4 0.5809896 0.6894531 0.0505208 0.0554687
3 0.5424479 0.4312500 0.0807292 0.0703125
2 0.4653646 0.5906250 0.0369792 0.0671875
4 0.4765625 0.5605469 0.0510417 0.1367188
4 0.6223958 0.4070313 0.0645833 0.0796875
4 0.6638021 0.4871094 0.0807292 0.0585938
4 0.4361979 0.7324219 0.0786458 0.0554687
2 0.3026042 0.3453125 0.0395833 0.1156250
5 0.3919271 0.8125000 0.0744792 0.0765625
4 0.2841146 0.5144531 0.0796875 0.0648438
2 0.5117188 0.6644531 0.0869792 0.0539063
3 0.5924479 0.5535156 0.0890625 0.0585938
3 0.6578125 0.5058594 0.0802083 0.0492187
4 0.4388021 0.3121094 0.0453125 0.0789062
3 0.2429688 0.3125000 0.0880208 0.0562500
5 0.5447917 0.4394531 0.0864583 0.0617188
3 0.6213542 0.3812500 0.0531250 0.1312500
5 0.4494792 0.4597656 0.0927083 0.0632812
0 0.6708333 0.5027344 0.0458333 0.1289062
5 0.3763021 0.4285156 0.0494792 0.0742188
4 0.3750000 0.6160156 0.0458333 0.1195313
2 0.3403646 0.4210937 0.0432292 0.1031250
4 0.6526042 0.4113281 0.0468750 0.0648438
1 0.4070313 0.4824219 0.0776042 0.0554687
1 0.6572917 0.4722656 0.0791667 0.0726563
4 0.3567708 0.8222656 0.0781250 0.0539063
5 0.6479167 0.6738281 0.0541667 0.0523438
5 0.6505208 0.1976563 0.0833333 0.0609375
2 0.5161458 0.3144531 0.0687500 0.0476562
0 0.4414062 0.6636719 0.0598958 0.0585938
3 0.4210937 0.4199219 0.0432292 0.1289062
2 0.4809896 0.1132812 0.0838542 0.0609375
4 0.6028646 0.8121094 0.0505208 0.1195313
5 0.4739583 0.3992188 0.0635417 0.0531250
5 0.6804687 0.5097656 0.0703125 0.0882813
0 0.3859375 0.6113281 0.0364583 0.1148437
5 0.5760417 0.6804687 0.0802083 0.0562500
4 0.7734375 0.2203125 0.0406250 0.0968750
0 0.5166667 0.6464844 0.0593750 0.1335938
3 0.4278646 0.7863281 0.0651042 0.0804688
5 0.6156250 0.2378906 0.0416667 0.1273438
5 0.6671875 0.6015625 0.0802083 0.0562500
0 0.2497396 0.7601562 0.0505208 0.1125000
5 0.2705729 0.3074219 0.0463542 0.1023437
2 0.7322917 0.4488281 0.0343750 0.0773438
1 0.6549479 0.6804687 0.0786458 0.0515625
4 0.5604167 0.8566406 0.0489583 0.1117188
10 0.7523437 0.8558594 0.0776042 0.0945312
8 0.6289062 0.8953125 0.0786458 0.0812500
