4 0.5585938 0.2308594 0.0390625 0.0804688
2 0.5731771 0.1472656 0.0369792 0.0726563
1 0.4671875 0.4191406 0.0343750 0.0804688
0 0.5750000 0.7792969 0.0322917 0.0351562
0 0.4924479 0.2203125 0.0244792 0.0609375
3 0.6208333 0.1207031 0.0260417 0.0804688
1 0.3684896 0.5203125 0.0536458 0.0484375
5 0.4684896 0.6433594 0.0442708 0.0601563
5 0.5565104 0.4667969 0.0348958 0.0507812
5 0.4510417 0.6949219 0.0218750 0.0367188
0 0.6421875 0.4984375 0.0479167 0.0375000
1 0.5684896 0.2726562 0.0390625 0.0390625
3 0.5976562 0.4687500 0.0432292 0.0671875
0 0.4213542 0.3699219 0.0427083 0.0726563
2 0.2395833 0.6218750 0.0635417 0.0406250
0 0.5752604 0.6785156 0.0328125 0.0695313
5 0.6632813 0.5343750 0.0276042 0.0859375
0 0.6895833 0.6441406 0.0291667 0.0820312
0 0.3111979 0.4785156 0.0432292 0.0398437
2 0.5919271 0.8562500 0.0484375 0.0437500
2 0.6697917 0.5242187 0.0364583 0.0687500
5 0.6286458 0.3558594 0.0562500 0.0414062
4 0.3497396 0.2906250 0.0234375 0.0906250
4 0.6502604 0.4132812 0.0442708 0.0437500
1 0.8067708 0.7085938 0.0395833 0.0609375
5 0.4997396 0.4296875 0.0307292 0.0421875
2 0.7223958 0.6332031 0.0562500 0.0492187
0 0.3247396 0.3679688 0.0536458 0.0546875
2 0.5369792 0.7414063 0.0375000 0.0640625
4 0.7067708 0.5710937 0.0500000 0.0437500
3 0.6044271 0.3496094 0.0546875 0.0335937
0 0.6971354 0.7437500 0.0546875 0.0390625
2 0.5752604 0.1542969 0.0328125 0.0632812
2 0.7971354 0.4578125 0.0463542 0.0609375
3 0.6210938 0.2960937 0.0526042 0.0437500
4 0.6244792 0.5335937 0.0364583 0.0812500
2 0.3825521 0.2128906 0.0505208 0.0476562
2 0.4341146 0.5664062 0.0328125 0.0453125
3 0.6359375 0.5437500 0.0458333 0.0500000
0 0.5484375 0.7910156 0.0520833 0.0445313
3 0.4838542 0.8378906 0.0468750 0.0648438
3 0.3322917 0.6792969 0.0458333 0.0679687
0 0.5356771 0.5832031 0.0567708 0.0476562
4 0.6671875 0.4480469 0.0552083 0.0414062
5 0.7153646 0.7515625 0.0588542 0.0390625
1 0.3486979 0.6894531 0.0578125 0.0476562
5 0.6372396 0.6023437 0.0536458 0.0328125
3 0.5328125 0.5957031 0.0406250 0.0507812
11 0.7166667 0.6402344 0.0552083 0.0820312
10 0.3182292 0.4167969 0.0510417 0.0507812
10 0.4604167 0.4832031 0.0520833 0.0570312
8 0.2997396 0.1464844 0.0557292 0.0570312
7 0.6489583 0.4519531 0.0395833 0.0742188
9 0.7833333 0.6546875 0.0520833 0.0531250
9 0.6039062 0.2871094 0.0557292 0.0726563
8 0.4776042 0.7269531 0.0437500 0.0648438
6 0.3705729 0.3125000 0.0380208 0.0750000
10 0.3611979 0.5898438 0.0380208 0.0812500
8 0.7307292 0.5976562 0.0333333 0.0656250
6 0.3565104 0.5644531 0.0557292 0.0539063
6 0.6062500 0.4492188 0.0447917 0.0515625
7 0.4822917 0.7128906 0.0385417 0.0710937
9 0.4609375 0.6187500 0.0395833 0.0812500
11 0.5492187 0.6179687 0.0557292 0.0593750
10 0.4677083 0.2738281 0.0447917 0.0851563
7 0.5690104 0.6203125 0.0390625 0.0578125
