5 0.4893229 0.4191406 0.0838542 0.1632812
3 0.5125000 0.6550781 0.0968750 0.0773438
3 0.7093750 0.3507812 0.0979167 0.1000000
2 0.4515625 0.4781250 0.0875000 0.1578125
4 0.7067708 0.0371094 0.0510417 0.0742188
5 0.6018229 0.6437500 0.0567708 0.0859375
3 0.5169271 0.1003906 0.0807292 0.1304687
1 0.4638021 0.6492187 0.0838542 0.1437500
2 0.6687500 0.1347656 0.0885417 0.0726563
2 0.4864583 0.2710938 0.0677083 0.1078125
1 0.6838542 0.2218750 0.0562500 0.1609375
4 0.6765625 0.5691406 0.0614583 0.1304687
5 0.6554688 0.5117188 0.1119792 0.0828125
3 0.6856771 0.9417969 0.0536458 0.1148437
0 0.4065104 0.1707031 0.0984375 0.0851563
0 0.6125000 0.5273438 0.0843750 0.1015625
2 0.5807292 0.2207031 0.0833333 0.1054688
0 0.4494792 0.2398437 0.0552083 0.1765625
3 0.6776042 0.3691406 0.0552083 0.1132812
5 0.4786458 0.8039063 0.0979167 0.0953125
2 0.4914062 0.5074219 0.0567708 0.1273438
1 0.3273437 0.2121094 0.1098958 0.0726563
1 0.2182292 0.7683594 0.0656250 0.1226562
2 0.5963542 0.9730469 0.0875000 0.0523438
0 0.5382813 0.1648438 0.0671875 0.1234375
3 0.4541667 0.4398437 0.0781250 0.0984375
4 0.4341146 0.1828125 0.0807292 0.1609375
1 0.3596354 0.6738281 0.0588542 0.1414063
0 0.5236979 0.2359375 0.0692708 0.1609375
3 0.5317708 0.2871094 0.0572917 0.1164063
4 0.6520833 0.5628906 0.1104167 0.0835937
2 0.7325521 0.8582031 0.0848958 0.0789062
5 0.6062500 0.5054688 0.0770833 0.0875000
11 0.6195312 0.3968750 0.0807292 0.1609375
8 0.7289062 0.6437500 0.1088542 0.1062500
11 0.5570312 0.2523437 0.0692708 0.1593750
10 0.5716146 0.6500000 0.1078125 0.1312500
10 0.6937500 0.3070312 0.1010417 0.1031250
