1 0.7567708 0.4839844 0.1197917 0.0742188
2 0.6445312 0.7640625 0.0536458 0.0984375
4 0.5796875 0.7019531 0.1031250 0.0992187
2 0.4601562 0.8507813 0.0661458 0.1625000
2 0.3471354 0.4488281 0.0578125 0.0914062
5 0.5841146 0.4617188 0.1046875 0.0671875
3 0.2903646 0.6218750 0.1057292 0.0734375
5 0.6054688 0.3195312 0.0661458 0.1296875
4 0.4020833 0.0519531 0.0791667 0.1039063
3 0.6510417 0.4929688 0.1000000 0.1296875
0 0.4218750 0.6675781 0.0427083 0.1507813
4 0.6692708 0.1449219 0.1156250 0.0757812
2 0.4299479 0.6234375 0.1088542 0.0734375
1 0.3963542 0.5355469 0.1020833 0.1210938
1 0.4268229 0.6898437 0.0494792 0.0984375
3 0.4828125 0.2761719 0.0791667 0.1320312
8 0.6203125 0.6527344 0.1031250 0.1445312
7 0.4721354 0.2460938 0.0713542 0.1515625
7 0.3023438 0.1570313 0.0682292 0.1609375
7 0.6216146 0.3183594 0.0901042 0.1195313
11 0.4114583 0.8054687 0.0760417 0.1203125
11 0.5442708 0.4898438 0.0989583 0.0984375
8 0.6434896 0.5800781 0.1130208 0.1101562
7 0.5611979 0.6441406 0.0942708 0.0992187
11 0.7708333 0.2335937 0.1104167 0.1078125
7 0.6835938 0.9128906 0.0984375 0.0960938
