4 0.4921875 0.8265625 0.0156250 0.0468750
5 0.6333333 0.6078125 0.0375000 0.0250000
0 0.3947917 0.3957031 0.0354167 0.0460938
2 0.2776042 0.3929687 0.0260417 0.0515625
3 0.6104167 0.2972656 0.0322917 0.0476562
3 0.4552083 0.1035156 0.0354167 0.0304687
1 0.4570312 0.6671875 0.0213542 0.0328125
3 0.5963542 0.7570313 0.0354167 0.0203125
5 0.5854167 0.7742187 0.0354167 0.0250000
5 0.5804687 0.2203125 0.0359375 0.0281250
5 0.5190104 0.6414062 0.0328125 0.0250000
2 0.5458333 0.6332031 0.0406250 0.0304687
2 0.6755208 0.8183594 0.0197917 0.0585938
4 0.3585937 0.7210937 0.0192708 0.0406250
0 0.5473958 0.1796875 0.0208333 0.0453125
0 0.7164063 0.5609375 0.0348958 0.0296875
5 0.5914063 0.7171875 0.0244792 0.0265625
1 0.4213542 0.0640625 0.0177083 0.0468750
2 0.6218750 0.4867187 0.0250000 0.0406250
4 0.7096354 0.6003906 0.0359375 0.0257812
1 0.3281250 0.7593750 0.0364583 0.0265625
3 0.5481771 0.6644531 0.0338542 0.0445313
1 0.6473958 0.4894531 0.0177083 0.0289063
1 0.4273438 0.5449219 0.0234375 0.0539063
3 0.4559896 0.8261719 0.0255208 0.0507812
2 0.5294271 0.6167969 0.0307292 0.0367188
0 0.7325521 0.4078125 0.0369792 0.0343750
5 0.5859375 0.5972656 0.0343750 0.0210938
5 0.7471354 0.4105469 0.0380208 0.0304687
0 0.1940104 0.4691406 0.0328125 0.0335937
1 0.5968750 0.4882812 0.0416667 0.0312500
2 0.5070313 0.4773438 0.0390625 0.0453125
1 0.5049479 0.2699219 0.0276042 0.0476562
2 0.4976563 0.5921875 0.0296875 0.0265625
0 0.4966146 0.3710938 0.0244792 0.0453125
2 0.4440104 0.8503906 0.0276042 0.0539063
2 0.3234375 0.3941406 0.0416667 0.0320312
4 0.4468750 0.7457031 0.0229167 0.0507812
4 0.4596354 0.6027344 0.0203125 0.0351562
0 0.5500000 0.5429688 0.0291667 0.0312500
2 0.3614583 0.5531250 0.0343750 0.0265625
2 0.6143229 0.5726562 0.0307292 0.0500000
4 0.6557292 0.4593750 0.0166667 0.0296875
2 0.5231771 0.5718750 0.0213542 0.0343750
3 0.3005208 0.3542969 0.0333333 0.0554687
1 0.4828125 0.3933594 0.0208333 0.0507812
1 0.2682292 0.5660156 0.0364583 0.0273438
1 0.4921875 0.6777344 0.0270833 0.0507812
1 0.6179687 0.4378906 0.0390625 0.0273438
4 0.4364583 0.7667969 0.0333333 0.0273438
3 0.7656250 0.7605469 0.0270833 0.0539063
1 0.4906250 0.3058594 0.0302083 0.0335937
3 0.5752604 0.7753906 0.0369792 0.0226562
1 0.6440104 0.6035156 0.0338542 0.0273438
2 0.4710937 0.1968750 0.0359375 0.0281250
1 0.3752604 0.2378906 0.0151042 0.0523438
0 0.6502604 0.5472656 0.0359375 0.0351562
0 0.5070313 0.5453125 0.0182292 0.0312500
1 0.3203125 0.7222656 0.0270833 0.0335937
4 0.7742187 0.3808594 0.0276042 0.0445313
4 0.2161458 0.7019531 0.0354167 0.0257812
2 0.5973958 0.5363281 0.0281250 0.0304687
1 0.5088542 0.6703125 0.0177083 0.0343750
1 0.5632812 0.4417969 0.0213542 0.0429688
5 0.2864583 0.4226563 0.0197917 0.0406250
5 0.3872396 0.5238281 0.0234375 0.0507812
5 0.5638021 0.5628906 0.0203125 0.0382813
2 0.5429688 0.2890625 0.0182292 0.0468750
5 0.6166667 0.3144531 0.0250000 0.0539063
4 0.6432292 0.7062500 0.0312500 0.0218750
5 0.3572917 0.5902344 0.0427083 0.0367188
4 0.3057292 0.3507812 0.0166667 0.0218750
3 0.3403646 0.3214844 0.0411458 0.0335937
2 0.5197917 0.3968750 0.0208333 0.0562500
0 0.6205729 0.2605469 0.0401042 0.0226562
4 0.3820312 0.3585937 0.0380208 0.0265625
0 0.7054687 0.3453125 0.0276042 0.0453125
1 0.5794271 0.0855469 0.0369792 0.0304687
8 0.6356771 0.7804688 0.0401042 0.0531250
8 0.3289063 0.7753906 0.0244792 0.0554687
