4 0.6968750 0.5500000 0.0531250 0.0359375
4 0.5312500 0.9121094 0.0510417 0.0382813
0 0.6723958 0.2910156 0.0250000 0.0476562
3 0.6710938 0.6582031 0.0255208 0.0507812
4 0.6695313 0.5972656 0.0234375 0.0570312
2 0.5351562 0.5261719 0.0265625 0.0492187
3 0.7481771 0.5699219 0.0463542 0.0492187
5 0.3864583 0.7054687 0.0395833 0.0609375
3 0.6135417 0.7261719 0.0541667 0.0367188
0 0.7268229 0.5378906 0.0390625 0.0507812
2 0.6031250 0.2351563 0.0239583 0.0656250
3 0.5125000 0.8351563 0.0437500 0.0515625
4 0.7888021 0.4800781 0.0484375 0.0507812
4 0.3934896 0.5023437 0.0411458 0.0437500
4 0.5166667 0.6425781 0.0458333 0.0335937
0 0.4388021 0.3101563 0.0213542 0.0562500
0 0.3645833 0.4507813 0.0447917 0.0281250
1 0.7171875 0.7679687 0.0479167 0.0328125
5 0.6184896 0.2621094 0.0473958 0.0304687
1 0.1856771 0.4917969 0.0463542 0.0539063
5 0.4984375 0.7394531 0.0291667 0.0304687
2 0.2299479 0.5140625 0.0265625 0.0390625
0 0.4007812 0.1195313 0.0453125 0.0484375
4 0.6843750 0.2667969 0.0468750 0.0304687
3 0.4924479 0.2730469 0.0317708 0.0601563
5 0.4591146 0.5234375 0.0484375 0.0312500
0 0.1908854 0.4093750 0.0515625 0.0375000
5 0.5835938 0.3246094 0.0338542 0.0632812
2 0.5960937 0.4726562 0.0223958 0.0328125
3 0.7210937 0.3828125 0.0401042 0.0562500
5 0.4203125 0.7695312 0.0208333 0.0609375
1 0.6010417 0.3707031 0.0458333 0.0335937
3 0.7229167 0.4757812 0.0312500 0.0625000
3 0.6942708 0.5714844 0.0281250 0.0523438
2 0.6179687 0.5742188 0.0526042 0.0390625
0 0.6755208 0.2136719 0.0468750 0.0320312
3 0.3257813 0.2843750 0.0421875 0.0328125
2 0.4695313 0.7656250 0.0463542 0.0500000
4 0.4973958 0.7277344 0.0489583 0.0445313
4 0.2619792 0.2820313 0.0343750 0.0687500
2 0.5226563 0.5363281 0.0317708 0.0351562
5 0.5385417 0.6570312 0.0281250 0.0609375
4 0.3885417 0.7296875 0.0291667 0.0375000
2 0.5640625 0.5382813 0.0479167 0.0453125
0 0.6528646 0.7218750 0.0359375 0.0750000
8 0.4921875 0.3800781 0.0406250 0.0554687
7 0.4023438 0.4304688 0.0432292 0.0546875
9 0.4750000 0.2167969 0.0312500 0.0492187
6 0.5226563 0.7605469 0.0484375 0.0617188
7 0.5158854 0.3105469 0.0401042 0.0679687
9 0.6835938 0.2140625 0.0421875 0.0531250
11 0.7145833 0.4550781 0.0458333 0.0523438
9 0.5398437 0.7882813 0.0286458 0.0546875
11 0.6270833 0.2875000 0.0427083 0.0562500
11 0.5947917 0.8917969 0.0364583 0.0679687
