5 0.2937500 0.4695313 0.0322917 0.0281250
1 0.4408854 0.1179687 0.0276042 0.0281250
2 0.2763021 0.3257813 0.0317708 0.0234375
5 0.6656250 0.2406250 0.0291667 0.0218750
5 0.6445312 0.4238281 0.0296875 0.0226562
0 0.3726563 0.6437500 0.0192708 0.0187500
4 0.7093750 0.6140625 0.0239583 0.0375000
5 0.5757813 0.4843750 0.0213542 0.0250000
1 0.6914062 0.6957031 0.0151042 0.0289063
1 0.5408854 0.1476562 0.0182292 0.0312500
3 0.4294271 0.2042969 0.0286458 0.0226562
3 0.5205729 0.8121094 0.0171875 0.0492187
3 0.7065104 0.5617188 0.0286458 0.0203125
4 0.5104167 0.3406250 0.0177083 0.0343750
5 0.2736979 0.4410156 0.0307292 0.0226562
4 0.5911458 0.6878906 0.0291667 0.0210938
5 0.4054687 0.5765625 0.0307292 0.0250000
4 0.5304688 0.2539062 0.0328125 0.0234375
2 0.5039062 0.5265625 0.0234375 0.0312500
1 0.4828125 0.5714844 0.0312500 0.0257812
0 0.7057292 0.4847656 0.0187500 0.0367188
4 0.5700521 0.8480469 0.0192708 0.0257812
5 0.4536458 0.7375000 0.0218750 0.0250000
2 0.7343750 0.1191406 0.0333333 0.0226562
4 0.5567708 0.5914063 0.0291667 0.0343750
2 0.5182292 0.5093750 0.0302083 0.0250000
0 0.6161458 0.4753906 0.0312500 0.0210938
2 0.7270833 0.7035156 0.0291667 0.0320312
1 0.5338542 0.8917969 0.0250000 0.0273438
2 0.5781250 0.6507812 0.0322917 0.0234375
0 0.3140625 0.3234375 0.0166667 0.0359375
4 0.6125000 0.8792969 0.0135417 0.0476562
3 0.2565104 0.5769531 0.0276042 0.0320312
2 0.3171875 0.7023438 0.0281250 0.0265625
5 0.5643229 0.8523437 0.0276042 0.0328125
4 0.7388021 0.2117188 0.0307292 0.0250000
3 0.6403646 0.7132812 0.0213542 0.0218750
2 0.3390625 0.5894531 0.0333333 0.0226562
2 0.2804687 0.8347656 0.0182292 0.0335937
3 0.7942708 0.4558594 0.0250000 0.0257812
0 0.6893229 0.7273437 0.0161458 0.0453125
4 0.4875000 0.2035156 0.0197917 0.0460938
1 0.5486979 0.4851563 0.0213542 0.0250000
4 0.5916667 0.5226563 0.0208333 0.0421875
0 0.4804688 0.4230469 0.0244792 0.0289063
5 0.4151042 0.2789063 0.0302083 0.0265625
0 0.6513021 0.6109375 0.0255208 0.0234375
0 0.2562500 0.6617188 0.0125000 0.0203125
0 0.3968750 0.4527344 0.0312500 0.0210938
5 0.6416667 0.6957031 0.0218750 0.0492187
0 0.4338542 0.2578125 0.0333333 0.0234375
1 0.6494792 0.2511719 0.0177083 0.0320312
5 0.6945313 0.5347656 0.0317708 0.0242188
1 0.3901042 0.4937500 0.0218750 0.0265625
2 0.5484375 0.4558594 0.0322917 0.0210938
1 0.7411458 0.6238281 0.0343750 0.0226562
0 0.6424479 0.5613281 0.0296875 0.0164063
1 0.3578125 0.7671875 0.0239583 0.0421875
1 0.4773438 0.8062500 0.0192708 0.0390625
4 0.2664063 0.5714844 0.0307292 0.0289063
0 0.3976562 0.2925781 0.0161458 0.0273438
5 0.5648437 0.4203125 0.0140625 0.0281250
4 0.6283854 0.6535156 0.0182292 0.0476562
0 0.6500000 0.5437500 0.0166667 0.0250000
1 0.4994792 0.2343750 0.0197917 0.0375000
1 0.6552083 0.2343750 0.0291667 0.0203125
0 0.3906250 0.5230469 0.0281250 0.0273438
1 0.6403646 0.6429687 0.0265625 0.0250000
4 0.4554687 0.2414062 0.0192708 0.0484375
3 0.6804687 0.5707031 0.0255208 0.0335937
2 0.6338542 0.3066406 0.0156250 0.0257812
4 0.3625000 0.4375000 0.0187500 0.0484375
2 0.7393229 0.5453125 0.0234375 0.0375000
2 0.6838542 0.4343750 0.0218750 0.0218750
5 0.5460938 0.2734375 0.0130208 0.0234375
0 0.6338542 0.9144531 0.0187500 0.0507812
3 0.5213542 0.1925781 0.0239583 0.0257812
9 0.3804688 0.7078125 0.0223958 0.0406250
10 0.4414062 0.3054688 0.0192708 0.0453125
8 0.4606771 0.7179688 0.0213542 0.0468750
11 0.4127604 0.6636719 0.0265625 0.0429688
11 0.5171875 0.6554688 0.0218750 0.0406250
6 0.5630208 0.7445312 0.0302083 0.0390625
6 0.5802083 0.4910156 0.0291667 0.0273438
