3 0.4835937 0.4433594 0.0286458 0.0210938
0 0.4380208 0.3117187 0.0208333 0.0250000
0 0.5781250 0.3527344 0.0125000 0.0164063
5 0.4692708 0.5304688 0.0270833 0.0187500
4 0.3531250 0.6632813 0.0177083 0.0390625
2 0.3291667 0.6535156 0.0208333 0.0398437
4 0.5460938 0.4207031 0.0234375 0.0257812
4 0.4536458 0.5988281 0.0125000 0.0351562
1 0.5786458 0.6562500 0.0229167 0.0296875
2 0.6653646 0.8304687 0.0161458 0.0296875
2 0.6361979 0.9359375 0.0244792 0.0187500
2 0.5213542 0.6687500 0.0156250 0.0390625
4 0.4455729 0.3460937 0.0213542 0.0265625
2 0.6585937 0.7832031 0.0255208 0.0210938
5 0.5885417 0.4089844 0.0197917 0.0335937
4 0.4143229 0.2152344 0.0171875 0.0414062
2 0.2583333 0.4691406 0.0270833 0.0257812
2 0.7052083 0.5203125 0.0250000 0.0218750
4 0.6585937 0.6570312 0.0296875 0.0218750
4 0.7703125 0.3316406 0.0218750 0.0242188
0 0.6190104 0.7074219 0.0151042 0.0242188
1 0.7515625 0.3804688 0.0281250 0.0281250
4 0.7161458 0.6062500 0.0208333 0.0312500
2 0.4710937 0.7019531 0.0171875 0.0460938
0 0.5174479 0.2320312 0.0244792 0.0265625
2 0.6989583 0.6667969 0.0135417 0.0210938
1 0.4513021 0.8199219 0.0286458 0.0210938
5 0.5333333 0.7300781 0.0270833 0.0179687
0 0.4921875 0.6351562 0.0135417 0.0343750
0 0.6372396 0.7269531 0.0161458 0.0257812
3 0.5648437 0.2722656 0.0265625 0.0195312
3 0.4510417 0.5546875 0.0177083 0.0218750
0 0.3398438 0.8570313 0.0286458 0.0187500
5 0.5781250 0.3867188 0.0302083 0.0171875
2 0.5138021 0.6488281 0.0161458 0.0367188
4 0.2263021 0.5640625 0.0223958 0.0187500
0 0.3416667 0.7500000 0.0270833 0.0187500
1 0.2697917 0.2988281 0.0270833 0.0210938
1 0.3382812 0.7003906 0.0119792 0.0398437
0 0.4135417 0.8339844 0.0229167 0.0351562
6 0.6854167 0.6675781 0.0270833 0.0304687
11 0.7062500 0.6019531 0.0281250 0.0273438
