3 0.8299479 0.3722656 0.0442708 0.0835937
2 0.2539062 0.7035156 0.0630208 0.0507812
0 0.2895833 0.4667969 0.0364583 0.0773438
5 0.2333333 0.6421875 0.0427083 0.0875000
4 0.5739583 0.5011719 0.0375000 0.0867187
5 0.5195312 0.5203125 0.0328125 0.0718750
1 0.5835938 0.9332031 0.0348958 0.0804688
3 0.5486979 0.5425781 0.0328125 0.0570312
4 0.2114583 0.6441406 0.0281250 0.0429688
3 0.6799479 0.3332031 0.0536458 0.0414062
4 0.4515625 0.5039062 0.0333333 0.0578125
5 0.5361979 0.6101562 0.0557292 0.0343750
1 0.4083333 0.5824219 0.0583333 0.0648438
5 0.5388021 0.5492187 0.0463542 0.0687500
5 0.4513021 0.2093750 0.0328125 0.0453125
1 0.7223958 0.6007813 0.0572917 0.0484375
0 0.6934896 0.4000000 0.0328125 0.0687500
2 0.3291667 0.7355469 0.0625000 0.0460938
5 0.5559896 0.4351563 0.0401042 0.0718750
1 0.3382812 0.2886719 0.0463542 0.0664062
1 0.5255208 0.5562500 0.0333333 0.0421875
11 0.4320312 0.7058594 0.0369792 0.0726563
9 0.4708333 0.2648437 0.0395833 0.0656250
9 0.3325521 0.7179688 0.0369792 0.0812500
8 0.6705729 0.4328125 0.0546875 0.0843750
11 0.2570312 0.4792969 0.0598958 0.0789062
9 0.3075521 0.1171875 0.0546875 0.0687500
6 0.5713542 0.6355469 0.0395833 0.0773438
8 0.5708333 0.3285156 0.0354167 0.0804688
7 0.5195312 0.6972656 0.0505208 0.0789062
11 0.4638021 0.5726562 0.0390625 0.0593750
