0 0.2395833 0.2273438 0.1000000 0.1843750
4 0.4789062 0.5132813 0.1588542 0.1687500
4 0.5718750 0.5292969 0.1218750 0.1460937
0 0.6148438 0.8585938 0.1296875 0.2421875
3 0.5445313 0.2765625 0.0953125 0.2453125
2 0.7013021 0.5960937 0.1869792 0.1281250
0 0.5601563 0.5000000 0.0963542 0.2562500
4 0.7229167 0.2175781 0.1833333 0.1289062
1 0.6242188 0.5136719 0.1026042 0.1429688
2 0.4080729 0.5640625 0.0984375 0.1359375
3 0.6335937 0.4207031 0.1588542 0.1414063
4 0.3658854 0.5687500 0.1776042 0.1125000
3 0.7669271 0.1964844 0.1671875 0.2242187
0 0.7229167 0.8113281 0.1812500 0.1351563
1 0.4789062 0.3515625 0.1057292 0.2625000
1 0.4960938 0.1742188 0.1536458 0.1265625
2 0.7427083 0.7320313 0.1781250 0.1046875
0 0.3471354 0.5140625 0.1140625 0.1359375
3 0.2554688 0.5289063 0.0828125 0.1906250
2 0.6213542 0.0675781 0.1447917 0.1351563
3 0.6677083 0.1796875 0.1093750 0.2421875
2 0.7242188 0.4531250 0.1588542 0.1375000
3 0.4572917 0.1808594 0.1604167 0.1054688
0 0.4776042 0.9472656 0.1208333 0.1039063
2 0.3929687 0.6109375 0.1901042 0.1359375
5 0.7020833 0.4031250 0.1708333 0.1593750
5 0.5388021 0.3546875 0.1057292 0.3015625
4 0.4570312 0.3949219 0.1015625 0.1617187
4 0.6161458 0.6023437 0.1572917 0.1109375
0 0.6742187 0.8308594 0.1078125 0.2023437
1 0.2908854 0.4867187 0.1578125 0.1859375
1 0.5679688 0.4878906 0.0838542 0.2179687
2 0.4778646 0.2691406 0.1786458 0.1960938
5 0.6270833 0.4179688 0.1583333 0.1515625
0 0.6359375 0.6230469 0.1739583 0.1554687
5 0.6575521 0.1250000 0.1828125 0.1328125
5 0.4742188 0.3386719 0.1265625 0.2210938
3 0.2572917 0.7433594 0.1750000 0.1304687
4 0.2773438 0.3449219 0.1703125 0.1023437
0 0.5333333 0.3839844 0.0666667 0.1851562
0 0.5010417 0.3433594 0.0802083 0.1804688
10 0.2872396 0.7187500 0.1026042 0.2234375
11 0.6187500 0.2636719 0.1229167 0.2226562
11 0.3979167 0.4250000 0.1770833 0.1765625
11 0.4632812 0.4980469 0.1390625 0.1554687
7 0.7539062 0.5832031 0.1755208 0.1867187
10 0.4049479 0.4835937 0.1057292 0.1546875
9 0.6322917 0.7476563 0.1000000 0.1875000
6 0.3588542 0.0652344 0.1041667 0.1304687
10 0.7302083 0.4597656 0.1510417 0.1476562
7 0.5007812 0.6554688 0.1286458 0.1687500
11 0.2861979 0.6671875 0.1046875 0.2515625
8 0.7401042 0.7914062 0.1697917 0.1796875
7 0.6723958 0.3699219 0.1125000 0.2304688
8 0.6088542 0.3273437 0.1500000 0.1781250
