1 0.7018229 0.1539062 0.0171875 0.0453125
3 0.7916667 0.4363281 0.0229167 0.0273438
5 0.3963542 0.5281250 0.0302083 0.0234375
1 0.7174479 0.2585938 0.0182292 0.0390625
0 0.4033854 0.5140625 0.0359375 0.0265625
3 0.7062500 0.5562500 0.0291667 0.0359375
2 0.7213542 0.3757813 0.0177083 0.0265625
1 0.5760417 0.3585937 0.0291667 0.0187500
0 0.5921875 0.4171875 0.0312500 0.0234375
2 0.5669271 0.8207031 0.0223958 0.0242188
1 0.7223958 0.4824219 0.0333333 0.0226562
3 0.5625000 0.2562500 0.0177083 0.0281250
1 0.6085938 0.2714844 0.0151042 0.0179687
3 0.4713542 0.4937500 0.0187500 0.0484375
1 0.4565104 0.8367187 0.0255208 0.0296875
1 0.7299479 0.6109375 0.0171875 0.0343750
2 0.5442708 0.9101562 0.0197917 0.0453125
2 0.2815104 0.2781250 0.0307292 0.0234375
1 0.7031250 0.7144531 0.0135417 0.0460938
4 0.5320312 0.3773437 0.0244792 0.0421875
5 0.5565104 0.6296875 0.0171875 0.0265625
0 0.5403646 0.6539063 0.0296875 0.0171875
1 0.6583333 0.6097656 0.0354167 0.0257812
2 0.6864583 0.3554688 0.0187500 0.0359375
2 0.4398437 0.3511719 0.0171875 0.0304687
10 0.4447917 0.5988281 0.0270833 0.0304687
10 0.5450521 0.3089844 0.0255208 0.0367188
8 0.4809896 0.5816406 0.0296875 0.0289063
6 0.7106771 0.8183594 0.0192708 0.0460938
8 0.4445312 0.8593750 0.0286458 0.0406250
11 0.6210938 0.7554688 0.0307292 0.0359375
