0 0.5317708 0.3699219 0.0250000 0.0632812
0 0.4690104 0.2656250 0.0473958 0.0343750
2 0.4750000 0.5191406 0.0229167 0.0476562
1 0.5013021 0.6949219 0.0515625 0.0335937
0 0.3716146 0.2988281 0.0213542 0.0773438
1 0.5013021 0.6265625 0.0213542 0.0671875
3 0.7158854 0.3835938 0.0265625 0.0437500
4 0.3205729 0.5320312 0.0307292 0.0625000
5 0.4263021 0.3054688 0.0234375 0.0781250
2 0.6838542 0.6906250 0.0468750 0.0328125
2 0.6338542 0.7761719 0.0385417 0.0445313
3 0.5768229 0.4226563 0.0296875 0.0421875
2 0.7578125 0.3738281 0.0458333 0.0367188
4 0.6520833 0.3253906 0.0500000 0.0476562
3 0.3276042 0.2730469 0.0500000 0.0351562
5 0.4242187 0.5703125 0.0307292 0.0531250
1 0.4838542 0.5906250 0.0364583 0.0265625
2 0.4802083 0.3781250 0.0260417 0.0750000
0 0.4406250 0.9949219 0.0145833 0.0085938
5 0.6843750 0.6250000 0.0437500 0.0453125
3 0.6195312 0.2609375 0.0505208 0.0390625
1 0.5773438 0.3746094 0.0463542 0.0570312
2 0.3664062 0.2996094 0.0432292 0.0367188
1 0.2924479 0.7214844 0.0442708 0.0382813
1 0.3593750 0.1554687 0.0354167 0.0468750
4 0.5205729 0.1804688 0.0223958 0.0703125
3 0.5119792 0.6996094 0.0468750 0.0335937
3 0.4744792 0.6089844 0.0468750 0.0335937
3 0.7338542 0.3699219 0.0281250 0.0648438
2 0.2557292 0.5503906 0.0395833 0.0414062
1 0.7953125 0.6414062 0.0447917 0.0468750
0 0.3906250 0.7738281 0.0489583 0.0367188
2 0.5971354 0.5695313 0.0463542 0.0328125
4 0.5250000 0.6949219 0.0427083 0.0367188
3 0.3539062 0.6617188 0.0359375 0.0515625
2 0.6416667 0.4785156 0.0270833 0.0695313
2 0.4773438 0.2164062 0.0380208 0.0406250
0 0.6989583 0.4375000 0.0302083 0.0546875
0 0.6997396 0.3160156 0.0484375 0.0320312
3 0.5445313 0.7308594 0.0380208 0.0445313
0 0.4705729 0.0898438 0.0255208 0.0468750
4 0.8052083 0.6164063 0.0437500 0.0359375
2 0.6950521 0.4132812 0.0546875 0.0453125
1 0.3471354 0.6363281 0.0348958 0.0570312
0 0.6492187 0.1730469 0.0317708 0.0757812
3 0.4312500 0.8035156 0.0343750 0.0648438
1 0.5169271 0.6945313 0.0380208 0.0656250
5 0.4976563 0.8246094 0.0317708 0.0742188
5 0.7273437 0.8406250 0.0473958 0.0375000
0 0.6328125 0.7613281 0.0479167 0.0289063
3 0.5518229 0.3457031 0.0182292 0.0523438
1 0.5148438 0.2152344 0.0432292 0.0523438
0 0.3898437 0.2574219 0.0328125 0.0617188
5 0.6187500 0.6933594 0.0260417 0.0539063
2 0.2914062 0.5660156 0.0421875 0.0476562
1 0.3929687 0.1312500 0.0473958 0.0328125
4 0.5473958 0.5820312 0.0489583 0.0484375
4 0.5638021 0.2382812 0.0307292 0.0609375
5 0.5523438 0.4066406 0.0369792 0.0429688
4 0.7825521 0.4820313 0.0473958 0.0453125
5 0.6361979 0.6621094 0.0255208 0.0351562
5 0.5179687 0.4433594 0.0453125 0.0335937
1 0.3406250 0.1617187 0.0208333 0.0328125
2 0.7033854 0.3390625 0.0526042 0.0406250
2 0.6052083 0.5007812 0.0218750 0.0671875
5 0.2950521 0.6164063 0.0494792 0.0484375
3 0.6153646 0.2015625 0.0473958 0.0375000
4 0.7658854 0.6714844 0.0223958 0.0757812
10 0.4424479 0.4886719 0.0276042 0.0539063
10 0.3216146 0.6468750 0.0421875 0.0546875
10 0.5604167 0.4070313 0.0447917 0.0484375
9 0.5778646 0.7132812 0.0328125 0.0421875
