2 0.4986979 0.0843750 0.0536458 0.0656250
5 0.4533854 0.2488281 0.0619792 0.0601563
2 0.6992188 0.5589844 0.0651042 0.0476562
4 0.3638021 0.7105469 0.0640625 0.0445313
3 0.6958333 0.6265625 0.0635417 0.0500000
0 0.6575521 0.4242187 0.0640625 0.0531250
4 0.4471354 0.4535156 0.0473958 0.0382813
2 0.5479167 0.5472656 0.0375000 0.0804688
3 0.5919271 0.5839844 0.0265625 0.0710937
5 0.6546875 0.3621094 0.0500000 0.0710937
0 0.5002604 0.7406250 0.0369792 0.0546875
2 0.6252604 0.3535156 0.0369792 0.0617188
4 0.4393229 0.5589844 0.0359375 0.0507812
3 0.6013021 0.7777344 0.0359375 0.0835937
3 0.4302083 0.8695312 0.0281250 0.0515625
5 0.7549479 0.6359375 0.0526042 0.0562500
3 0.6070313 0.7871094 0.0203125 0.0398437
4 0.5367188 0.4191406 0.0526042 0.0539063
1 0.7278646 0.5539063 0.0557292 0.0375000
3 0.7018229 0.3722656 0.0526042 0.0523438
5 0.3054688 0.4433594 0.0307292 0.0632812
2 0.3705729 0.4261719 0.0630208 0.0492187
0 0.5289063 0.4296875 0.0630208 0.0453125
5 0.6140625 0.6390625 0.0593750 0.0421875
2 0.5382813 0.4539063 0.0630208 0.0421875
5 0.4669271 0.8421875 0.0473958 0.0734375
5 0.7117187 0.3515625 0.0255208 0.0656250
3 0.5992188 0.2660156 0.0296875 0.0992187
2 0.5903646 0.1421875 0.0453125 0.0906250
4 0.5419271 0.2332031 0.0359375 0.0898438
4 0.4125000 0.7585937 0.0520833 0.0671875
5 0.4421875 0.9738281 0.0364583 0.0507812
2 0.5729167 0.3523438 0.0583333 0.0484375
4 0.2908854 0.8402344 0.0338542 0.0679687
1 0.3703125 0.3308594 0.0583333 0.0492187
1 0.6861979 0.4000000 0.0494792 0.0453125
4 0.7028646 0.8042969 0.0598958 0.0570312
5 0.3398438 0.2324219 0.0494792 0.0476562
4 0.5877604 0.6773438 0.0651042 0.0468750
2 0.6559896 0.6019531 0.0536458 0.0804688
0 0.6364583 0.7671875 0.0562500 0.0468750
0 0.5593750 0.4031250 0.0520833 0.0421875
5 0.6807292 0.0582031 0.0604167 0.0523438
5 0.4401042 0.5648437 0.0562500 0.0390625
4 0.4703125 0.2914062 0.0322917 0.0640625
1 0.3421875 0.5746094 0.0604167 0.0554687
4 0.6708333 0.2722656 0.0260417 0.0492187
2 0.4546875 0.4636719 0.0416667 0.0445313
0 0.2927083 0.4531250 0.0583333 0.0437500
4 0.4971354 0.4226563 0.0338542 0.0921875
2 0.7492188 0.1957031 0.0630208 0.0460938
5 0.3888021 0.2160156 0.0296875 0.0898438
0 0.6039062 0.4878906 0.0338542 0.0585938
11 0.4109375 0.8667969 0.0468750 0.0789062
11 0.4526042 0.2695312 0.0406250 0.0906250
