1 0.5856771 0.2929688 0.0276042 0.0328125
4 0.7872396 0.5476562 0.0223958 0.0578125
3 0.5367188 0.4476562 0.0213542 0.0421875
1 0.4744792 0.6546875 0.0218750 0.0312500
1 0.6656250 0.5089844 0.0406250 0.0476562
1 0.4273438 0.4691406 0.0369792 0.0554687
1 0.6114583 0.8632812 0.0427083 0.0390625
5 0.6463542 0.5828125 0.0343750 0.0531250
2 0.2630208 0.1691406 0.0447917 0.0320312
2 0.5690104 0.4859375 0.0401042 0.0281250
2 0.5375000 0.2570312 0.0197917 0.0296875
0 0.5669271 0.6015625 0.0234375 0.0593750
4 0.6838542 0.8867188 0.0281250 0.0328125
4 0.5856771 0.5253906 0.0338542 0.0414062
1 0.5213542 0.4480469 0.0239583 0.0429688
2 0.3526042 0.4835937 0.0406250 0.0250000
2 0.3815104 0.6898437 0.0432292 0.0265625
3 0.3627604 0.3335938 0.0203125 0.0296875
4 0.6789063 0.6527344 0.0401042 0.0273438
4 0.5059896 0.5164062 0.0244792 0.0562500
4 0.4182292 0.0761719 0.0208333 0.0414062
1 0.4276042 0.7164063 0.0270833 0.0265625
0 0.2690104 0.1933594 0.0296875 0.0492187
3 0.7218750 0.1832031 0.0416667 0.0304687
4 0.5614583 0.9574219 0.0208333 0.0507812
4 0.5994792 0.8234375 0.0416667 0.0343750
5 0.5351562 0.4078125 0.0369792 0.0375000
2 0.6645833 0.5757813 0.0375000 0.0250000
0 0.5971354 0.5734375 0.0192708 0.0406250
3 0.7002604 0.2910156 0.0411458 0.0273438
1 0.4976563 0.5976562 0.0213542 0.0531250
1 0.4619792 0.7925781 0.0312500 0.0507812
3 0.3690104 0.6214844 0.0296875 0.0523438
3 0.4869792 0.7585937 0.0333333 0.0421875
4 0.4723958 0.7175781 0.0291667 0.0445313
2 0.6276042 0.5984375 0.0270833 0.0546875
2 0.4625000 0.4238281 0.0260417 0.0351562
3 0.6971354 0.6847656 0.0213542 0.0554687
1 0.2130208 0.6199219 0.0322917 0.0554687
1 0.3955729 0.3031250 0.0255208 0.0500000
3 0.5169271 0.6726562 0.0203125 0.0406250
2 0.4763021 0.2218750 0.0411458 0.0390625
1 0.6718750 0.6343750 0.0239583 0.0328125
5 0.2440104 0.3546875 0.0192708 0.0453125
0 0.6085938 0.4398437 0.0234375 0.0328125
1 0.3567708 0.6378906 0.0385417 0.0304687
5 0.4002604 0.4343750 0.0244792 0.0375000
3 0.3403646 0.3234375 0.0463542 0.0343750
9 0.6018229 0.6820312 0.0265625 0.0515625
10 0.6565104 0.3906250 0.0380208 0.0421875
6 0.6091146 0.3121094 0.0401042 0.0429688
7 0.4416667 0.4367187 0.0375000 0.0421875
7 0.5822917 0.3406250 0.0395833 0.0390625
10 0.6226563 0.5839844 0.0359375 0.0367188
11 0.4578125 0.1976563 0.0291667 0.0359375
9 0.4398437 0.2207031 0.0380208 0.0382813
11 0.6903646 0.5960937 0.0338542 0.0531250
7 0.4835937 0.8207031 0.0338542 0.0585938
9 0.3924479 0.3406250 0.0390625 0.0375000
8 0.3315104 0.7324219 0.0380208 0.0382813
7 0.5575521 0.3167969 0.0401042 0.0476562
6 0.6903646 0.3148437 0.0421875 0.0406250
7 0.4182292 0.2828125 0.0333333 0.0609375
6 0.3221354 0.4203125 0.0255208 0.0375000
11 0.5401042 0.3398438 0.0427083 0.0421875
11 0.5229167 0.0664062 0.0260417 0.0593750
8 0.2463542 0.5109375 0.0427083 0.0421875
9 0.5104167 0.7410156 0.0364583 0.0679687
