0 0.5419271 0.6296875 0.0786458 0.0531250
3 0.6380208 0.1765625 0.0833333 0.0640625
0 0.2609375 0.6300781 0.0875000 0.0507812
4 0.7502604 0.7644531 0.0911458 0.0742188
2 0.5018229 0.6699219 0.0765625 0.0617188
4 0.2291667 0.2824219 0.0791667 0.0851563
4 0.6083333 0.3406250 0.0354167 0.1171875
4 0.5421875 0.8335938 0.0906250 0.0562500
4 0.6114583 0.7437500 0.0854167 0.0609375
1 0.6674479 0.1761719 0.0421875 0.1132812
2 0.6479167 0.3664062 0.0864583 0.0593750
1 0.5080729 0.8457031 0.0578125 0.0710937
0 0.3768229 0.3761719 0.0838542 0.0726563
5 0.4039063 0.1734375 0.0598958 0.1000000
0 0.5200521 0.2671875 0.0880208 0.0656250
4 0.4994792 0.5562500 0.0510417 0.0656250
1 0.3536458 0.6105469 0.0666667 0.0867187
2 0.6820312 0.2289063 0.0567708 0.0625000
3 0.4692708 0.1738281 0.0739583 0.0804688
8 0.6036458 0.3128906 0.0770833 0.0773438
10 0.5484375 0.6757812 0.0729167 0.0765625
11 0.5583333 0.4046875 0.0500000 0.0750000
10 0.6880208 0.7257813 0.0760417 0.0765625
9 0.7184896 0.4550781 0.0713542 0.0695313
10 0.2742188 0.7996094 0.0838542 0.0820312
8 0.7166667 0.5140625 0.0781250 0.0921875
6 0.5807292 0.7992187 0.0489583 0.1140625
11 0.3406250 0.8824219 0.0843750 0.0820312
