1 0.6502604 0.2871094 0.0651042 0.1804688
2 0.6622396 0.2261719 0.1359375 0.0789062
2 0.5018229 0.5109375 0.0671875 0.0968750
4 0.4484375 0.7363281 0.0739583 0.0835937
0 0.5690104 0.3703125 0.1234375 0.1015625
0 0.7335938 0.3179688 0.0869792 0.1625000
0 0.5611979 0.2933594 0.1307292 0.0960938
5 0.5960937 0.3156250 0.0546875 0.0953125
0 0.6494792 0.4246094 0.1135417 0.0820312
2 0.4687500 0.5808594 0.1052083 0.1054688
2 0.5330729 0.3167969 0.0734375 0.0914062
0 0.2067708 0.4308594 0.0927083 0.1164063
4 0.4075521 0.6667969 0.1265625 0.1070312
0 0.5122396 0.8972656 0.0661458 0.1773437
5 0.6359375 0.6847656 0.1260417 0.0773438
5 0.4437500 0.4796875 0.1291667 0.0906250
1 0.5851563 0.5511719 0.1255208 0.0898438
1 0.6979167 0.5355469 0.1281250 0.0945312
2 0.6614583 0.4484375 0.0656250 0.1250000
0 0.3406250 0.5644531 0.1010417 0.0882813
0 0.7005208 0.1007813 0.1250000 0.0906250
5 0.2979167 0.5210938 0.1083333 0.1109375
1 0.5338542 0.5492187 0.1041667 0.0906250
4 0.4703125 0.0898438 0.1104167 0.1109375
5 0.8210937 0.4527344 0.1088542 0.1429688
5 0.6450521 0.7164063 0.0786458 0.0890625
4 0.6221354 0.5792969 0.0723958 0.1148437
5 0.6255208 0.3675781 0.1177083 0.0804688
4 0.3598958 0.3808594 0.0822917 0.1039063
1 0.5901042 0.2457031 0.1291667 0.0867187
3 0.6856771 0.5003906 0.0682292 0.0835937
1 0.6752604 0.4601562 0.1369792 0.1093750
4 0.4513021 0.5160156 0.1223958 0.1085938
0 0.3015625 0.4937500 0.1281250 0.0906250
3 0.4218750 0.6128906 0.0833333 0.0882813
1 0.6971354 0.6117187 0.0911458 0.1593750
2 0.5945312 0.5031250 0.0578125 0.0906250
1 0.3552083 0.1519531 0.0968750 0.1164063
2 0.5398437 0.3031250 0.0911458 0.0734375
2 0.5007812 0.5097656 0.1067708 0.0867187
2 0.3369792 0.1507813 0.0989583 0.1921875
3 0.6028646 0.7578125 0.0901042 0.1562500
2 0.6872396 0.4917969 0.0588542 0.1585938
3 0.5890625 0.2101562 0.1322917 0.0937500
1 0.6216146 0.0531250 0.0942708 0.1062500
4 0.7690104 0.4433594 0.0765625 0.0882813
4 0.5906250 0.8175781 0.0770833 0.1851562
1 0.4533854 0.6585937 0.0932292 0.1046875
4 0.3804688 0.8214844 0.1182292 0.0820312
2 0.6583333 0.7585937 0.1218750 0.1046875
1 0.3903646 0.6871094 0.0817708 0.0789062
2 0.6760417 0.1910156 0.1208333 0.0867187
1 0.3190104 0.6406250 0.1192708 0.1140625
0 0.4838542 0.3156250 0.1364583 0.0921875
5 0.6260417 0.1566406 0.1020833 0.1382812
0 0.6341146 0.2324219 0.0765625 0.0882813
4 0.7388021 0.2460938 0.1255208 0.0890625
5 0.5174479 0.4507813 0.0786458 0.1640625
5 0.6234375 0.2800781 0.0770833 0.1132812
5 0.4184896 0.4640625 0.1369792 0.0968750
4 0.8007812 0.5070313 0.0890625 0.1593750
1 0.2843750 0.3890625 0.1375000 0.0968750
3 0.7148438 0.4000000 0.0588542 0.1796875
2 0.4854167 0.5113281 0.1041667 0.0882813
4 0.5997396 0.6312500 0.1161458 0.1000000
4 0.3031250 0.3523438 0.1187500 0.1359375
0 0.5223958 0.6203125 0.1145833 0.0828125
3 0.4322917 0.3859375 0.0864583 0.1000000
0 0.7570313 0.4156250 0.0588542 0.0906250
8 0.4700521 0.2929688 0.0744792 0.1781250
11 0.6252604 0.5214844 0.0973958 0.1632812
8 0.7552083 0.4730469 0.1343750 0.1492188
8 0.6718750 0.4574219 0.0781250 0.1117188
11 0.4205729 0.7636719 0.0984375 0.1101562
10 0.6809896 0.3398438 0.1192708 0.1140625
