0 0.5023437 0.5531250 0.0484375 0.0734375
2 0.5643229 0.4625000 0.0411458 0.0828125
1 0.7072917 0.5957031 0.0354167 0.0757812
3 0.4375000 0.8406250 0.0802083 0.0687500
5 0.5200521 0.6468750 0.0640625 0.0609375
2 0.4255208 0.6925781 0.0822917 0.0523438
5 0.3552083 0.3089844 0.0833333 0.0710937
0 0.3161458 0.4882812 0.0333333 0.1156250
6 0.6164063 0.8152344 0.0473958 0.1117188
9 0.6968750 0.6410156 0.0697917 0.1023437
6 0.5078125 0.2500000 0.0552083 0.1015625
10 0.2343750 0.4792969 0.0750000 0.0945312
6 0.4278646 0.3628906 0.0817708 0.1054688
11 0.5578125 0.4449219 0.0687500 0.1195313
11 0.3528646 0.1687500 0.0723958 0.0906250
8 0.5330729 0.7414063 0.0723958 0.0781250
11 0.7679687 0.3910156 0.0796875 0.0789062
8 0.5070313 0.3921875 0.0546875 0.0765625
6 0.6848958 0.5628906 0.0541667 0.0804688
10 0.8046875 0.5574219 0.0812500 0.0773438
11 0.7260417 0.4042969 0.0770833 0.0992187
11 0.4557292 0.8183594 0.0593750 0.1132812
7 0.3893229 0.6699219 0.0546875 0.1132812
10 0.6322917 0.2218750 0.0677083 0.1156250
6 0.5130208 0.5648437 0.0677083 0.0734375
11 0.4471354 0.4996094 0.0734375 0.0789062
10 0.6234375 0.1250000 0.0500000 0.1062500
