2 0.3638021 0.6285156 0.0296875 0.0335937
1 0.3825521 0.1437500 0.0338542 0.0281250
3 0.5033854 0.3960938 0.0234375 0.0515625
5 0.7518229 0.6570312 0.0369792 0.0265625
4 0.5546875 0.5855469 0.0197917 0.0257812
2 0.4593750 0.3523438 0.0260417 0.0296875
0 0.6244792 0.6457031 0.0354167 0.0289063
2 0.2804687 0.5519531 0.0182292 0.0273438
0 0.4898438 0.3679688 0.0203125 0.0312500
1 0.7593750 0.3675781 0.0229167 0.0429688
3 0.5114583 0.2164062 0.0218750 0.0343750
1 0.7703125 0.7652344 0.0208333 0.0351562
4 0.3984375 0.3660156 0.0270833 0.0273438
4 0.7664062 0.6808594 0.0192708 0.0492187
4 0.3460937 0.6382813 0.0328125 0.0187500
3 0.3382812 0.5867187 0.0203125 0.0359375
0 0.5046875 0.8140625 0.0197917 0.0390625
4 0.5765625 0.7300781 0.0322917 0.0273438
2 0.3208333 0.7125000 0.0197917 0.0468750
0 0.5231771 0.4238281 0.0171875 0.0460938
2 0.4635417 0.2707031 0.0322917 0.0273438
2 0.4367187 0.3363281 0.0234375 0.0257812
4 0.6773438 0.5519531 0.0317708 0.0289063
7 0.7085938 0.6039062 0.0328125 0.0312500
10 0.6570312 0.2082031 0.0317708 0.0304687
9 0.7197917 0.4156250 0.0260417 0.0437500
8 0.3825521 0.4355469 0.0317708 0.0335937
8 0.5132813 0.6308594 0.0296875 0.0289063
9 0.6187500 0.1777344 0.0333333 0.0335937
8 0.4841146 0.6035156 0.0223958 0.0335937
11 0.5770833 0.7339844 0.0322917 0.0460938
11 0.3151042 0.7277344 0.0322917 0.0320312
7 0.7161458 0.3027344 0.0218750 0.0367188
9 0.4721354 0.2191406 0.0317708 0.0367188
7 0.5125000 0.6917969 0.0187500 0.0273438
10 0.4414062 0.4605469 0.0286458 0.0351562
6 0.7192708 0.5617188 0.0291667 0.0281250
