0 0.5372396 0.8589844 0.0328125 0.0460938
5 0.2473958 0.6957031 0.0218750 0.0460938
4 0.3627604 0.5859375 0.0348958 0.0406250
5 0.5703125 0.7906250 0.0322917 0.0562500
1 0.2130208 0.4566406 0.0406250 0.0304687
1 0.3789062 0.4195313 0.0182292 0.0390625
4 0.2705729 0.5386719 0.0317708 0.0304687
0 0.6395833 0.6695313 0.0406250 0.0375000
4 0.6981771 0.2105469 0.0421875 0.0273438
2 0.4789062 0.9238281 0.0296875 0.0367188
4 0.7315104 0.4300781 0.0442708 0.0289063
3 0.7427083 0.5347656 0.0406250 0.0367188
4 0.6950521 0.5625000 0.0411458 0.0265625
0 0.4664063 0.2394531 0.0390625 0.0460938
1 0.7908854 0.4097656 0.0390625 0.0414062
4 0.3736979 0.1816406 0.0442708 0.0335937
1 0.5572917 0.7578125 0.0385417 0.0234375
1 0.5502604 0.8679687 0.0380208 0.0468750
0 0.6169271 0.1296875 0.0432292 0.0343750
2 0.4562500 0.4226563 0.0229167 0.0281250
1 0.5101562 0.6074219 0.0244792 0.0304687
5 0.7119792 0.4351563 0.0437500 0.0390625
0 0.3776042 0.3859375 0.0177083 0.0546875
4 0.5898438 0.7449219 0.0244792 0.0554687
2 0.3520833 0.2644531 0.0250000 0.0414062
2 0.5585938 0.2621094 0.0463542 0.0382813
3 0.6502604 0.2714844 0.0442708 0.0304687
5 0.6658854 0.4429688 0.0234375 0.0453125
3 0.4208333 0.2941406 0.0354167 0.0429688
4 0.5401042 0.3074219 0.0239583 0.0414062
5 0.5953125 0.8808594 0.0281250 0.0617188
0 0.4640625 0.7093750 0.0385417 0.0343750
4 0.5932292 0.1144531 0.0427083 0.0304687
0 0.4330729 0.6539063 0.0265625 0.0609375
2 0.5330729 0.6730469 0.0213542 0.0617188
0 0.7726563 0.6246094 0.0223958 0.0507812
3 0.7174479 0.6808594 0.0453125 0.0304687
3 0.7692708 0.6960937 0.0427083 0.0359375
4 0.7679687 0.6332031 0.0390625 0.0351562
3 0.2440104 0.4941406 0.0390625 0.0398437
0 0.6898437 0.7734375 0.0432292 0.0312500
3 0.6033854 0.6496094 0.0432292 0.0289063
0 0.5127604 0.5066406 0.0213542 0.0585938
2 0.3526042 0.5496094 0.0406250 0.0382813
6 0.3664062 0.4332031 0.0401042 0.0382813
11 0.4888021 0.3343750 0.0276042 0.0640625
10 0.3177083 0.6847656 0.0302083 0.0414062
11 0.5875000 0.2265625 0.0406250 0.0406250
8 0.7377604 0.3269531 0.0348958 0.0664062
6 0.3750000 0.7019531 0.0375000 0.0445313
8 0.6052083 0.7078125 0.0343750 0.0687500
9 0.3541667 0.3910156 0.0416667 0.0414062
9 0.5067708 0.2144531 0.0385417 0.0617188
7 0.5963542 0.4777344 0.0354167 0.0398437
10 0.2677083 0.4222656 0.0260417 0.0570312
11 0.4296875 0.8777344 0.0354167 0.0460938
7 0.6596354 0.7105469 0.0255208 0.0570312
6 0.4156250 0.7476563 0.0458333 0.0437500
7 0.3414063 0.5929688 0.0255208 0.0484375
10 0.4226563 0.3894531 0.0421875 0.0460938
7 0.4755208 0.4800781 0.0239583 0.0382813
9 0.7677083 0.5363281 0.0354167 0.0617188
