2 0.4914062 0.4097656 0.1265625 0.0867187
2 0.4523437 0.6878906 0.0994792 0.1507813
4 0.5106771 0.2128906 0.0536458 0.1414063
1 0.6898437 0.4804688 0.0453125 0.0921875
3 0.6986979 0.2480469 0.1182292 0.0835937
3 0.2937500 0.4542969 0.0552083 0.0804688
0 0.5755208 0.6425781 0.1083333 0.0679687
0 0.2898438 0.6773438 0.0682292 0.0921875
3 0.6351562 0.4117188 0.1223958 0.1078125
3 0.7210937 0.3332031 0.1109375 0.0742188
4 0.5656250 0.5660156 0.1239583 0.0804688
1 0.6236979 0.6054688 0.0953125 0.1250000
4 0.5294271 0.6367188 0.0703125 0.1062500
2 0.5947917 0.5375000 0.0885417 0.1125000
5 0.6507812 0.3109375 0.1182292 0.1046875
1 0.6812500 0.4984375 0.0625000 0.0703125
4 0.3950521 0.2410156 0.1182292 0.0835937
3 0.5033854 0.4410156 0.0692708 0.0820312
1 0.3937500 0.7562500 0.0604167 0.1796875
1 0.5127604 0.7726563 0.1057292 0.1015625
0 0.2736979 0.5136719 0.1234375 0.0851563
2 0.6283854 0.4546875 0.0765625 0.1812500
3 0.5625000 0.7636719 0.0625000 0.1945312
3 0.5843750 0.3957031 0.0718750 0.1070312
4 0.5880208 0.6472656 0.0906250 0.0976562
5 0.4856771 0.5738281 0.0588542 0.0960938
3 0.3916667 0.8082031 0.0458333 0.1617187
2 0.4143229 0.8000000 0.0692708 0.1734375
0 0.5760417 0.3285156 0.1281250 0.0804688
0 0.5106771 0.1585938 0.1192708 0.1343750
2 0.3367188 0.5148438 0.0838542 0.0906250
2 0.4075521 0.3492188 0.1046875 0.1046875
4 0.3812500 0.3882813 0.0927083 0.0921875
3 0.5419271 0.4359375 0.1057292 0.1546875
4 0.5539063 0.7039062 0.1286458 0.0796875
3 0.3927083 0.7496094 0.1125000 0.0789062
4 0.7544271 0.6222656 0.1046875 0.0898438
4 0.5981771 0.1339844 0.1223958 0.0898438
1 0.3268229 0.5886719 0.0588542 0.1695312
1 0.6919271 0.6019531 0.1098958 0.0710937
5 0.6335937 0.2937500 0.0755208 0.1484375
1 0.5971354 0.6410156 0.1067708 0.0976562
2 0.5781250 0.3101563 0.0791667 0.1328125
0 0.6265625 0.5328125 0.1104167 0.0812500
5 0.3359375 0.8539062 0.0979167 0.1234375
4 0.4979167 0.4375000 0.1281250 0.0906250
0 0.2286458 0.3652344 0.1104167 0.1148437
5 0.7778646 0.5312500 0.1026042 0.1359375
3 0.5315104 0.4656250 0.0828125 0.0734375
3 0.7023438 0.4277344 0.0453125 0.1445312
4 0.7598958 0.8179688 0.1250000 0.0812500
2 0.4953125 0.7234375 0.1093750 0.0750000
5 0.6007813 0.9023438 0.0703125 0.1906250
2 0.5778646 0.6367188 0.0651042 0.1421875
1 0.7950521 0.4648438 0.0942708 0.1390625
1 0.3648438 0.1167969 0.0734375 0.0945312
2 0.5861979 0.6054688 0.0619792 0.1500000
0 0.3911458 0.4371094 0.1000000 0.1179687
2 0.5257812 0.7347656 0.0692708 0.0726563
2 0.3747396 0.6054688 0.0505208 0.1000000
5 0.6401042 0.2628906 0.0583333 0.1773437
4 0.3429687 0.2402344 0.0703125 0.1273438
0 0.4307292 0.2003906 0.0906250 0.1148437
1 0.7080729 0.5316406 0.1182292 0.0945312
2 0.3091146 0.7089844 0.1338542 0.0914062
3 0.6817708 0.2894531 0.1187500 0.0867187
3 0.1768229 0.4957031 0.0796875 0.1492188
5 0.5346354 0.0800781 0.1192708 0.0835937
4 0.4989583 0.6535156 0.1177083 0.0898438
3 0.4320312 0.4195313 0.1057292 0.0750000
2 0.4341146 0.2273438 0.0588542 0.1031250
9 0.6244792 0.4550781 0.1104167 0.1070312
11 0.7992187 0.4601562 0.1213542 0.1312500
9 0.6473958 0.0871094 0.0666667 0.1554687
11 0.7164063 0.2957031 0.1171875 0.1164063
10 0.6773438 0.6429687 0.0973958 0.1515625
7 0.7286458 0.8296875 0.1135417 0.1390625
11 0.2328125 0.5941406 0.1093750 0.1289062
11 0.3838542 0.6652344 0.1093750 0.1070312
