4 0.5369792 0.4707031 0.0989583 0.0804688
5 0.3424479 0.3835938 0.0588542 0.1578125
5 0.6156250 0.5496094 0.1052083 0.0851563
4 0.3067708 0.6656250 0.0541667 0.1156250
2 0.3835938 0.5179687 0.0546875 0.1468750
0 0.5588542 0.6246094 0.0697917 0.1335938
3 0.4914062 0.6210938 0.0848958 0.0859375
0 0.7145833 0.5761719 0.0864583 0.1132812
5 0.5671875 0.3359375 0.1104167 0.0921875
1 0.6359375 0.5023437 0.1187500 0.0875000
0 0.6453125 0.8437500 0.1010417 0.0875000
0 0.6921875 0.5101562 0.0604167 0.1046875
3 0.6921875 0.1125000 0.1072917 0.0828125
2 0.5835938 0.1503906 0.0765625 0.1351563
1 0.3640625 0.8574219 0.1010417 0.1039063
1 0.5343750 0.4062500 0.0854167 0.0890625
4 0.5750000 0.5015625 0.0937500 0.0968750
1 0.3723958 0.1457031 0.0625000 0.1570313
2 0.6632813 0.5929688 0.0776042 0.1000000
2 0.4679687 0.4195313 0.0651042 0.1875000
1 0.7268229 0.4910156 0.1057292 0.0679687
4 0.7265625 0.2367188 0.1052083 0.0937500
2 0.4934896 0.8734375 0.0880208 0.1468750
0 0.7218750 0.7875000 0.1062500 0.1031250
5 0.7486979 0.3261719 0.1067708 0.0835937
3 0.2875000 0.5363281 0.0822917 0.0757812
3 0.5919271 0.3265625 0.0796875 0.1328125
1 0.4885417 0.9085937 0.1197917 0.0937500
1 0.2494792 0.5335937 0.1166667 0.0734375
5 0.4713542 0.3664062 0.0625000 0.1000000
0 0.3145833 0.2183594 0.0541667 0.0820312
0 0.6065104 0.0949219 0.0421875 0.1648438
2 0.5408854 0.7027344 0.1213542 0.1054688
2 0.3195312 0.4875000 0.0692708 0.1093750
3 0.4466146 0.3648438 0.1046875 0.0734375
5 0.7338542 0.5468750 0.1052083 0.1390625
0 0.5195312 0.1527344 0.0796875 0.1382812
4 0.5890625 0.4230469 0.0697917 0.1414063
2 0.5989583 0.8582031 0.0958333 0.1054688
0 0.4289062 0.2640625 0.0744792 0.0859375
0 0.7195312 0.6085938 0.1098958 0.0906250
1 0.3385417 0.2046875 0.0739583 0.1515625
2 0.5458333 0.3953125 0.0656250 0.0781250
4 0.5223958 0.1566406 0.1031250 0.1070312
5 0.4833333 0.5660156 0.1052083 0.1273438
4 0.7049479 0.4027344 0.1119792 0.1132812
1 0.4289062 0.2539062 0.0921875 0.1156250
3 0.2776042 0.4570312 0.0968750 0.0984375
3 0.6075521 0.9121094 0.1005208 0.0945312
2 0.6945313 0.6933594 0.0536458 0.1195313
4 0.4598958 0.4039063 0.0500000 0.1000000
1 0.5718750 0.6742187 0.0625000 0.1046875
5 0.6294271 0.6773438 0.0703125 0.0890625
2 0.3414063 0.3375000 0.0473958 0.1578125
2 0.4723958 0.5121094 0.0635417 0.1710937
0 0.7401042 0.7109375 0.0968750 0.0781250
3 0.2510417 0.5238281 0.0531250 0.0898438
3 0.5169271 0.3003906 0.1213542 0.0898438
5 0.7502604 0.5496094 0.0567708 0.1679688
0 0.3643229 0.5296875 0.1098958 0.0765625
0 0.2630208 0.6171875 0.1166667 0.0828125
2 0.6398438 0.4550781 0.0651042 0.1554687
2 0.3403646 0.9070312 0.1026042 0.0875000
2 0.3750000 0.6128906 0.0885417 0.1164063
1 0.5174479 0.3765625 0.0817708 0.1546875
6 0.6458333 0.4753906 0.1020833 0.1382812
9 0.2398437 0.7597656 0.0994792 0.1382812
7 0.6325521 0.3628906 0.0838542 0.1101562
6 0.3739583 0.8421875 0.1083333 0.1500000
6 0.4216146 0.5796875 0.0817708 0.1593750
10 0.8085938 0.4046875 0.1109375 0.1031250
7 0.7752604 0.5328125 0.0984375 0.1359375
8 0.6710938 0.4093750 0.0671875 0.1000000
8 0.4088542 0.5726562 0.0947917 0.1093750
8 0.6028646 0.4820313 0.1015625 0.1109375
9 0.4971354 0.7789063 0.0984375 0.1328125
11 0.6294271 0.2585938 0.1046875 0.1031250
6 0.8041667 0.6382813 0.1145833 0.1328125
8 0.7104167 0.7660156 0.1104167 0.1539062
10 0.4486979 0.4113281 0.1151042 0.1148437
6 0.5520833 0.6097656 0.0645833 0.1289062
6 0.4145833 0.7207031 0.0989583 0.1398437
9 0.7369792 0.4261719 0.1114583 0.1054688
9 0.1947917 0.6949219 0.0854167 0.1617187
