1 0.5333333 0.5117188 0.0166667 0.0406250
4 0.6776042 0.5128906 0.0385417 0.0320312
1 0.5731771 0.3226562 0.0380208 0.0281250
3 0.3145833 0.2761719 0.0406250 0.0304687
2 0.5958333 0.5042969 0.0364583 0.0335937
2 0.3226562 0.4656250 0.0380208 0.0328125
3 0.5776042 0.4218750 0.0385417 0.0265625
2 0.6093750 0.5546875 0.0218750 0.0562500
3 0.6942708 0.0460938 0.0385417 0.0281250
2 0.3692708 0.4925781 0.0395833 0.0351562
1 0.4421875 0.1300781 0.0239583 0.0398437
1 0.6335937 0.3933594 0.0265625 0.0460938
2 0.6330729 0.7871094 0.0390625 0.0351562
3 0.6859375 0.2812500 0.0375000 0.0250000
4 0.2924479 0.4800781 0.0286458 0.0429688
0 0.6515625 0.7500000 0.0145833 0.0265625
4 0.6687500 0.2136719 0.0322917 0.0367188
1 0.5484375 0.4046875 0.0229167 0.0234375
3 0.3299479 0.7617188 0.0411458 0.0281250
2 0.3796875 0.4363281 0.0375000 0.0242188
4 0.5583333 0.4066406 0.0260417 0.0367188
2 0.6515625 0.4628906 0.0354167 0.0257812
1 0.3236979 0.1847656 0.0369792 0.0351562
0 0.3619792 0.5632812 0.0395833 0.0343750
4 0.6971354 0.7507812 0.0171875 0.0421875
0 0.3414063 0.1625000 0.0296875 0.0328125
4 0.6932292 0.3976562 0.0312500 0.0296875
5 0.6473958 0.3867188 0.0218750 0.0437500
0 0.6304688 0.3984375 0.0359375 0.0296875
5 0.2929688 0.5136719 0.0296875 0.0492187
4 0.6770833 0.6371094 0.0333333 0.0289063
0 0.6736979 0.5464844 0.0234375 0.0351562
4 0.4049479 0.4730469 0.0338542 0.0289063
2 0.6325521 0.5199219 0.0328125 0.0335937
1 0.3838542 0.4402344 0.0354167 0.0242188
3 0.3666667 0.2261719 0.0270833 0.0570312
1 0.6294271 0.5074219 0.0411458 0.0367188
1 0.4942708 0.8785156 0.0239583 0.0398437
3 0.6182292 0.6804687 0.0208333 0.0515625
5 0.3125000 0.3718750 0.0187500 0.0390625
2 0.2601562 0.3070312 0.0401042 0.0359375
1 0.7143229 0.3460937 0.0265625 0.0453125
0 0.3507812 0.3636719 0.0380208 0.0382813
4 0.5992188 0.3105469 0.0171875 0.0382813
0 0.6445312 0.1160156 0.0255208 0.0382813
2 0.6869792 0.6636719 0.0395833 0.0351562
5 0.6994792 0.4812500 0.0187500 0.0343750
0 0.5700521 0.1476562 0.0203125 0.0562500
0 0.5778646 0.7250000 0.0369792 0.0390625
0 0.6312500 0.2976563 0.0406250 0.0265625
2 0.5919271 0.5921875 0.0161458 0.0375000
0 0.6731771 0.5371094 0.0380208 0.0273438
3 0.3768229 0.2785156 0.0192708 0.0289063
0 0.4726562 0.4320312 0.0203125 0.0437500
3 0.6257812 0.5875000 0.0401042 0.0296875
4 0.3046875 0.2500000 0.0166667 0.0531250
3 0.5523438 0.5812500 0.0182292 0.0281250
0 0.5572917 0.6179687 0.0218750 0.0546875
3 0.5000000 0.2566406 0.0302083 0.0539063
1 0.4882812 0.8332031 0.0317708 0.0335937
1 0.6710938 0.3210938 0.0244792 0.0468750
5 0.6010417 0.2847656 0.0302083 0.0507812
11 0.5322917 0.6085938 0.0302083 0.0515625
