1 0.7140625 0.5273438 0.0947917 0.0734375
2 0.5921875 0.9062500 0.0562500 0.0890625
2 0.3934896 0.1027344 0.0640625 0.1304687
2 0.7000000 0.5000000 0.0718750 0.0718750
2 0.5002604 0.3453125 0.0713542 0.1046875
5 0.6075521 0.3457031 0.0578125 0.0570312
4 0.3294271 0.5585938 0.0640625 0.0781250
3 0.2497396 0.3000000 0.0973958 0.0859375
5 0.5203125 0.4226563 0.0635417 0.0906250
1 0.6721354 0.2914062 0.0838542 0.0718750
3 0.2882812 0.3925781 0.0828125 0.0882813
3 0.4841146 0.1792969 0.0911458 0.0914062
0 0.4825521 0.7617188 0.0411458 0.0968750
2 0.5140625 0.5652344 0.0614583 0.1148437
2 0.4510417 0.5210938 0.0520833 0.0984375
1 0.3088542 0.4425781 0.0489583 0.1367188
4 0.3526042 0.2453125 0.0760417 0.0562500
4 0.3804688 0.6003906 0.0703125 0.0617188
4 0.6346354 0.3570313 0.0838542 0.0609375
5 0.5710937 0.4289062 0.0880208 0.0796875
3 0.6330729 0.2921875 0.0817708 0.0968750
4 0.7002604 0.6039062 0.0953125 0.0765625
0 0.5614583 0.6515625 0.0593750 0.0828125
2 0.5466146 0.5671875 0.0421875 0.0781250
0 0.3531250 0.2093750 0.0854167 0.0843750
3 0.4664063 0.1042969 0.0546875 0.1179687
3 0.3593750 0.5281250 0.0937500 0.0937500
3 0.4468750 0.2375000 0.0947917 0.0765625
2 0.6546875 0.2277344 0.0364583 0.1132812
5 0.5825521 0.4164062 0.0817708 0.0640625
0 0.7531250 0.5214844 0.0895833 0.0820312
2 0.4979167 0.6597656 0.0656250 0.0835937
0 0.6619792 0.4648438 0.0833333 0.0671875
4 0.6333333 0.5679688 0.0489583 0.0906250
0 0.7911458 0.5101562 0.0677083 0.0937500
5 0.3372396 0.2234375 0.0567708 0.1343750
4 0.3257813 0.3550781 0.0848958 0.0617188
1 0.3955729 0.2710938 0.0463542 0.0953125
0 0.4783854 0.3296875 0.0567708 0.0906250
0 0.5020833 0.1957031 0.0854167 0.0742188
4 0.5763021 0.7339844 0.0640625 0.0554687
4 0.6890625 0.4937500 0.0906250 0.0625000
1 0.3192708 0.6824219 0.0385417 0.1398437
1 0.2166667 0.4148438 0.0906250 0.0656250
1 0.3640625 0.1355469 0.0760417 0.1179687
4 0.4286458 0.2730469 0.0437500 0.0632812
4 0.7114583 0.4851563 0.0885417 0.0828125
0 0.6000000 0.2734375 0.0875000 0.0781250
0 0.7085938 0.6035156 0.0901042 0.0664062
1 0.4875000 0.6753906 0.0812500 0.0570312
5 0.5953125 0.8164062 0.0458333 0.0859375
0 0.3562500 0.9421875 0.0500000 0.1140625
4 0.4247396 0.6671875 0.0692708 0.0906250
3 0.5807292 0.5472656 0.0687500 0.1117188
0 0.6674479 0.5925781 0.0817708 0.0898438
0 0.5445313 0.2851562 0.0807292 0.0625000
3 0.4736979 0.5476562 0.0984375 0.0812500
2 0.6822917 0.4238281 0.0375000 0.0789062
1 0.6393229 0.5027344 0.0776042 0.0960938
2 0.5932292 0.3066406 0.0572917 0.0882813
0 0.2481771 0.5277344 0.0921875 0.0695313
3 0.5143229 0.8214844 0.0567708 0.1398437
0 0.4611979 0.8109375 0.0880208 0.0718750
0 0.4041667 0.2925781 0.0729167 0.0882813
0 0.3502604 0.4359375 0.0432292 0.1234375
2 0.6859375 0.3046875 0.0989583 0.0718750
3 0.4552083 0.4449219 0.0625000 0.0695313
4 0.5015625 0.7312500 0.0479167 0.0765625
2 0.7192708 0.5210938 0.0708333 0.0890625
0 0.3817708 0.8085938 0.0864583 0.0640625
3 0.3140625 0.4066406 0.0458333 0.0820312
4 0.4221354 0.3148437 0.0640625 0.1156250
0 0.6151042 0.4625000 0.0875000 0.0656250
6 0.6260417 0.6894531 0.0812500 0.0789062
9 0.3731771 0.8914062 0.0671875 0.1281250
8 0.6114583 0.3101563 0.0635417 0.1468750
10 0.3752604 0.5769531 0.0932292 0.1304687
8 0.5890625 0.2703125 0.0645833 0.1234375
