0 0.5375000 0.4949219 0.0718750 0.0742188
3 0.5539063 0.4003906 0.0432292 0.1148437
5 0.4619792 0.3082031 0.0718750 0.1117188
3 0.6070313 0.2132813 0.0838542 0.0546875
0 0.6648437 0.2707031 0.0796875 0.0601563
1 0.4018229 0.6660156 0.0619792 0.0851563
2 0.5244792 0.4062500 0.0583333 0.1125000
5 0.5291667 0.4148438 0.0770833 0.0796875
5 0.2364583 0.4511719 0.0875000 0.0695313
5 0.3434896 0.5304688 0.0942708 0.0687500
1 0.5510417 0.2886719 0.0833333 0.0617188
5 0.6773438 0.4238281 0.0890625 0.0835937
3 0.6359375 0.5863281 0.0770833 0.0585938
6 0.3802083 0.2578125 0.0750000 0.0734375
6 0.5916667 0.7312500 0.0718750 0.0921875
9 0.4335938 0.8199219 0.0817708 0.1039063
10 0.3841146 0.1996094 0.0515625 0.1226562
8 0.7815104 0.5214844 0.0838542 0.1179687
10 0.2565104 0.4820313 0.0776042 0.0765625
10 0.6739583 0.4769531 0.0791667 0.0976562
11 0.4390625 0.7781250 0.0656250 0.1265625
11 0.1992188 0.4488281 0.0807292 0.0976562
10 0.4289062 0.5828125 0.0588542 0.1156250
8 0.4760417 0.7109375 0.0604167 0.1125000
11 0.2140625 0.6546875 0.0677083 0.1281250
11 0.6135417 0.1464844 0.0760417 0.0914062
11 0.6291667 0.2039063 0.0729167 0.0875000
8 0.3622396 0.3398438 0.0713542 0.1203125
7 0.4664063 0.3722656 0.0505208 0.0992187
