0 0.5270833 0.8902344 0.0250000 0.0179687
5 0.5661458 0.4464844 0.0239583 0.0195312
1 0.3833333 0.4632812 0.0187500 0.0171875
5 0.3174479 0.8023438 0.0244792 0.0187500
5 0.4921875 0.7714844 0.0125000 0.0226562
5 0.5835938 0.3152344 0.0151042 0.0179687
0 0.4942708 0.3070312 0.0114583 0.0187500
3 0.4552083 0.2640625 0.0177083 0.0203125
5 0.6130208 0.3906250 0.0250000 0.0203125
3 0.6763021 0.2656250 0.0265625 0.0203125
0 0.3809896 0.6707031 0.0265625 0.0179687
1 0.6966146 0.2921875 0.0265625 0.0171875
3 0.4315104 0.4761719 0.0140625 0.0210938
3 0.5632812 0.6707031 0.0098958 0.0320312
4 0.5343750 0.3558594 0.0114583 0.0351562
5 0.4140625 0.3093750 0.0166667 0.0312500
4 0.6635417 0.2375000 0.0239583 0.0203125
0 0.4528646 0.5742188 0.0161458 0.0359375
5 0.4403646 0.6347656 0.0171875 0.0210938
4 0.4101562 0.5929688 0.0223958 0.0171875
2 0.5148438 0.6699219 0.0234375 0.0164063
3 0.4075521 0.7250000 0.0244792 0.0140625
2 0.7000000 0.6621094 0.0135417 0.0382813
5 0.4132812 0.8277344 0.0244792 0.0179687
1 0.6393229 0.2847656 0.0109375 0.0351562
2 0.3335938 0.8355469 0.0130208 0.0382813
1 0.2953125 0.5515625 0.0229167 0.0156250
2 0.3513021 0.3039062 0.0119792 0.0406250
2 0.5510417 0.5609375 0.0135417 0.0234375
5 0.4322917 0.7558594 0.0208333 0.0273438
5 0.5348958 0.5644531 0.0177083 0.0289063
5 0.6427083 0.5285156 0.0239583 0.0179687
4 0.4812500 0.4734375 0.0239583 0.0187500
3 0.7341146 0.6890625 0.0255208 0.0156250
4 0.6166667 0.2230469 0.0239583 0.0179687
0 0.2388021 0.6691406 0.0109375 0.0351562
1 0.7497396 0.5746094 0.0140625 0.0351562
9 0.6700521 0.3773437 0.0244792 0.0234375
7 0.5138021 0.7765625 0.0223958 0.0265625
6 0.4299479 0.1328125 0.0223958 0.0312500
7 0.2776042 0.5179687 0.0239583 0.0234375
6 0.6744792 0.7003906 0.0239583 0.0242188
7 0.6098958 0.9011719 0.0229167 0.0226562
8 0.4388021 0.6378906 0.0161458 0.0273438
10 0.6226563 0.5550781 0.0223958 0.0210938
6 0.7221354 0.5871094 0.0223958 0.0242188
9 0.3505208 0.4144531 0.0208333 0.0351562
9 0.6377604 0.6769531 0.0192708 0.0304687
9 0.4307292 0.1832031 0.0208333 0.0226562
7 0.5140625 0.5714844 0.0229167 0.0257812
7 0.3687500 0.3503906 0.0218750 0.0351562
9 0.5007812 0.3496094 0.0213542 0.0289063
6 0.3145833 0.3945312 0.0229167 0.0234375
11 0.5744792 0.3312500 0.0218750 0.0343750
