5 0.5664062 0.2941406 0.0213542 0.0351562
5 0.6880208 0.5574219 0.0197917 0.0210938
4 0.5174479 0.4050781 0.0130208 0.0429688
2 0.5382813 0.2832031 0.0276042 0.0195312
1 0.4484375 0.2660156 0.0291667 0.0210938
4 0.5015625 0.4902344 0.0156250 0.0195312
4 0.5513021 0.4152344 0.0286458 0.0210938
5 0.2976563 0.1910156 0.0140625 0.0320312
4 0.6125000 0.6933594 0.0114583 0.0398437
3 0.4914062 0.7925781 0.0244792 0.0242188
1 0.4695313 0.3152344 0.0286458 0.0242188
2 0.6158854 0.5296875 0.0140625 0.0234375
5 0.7177083 0.4515625 0.0291667 0.0265625
3 0.5713542 0.3523438 0.0177083 0.0390625
5 0.6309896 0.4527344 0.0234375 0.0226562
2 0.7372396 0.5417969 0.0119792 0.0242188
3 0.4536458 0.8562500 0.0302083 0.0265625
4 0.6098958 0.2886719 0.0177083 0.0335937
4 0.5382813 0.5406250 0.0255208 0.0187500
1 0.5208333 0.4910156 0.0239583 0.0226562
4 0.6161458 0.2976563 0.0229167 0.0187500
0 0.7010417 0.3238281 0.0281250 0.0257812
5 0.4713542 0.7425781 0.0104167 0.0289063
1 0.4955729 0.7312500 0.0234375 0.0250000
8 0.7601562 0.6101562 0.0276042 0.0265625
7 0.5216146 0.1433594 0.0234375 0.0289063
7 0.3869792 0.4558594 0.0260417 0.0289063
11 0.6020833 0.3023438 0.0229167 0.0375000
7 0.6453125 0.3445313 0.0197917 0.0296875
11 0.3875000 0.3511719 0.0177083 0.0414062
9 0.6802083 0.0941406 0.0270833 0.0273438
10 0.4135417 0.2640625 0.0250000 0.0296875
7 0.3466146 0.7296875 0.0213542 0.0250000
10 0.5302083 0.2496094 0.0166667 0.0382813
9 0.5549479 0.4976563 0.0213542 0.0375000
9 0.3203125 0.6058594 0.0270833 0.0257812
10 0.5898438 0.6816406 0.0265625 0.0242188
7 0.7109375 0.6675781 0.0291667 0.0335937
6 0.6130208 0.4589844 0.0270833 0.0257812
7 0.5023437 0.5718750 0.0255208 0.0296875
9 0.5971354 0.6367188 0.0171875 0.0359375
6 0.4294271 0.6304688 0.0171875 0.0375000
