2 0.4338542 0.8523437 0.0333333 0.0250000
2 0.5843750 0.7050781 0.0333333 0.0242188
0 0.5177083 0.1875000 0.0281250 0.0437500
2 0.4158854 0.1675781 0.0171875 0.0195312
0 0.7036458 0.5210938 0.0322917 0.0218750
0 0.6015625 0.4617188 0.0260417 0.0234375
4 0.4500000 0.6835938 0.0208333 0.0500000
1 0.6549479 0.3402344 0.0234375 0.0273438
4 0.5963542 0.6144531 0.0322917 0.0226562
0 0.6085938 0.8464844 0.0265625 0.0320312
3 0.5578125 0.1757812 0.0291667 0.0375000
0 0.4036458 0.6449219 0.0281250 0.0382813
3 0.4356771 0.2187500 0.0161458 0.0375000
1 0.5513021 0.6109375 0.0161458 0.0437500
1 0.5989583 0.6140625 0.0166667 0.0515625
1 0.6791667 0.4261719 0.0312500 0.0257812
4 0.5377604 0.5546875 0.0307292 0.0171875
1 0.7200521 0.5691406 0.0223958 0.0273438
1 0.4466146 0.4632812 0.0182292 0.0406250
5 0.4622396 0.5320312 0.0171875 0.0437500
2 0.4908854 0.3726563 0.0276042 0.0296875
2 0.5072917 0.2625000 0.0239583 0.0343750
1 0.5617188 0.3613281 0.0338542 0.0242188
4 0.4138021 0.3050781 0.0171875 0.0242188
2 0.4359375 0.3699219 0.0281250 0.0226562
4 0.6622396 0.1488281 0.0328125 0.0210938
5 0.5367188 0.0910156 0.0223958 0.0320312
5 0.5130208 0.6300781 0.0322917 0.0226562
5 0.5161458 0.3117187 0.0260417 0.0421875
3 0.4395833 0.4636719 0.0239583 0.0257812
3 0.7013021 0.5519531 0.0328125 0.0273438
2 0.6705729 0.3261719 0.0276042 0.0351562
3 0.6929688 0.3898437 0.0192708 0.0265625
0 0.6299479 0.4039063 0.0182292 0.0468750
3 0.4697917 0.8269531 0.0302083 0.0304687
4 0.6265625 0.7765625 0.0281250 0.0218750
5 0.5903646 0.8484375 0.0244792 0.0296875
0 0.6393229 0.6128906 0.0307292 0.0210938
5 0.5234375 0.7757812 0.0177083 0.0421875
5 0.5005208 0.3574219 0.0177083 0.0429688
2 0.3507812 0.7738281 0.0140625 0.0273438
4 0.6546875 0.6285156 0.0156250 0.0445313
0 0.7544271 0.5867187 0.0307292 0.0203125
0 0.5804687 0.4402344 0.0307292 0.0226562
3 0.5200521 0.6367188 0.0307292 0.0328125
1 0.5044271 0.2011719 0.0151042 0.0242188
1 0.7286458 0.4855469 0.0156250 0.0445313
4 0.4153646 0.2886719 0.0286458 0.0195312
1 0.5986979 0.2433594 0.0140625 0.0242188
4 0.6927083 0.6292969 0.0312500 0.0210938
5 0.3622396 0.2425781 0.0317708 0.0304687
5 0.6440104 0.4398437 0.0255208 0.0265625
4 0.6757812 0.5234375 0.0276042 0.0375000
4 0.6958333 0.2304688 0.0218750 0.0437500
4 0.6479167 0.2769531 0.0312500 0.0257812
5 0.5750000 0.5753906 0.0291667 0.0210938
1 0.4848958 0.3019531 0.0177083 0.0460938
5 0.6575521 0.4687500 0.0161458 0.0343750
1 0.6406250 0.2085937 0.0156250 0.0265625
3 0.3382812 0.5296875 0.0348958 0.0265625
10 0.4572917 0.7410156 0.0187500 0.0429688
8 0.7171875 0.7703125 0.0312500 0.0328125
6 0.4041667 0.4195313 0.0197917 0.0468750
11 0.6554688 0.3863281 0.0296875 0.0445313
