0 0.6927083 0.7296875 0.0145833 0.0437500
1 0.6960937 0.3218750 0.0286458 0.0234375
3 0.5963542 0.3214844 0.0239583 0.0195312
3 0.4075521 0.4468750 0.0213542 0.0328125
0 0.4802083 0.4656250 0.0208333 0.0296875
3 0.7018229 0.3507812 0.0276042 0.0218750
5 0.3190104 0.5171875 0.0286458 0.0281250
2 0.6369792 0.3742187 0.0145833 0.0359375
3 0.4093750 0.3328125 0.0197917 0.0328125
7 0.6046875 0.6003906 0.0281250 0.0273438
10 0.3486979 0.0976562 0.0171875 0.0406250
10 0.3541667 0.3937500 0.0250000 0.0234375
10 0.4619792 0.2464844 0.0166667 0.0335937
11 0.6825521 0.3574219 0.0192708 0.0398437
7 0.3132813 0.7121094 0.0234375 0.0320312
6 0.6541667 0.4914062 0.0270833 0.0328125
10 0.3692708 0.5968750 0.0291667 0.0328125
9 0.3260417 0.2699219 0.0281250 0.0289063
6 0.6263021 0.6476563 0.0192708 0.0265625
6 0.5447917 0.5992188 0.0250000 0.0421875
8 0.5398437 0.2640625 0.0296875 0.0359375
11 0.3421875 0.4144531 0.0260417 0.0320312
9 0.4510417 0.2015625 0.0197917 0.0343750
9 0.7192708 0.2761719 0.0281250 0.0273438
7 0.6229167 0.7089844 0.0281250 0.0289063
