5 0.6856771 0.4078125 0.0203125 0.0359375
3 0.6046875 0.5863281 0.0385417 0.0304687
4 0.4276042 0.4433594 0.0322917 0.0257812
4 0.3588542 0.3046875 0.0375000 0.0296875
5 0.6247396 0.4335938 0.0328125 0.0406250
1 0.6601562 0.6945313 0.0171875 0.0406250
0 0.4320312 0.8226562 0.0307292 0.0281250
4 0.4591146 0.8570313 0.0286458 0.0406250
0 0.4908854 0.4820313 0.0359375 0.0265625
2 0.5138021 0.5648437 0.0359375 0.0406250
5 0.6140625 0.4796875 0.0239583 0.0390625
0 0.5078125 0.4949219 0.0333333 0.0242188
3 0.5088542 0.5988281 0.0239583 0.0304687
5 0.4177083 0.3867188 0.0239583 0.0546875
3 0.2984375 0.7839844 0.0135417 0.0382813
1 0.6075521 0.1410156 0.0338542 0.0289063
4 0.6617188 0.5863281 0.0317708 0.0398437
1 0.2968750 0.4820313 0.0375000 0.0328125
3 0.3377604 0.7925781 0.0182292 0.0523438
1 0.3755208 0.8460937 0.0364583 0.0281250
2 0.5421875 0.1804688 0.0239583 0.0390625
4 0.4768229 0.2980469 0.0203125 0.0320312
5 0.5322917 0.5433594 0.0239583 0.0585938
0 0.6333333 0.3421875 0.0302083 0.0343750
2 0.3408854 0.3156250 0.0276042 0.0406250
4 0.3380208 0.7042969 0.0364583 0.0257812
4 0.6955729 0.5906250 0.0151042 0.0281250
3 0.3250000 0.5941406 0.0135417 0.0460938
2 0.3250000 0.2558594 0.0322917 0.0445313
1 0.4403646 0.6554688 0.0182292 0.0437500
5 0.4343750 0.8562500 0.0208333 0.0453125
2 0.5835938 0.8148437 0.0359375 0.0250000
1 0.5497396 0.6964844 0.0359375 0.0242188
5 0.6580729 0.7777344 0.0338542 0.0242188
5 0.5304688 0.3292969 0.0192708 0.0445313
5 0.4809896 0.2371094 0.0203125 0.0398437
4 0.3734375 0.1753906 0.0156250 0.0226562
4 0.3424479 0.0988281 0.0359375 0.0320312
2 0.5322917 0.3718750 0.0302083 0.0265625
0 0.5757813 0.6726562 0.0296875 0.0296875
1 0.3757813 0.2863281 0.0244792 0.0414062
1 0.5528646 0.7679687 0.0390625 0.0296875
1 0.7005208 0.3285156 0.0343750 0.0242188
0 0.4119792 0.3242188 0.0260417 0.0484375
2 0.4203125 0.4750000 0.0197917 0.0296875
0 0.4786458 0.2636719 0.0187500 0.0554687
5 0.6270833 0.6238281 0.0354167 0.0257812
4 0.5184896 0.2488281 0.0359375 0.0242188
3 0.6914062 0.2488281 0.0307292 0.0257812
3 0.2549479 0.3207031 0.0286458 0.0320312
3 0.6244792 0.3480469 0.0333333 0.0242188
3 0.3539062 0.3746094 0.0151042 0.0382813
3 0.3416667 0.7363281 0.0312500 0.0289063
4 0.3674479 0.5679688 0.0255208 0.0390625
1 0.4085937 0.4167969 0.0348958 0.0273438
5 0.4437500 0.5425781 0.0260417 0.0492187
1 0.7075521 0.4507813 0.0359375 0.0218750
0 0.6132812 0.8109375 0.0328125 0.0218750
4 0.7338542 0.6644531 0.0312500 0.0273438
3 0.5765625 0.5492187 0.0177083 0.0406250
5 0.4013021 0.6558594 0.0151042 0.0414062
0 0.3729167 0.6851563 0.0281250 0.0468750
2 0.5453125 0.4378906 0.0135417 0.0226562
4 0.5625000 0.3226562 0.0145833 0.0328125
2 0.6166667 0.2855469 0.0333333 0.0242188
5 0.4093750 0.3628906 0.0312500 0.0304687
3 0.6231771 0.4343750 0.0151042 0.0296875
1 0.6083333 0.2328125 0.0208333 0.0265625
1 0.3690104 0.5359375 0.0276042 0.0375000
4 0.4861979 0.5578125 0.0192708 0.0265625
2 0.4255208 0.4675781 0.0270833 0.0289063
2 0.5059896 0.5003906 0.0390625 0.0242188
3 0.5132813 0.6980469 0.0192708 0.0304687
0 0.5473958 0.3894531 0.0197917 0.0476562
0 0.4395833 0.2921875 0.0333333 0.0343750
3 0.2307292 0.2281250 0.0375000 0.0343750
3 0.4174479 0.0847656 0.0255208 0.0507812
4 0.5260417 0.3820312 0.0312500 0.0265625
6 0.2914062 0.5722656 0.0213542 0.0320312
8 0.2744792 0.4000000 0.0281250 0.0328125
9 0.4190104 0.3601563 0.0265625 0.0343750
9 0.6125000 0.2722656 0.0322917 0.0335937
9 0.4585938 0.2921875 0.0276042 0.0500000
9 0.3434896 0.6460938 0.0244792 0.0484375
8 0.5127604 0.5316406 0.0338542 0.0414062
