5 0.5302083 0.4812500 0.0250000 0.0406250
5 0.5070313 0.7261719 0.0244792 0.0273438
1 0.5398437 0.4656250 0.0286458 0.0359375
4 0.5473958 0.3179688 0.0145833 0.0328125
2 0.3851562 0.3109375 0.0255208 0.0375000
0 0.6625000 0.2050781 0.0406250 0.0445313
5 0.6653646 0.7089844 0.0265625 0.0320312
2 0.4828125 0.5703125 0.0187500 0.0562500
2 0.5320312 0.2253906 0.0348958 0.0476562
2 0.5148438 0.6554688 0.0328125 0.0484375
4 0.3921875 0.6132812 0.0239583 0.0359375
1 0.6276042 0.1210938 0.0406250 0.0312500
1 0.6250000 0.5937500 0.0302083 0.0546875
2 0.5187500 0.5394531 0.0291667 0.0257812
2 0.5604167 0.8378906 0.0385417 0.0367188
3 0.5463542 0.3363281 0.0416667 0.0351562
5 0.3921875 0.6808594 0.0375000 0.0414062
0 0.5166667 0.2164062 0.0333333 0.0296875
3 0.5041667 0.6183594 0.0291667 0.0320312
0 0.3973958 0.5582031 0.0250000 0.0335937
1 0.5247396 0.1792969 0.0234375 0.0632812
3 0.3171875 0.4523437 0.0354167 0.0437500
5 0.4463542 0.7113281 0.0333333 0.0460938
1 0.7151042 0.2949219 0.0375000 0.0289063
1 0.7244792 0.5351562 0.0395833 0.0375000
2 0.4408854 0.2238281 0.0328125 0.0414062
3 0.6145833 0.6042969 0.0208333 0.0585938
3 0.3164062 0.7898437 0.0359375 0.0265625
2 0.6140625 0.3187500 0.0364583 0.0265625
2 0.4549479 0.5093750 0.0348958 0.0390625
8 0.4841146 0.7679687 0.0359375 0.0531250
6 0.6364583 0.4300781 0.0354167 0.0476562
11 0.5986979 0.3027344 0.0338542 0.0367188
