2 0.3789062 0.2800781 0.0505208 0.1867187
5 0.7898437 0.4363281 0.1390625 0.1085938
0 0.4958333 0.7394531 0.0677083 0.1632812
4 0.6567708 0.4531250 0.0989583 0.0859375
4 0.5664062 0.1449219 0.0869792 0.1695312
2 0.4018229 0.7769531 0.0619792 0.1679688
0 0.4015625 0.2097656 0.0802083 0.1445312
4 0.5096354 0.5878906 0.0984375 0.0820312
5 0.2804687 0.8933594 0.1286458 0.1101562
1 0.5692708 0.3101563 0.0864583 0.0859375
1 0.7859375 0.5558594 0.1281250 0.0945312
3 0.5247396 0.7910156 0.0598958 0.0867187
2 0.5111979 0.3871094 0.1328125 0.1117188
1 0.4164062 0.2011719 0.0723958 0.1070312
0 0.3661458 0.5156250 0.1260417 0.0781250
0 0.5770833 0.2824219 0.0614583 0.1601562
5 0.5546875 0.3667969 0.1104167 0.0773438
2 0.4786458 0.0308594 0.0718750 0.0617188
2 0.5020833 0.3613281 0.1156250 0.0804688
3 0.7544271 0.5695313 0.0921875 0.1671875
2 0.6611979 0.6234375 0.1338542 0.0906250
4 0.5653646 0.3367188 0.1213542 0.1546875
4 0.6606771 0.4125000 0.0536458 0.1500000
0 0.6075521 0.0929688 0.0515625 0.1750000
0 0.5450521 0.2316406 0.1130208 0.0710937
3 0.5041667 0.4957031 0.0760417 0.0945312
0 0.6408854 0.2839844 0.0932292 0.1664063
2 0.4299479 0.4781250 0.1109375 0.1015625
3 0.3609375 0.4960938 0.1062500 0.1187500
4 0.6359375 0.6328125 0.1197917 0.0843750
3 0.6429687 0.3109375 0.0828125 0.0968750
5 0.7494792 0.6558594 0.1020833 0.0867187
2 0.4020833 0.3507812 0.1125000 0.1218750
3 0.3747396 0.5777344 0.0598958 0.1445312
3 0.4658854 0.4031250 0.1203125 0.0781250
5 0.5567708 0.3253906 0.1145833 0.1054688
5 0.3278646 0.6042969 0.0661458 0.0820312
2 0.7841146 0.3066406 0.1130208 0.1007813
0 0.6145833 0.8792969 0.1083333 0.1101562
3 0.3807292 0.8343750 0.1166667 0.0984375
0 0.5773438 0.3625000 0.1192708 0.1046875
9 0.7315104 0.7562500 0.1140625 0.1609375
11 0.8135417 0.7187500 0.1291667 0.1578125
9 0.6158854 0.3597656 0.1161458 0.1679688
9 0.7171875 0.6738281 0.1208333 0.1554687
10 0.6484375 0.3890625 0.0729167 0.1640625
10 0.4171875 0.0843750 0.0895833 0.1687500
8 0.6669271 0.0960938 0.1182292 0.1453125
6 0.8059896 0.4792969 0.1140625 0.1664063
6 0.4101562 0.7628906 0.0963542 0.1539062
