2 0.5682292 0.2898438 0.0343750 0.0265625
2 0.3875000 0.4925781 0.0208333 0.0242188
3 0.6312500 0.1726563 0.0333333 0.0234375
0 0.5080729 0.4527344 0.0234375 0.0523438
1 0.5601563 0.7382812 0.0276042 0.0375000
4 0.5562500 0.6562500 0.0270833 0.0281250
0 0.4869792 0.5265625 0.0291667 0.0281250
3 0.4776042 0.2980469 0.0270833 0.0429688
2 0.7007813 0.2421875 0.0171875 0.0343750
5 0.6203125 0.5742188 0.0312500 0.0328125
4 0.6489583 0.6988281 0.0281250 0.0429688
1 0.2518229 0.2468750 0.0338542 0.0234375
0 0.5531250 0.4257812 0.0229167 0.0250000
5 0.4283854 0.2851562 0.0296875 0.0187500
4 0.6736979 0.8539062 0.0328125 0.0234375
0 0.6604167 0.6839844 0.0135417 0.0476562
3 0.6390625 0.8750000 0.0197917 0.0328125
2 0.6416667 0.4507813 0.0291667 0.0265625
1 0.4989583 0.3632812 0.0291667 0.0328125
0 0.5466146 0.8007812 0.0223958 0.0453125
2 0.3791667 0.2644531 0.0322917 0.0289063
3 0.4838542 0.2851562 0.0312500 0.0218750
2 0.6033854 0.3675781 0.0171875 0.0492187
0 0.5252604 0.3882813 0.0307292 0.0218750
0 0.4617188 0.5933594 0.0244792 0.0382813
2 0.4341146 0.3632812 0.0307292 0.0250000
1 0.5627604 0.3722656 0.0307292 0.0304687
2 0.4596354 0.7464844 0.0151042 0.0242188
4 0.4817708 0.4484375 0.0312500 0.0296875
4 0.6697917 0.5753906 0.0291667 0.0320312
3 0.6320313 0.3496094 0.0296875 0.0226562
0 0.5320312 0.6972656 0.0265625 0.0273438
5 0.4786458 0.7523437 0.0135417 0.0421875
1 0.5416667 0.9042969 0.0291667 0.0335937
11 0.4929688 0.6167969 0.0286458 0.0289063
6 0.7708333 0.6289062 0.0208333 0.0453125
9 0.3080729 0.6894531 0.0286458 0.0429688
7 0.5276042 0.1914062 0.0302083 0.0375000
7 0.4453125 0.6925781 0.0302083 0.0351562
10 0.6096354 0.6777344 0.0234375 0.0273438
11 0.5901042 0.4441406 0.0312500 0.0320312
11 0.7039062 0.2605469 0.0223958 0.0367188
6 0.7070312 0.4093750 0.0192708 0.0375000
8 0.7325521 0.5683594 0.0307292 0.0382813
9 0.5338542 0.7960938 0.0333333 0.0359375
6 0.5945312 0.6921875 0.0276042 0.0281250
11 0.6968750 0.4101562 0.0322917 0.0328125
9 0.3783854 0.3796875 0.0328125 0.0343750
