2 0.5768229 0.6847656 0.0515625 0.0445313
0 0.2960937 0.6300781 0.0453125 0.0335937
3 0.5044271 0.6578125 0.0463542 0.0296875
1 0.5007812 0.9269531 0.0380208 0.0414062
0 0.5684896 0.2824219 0.0369792 0.0570312
1 0.4562500 0.4195313 0.0395833 0.0406250
1 0.7046875 0.5531250 0.0510417 0.0375000
0 0.6815104 0.5203125 0.0526042 0.0359375
4 0.7156250 0.5925781 0.0208333 0.0695313
0 0.5117188 0.8175781 0.0255208 0.0398437
3 0.5294271 0.6058594 0.0494792 0.0335937
2 0.4976563 0.5089844 0.0317708 0.0648438
0 0.5541667 0.5582031 0.0427083 0.0460938
0 0.6382813 0.5382813 0.0255208 0.0453125
2 0.5690104 0.6339844 0.0307292 0.0429688
1 0.3843750 0.6890625 0.0364583 0.0437500
2 0.5841146 0.8039063 0.0411458 0.0531250
2 0.5364583 0.8281250 0.0437500 0.0593750
4 0.3911458 0.4898438 0.0520833 0.0296875
2 0.3583333 0.6140625 0.0239583 0.0375000
1 0.6411458 0.3800781 0.0218750 0.0695313
0 0.7828125 0.5363281 0.0291667 0.0398437
1 0.7421875 0.7312500 0.0395833 0.0312500
1 0.6588542 0.7175781 0.0458333 0.0398437
5 0.6549479 0.4746094 0.0484375 0.0382813
1 0.4367187 0.2824219 0.0442708 0.0414062
2 0.7648438 0.2871094 0.0453125 0.0414062
1 0.3468750 0.7539062 0.0260417 0.0359375
4 0.5583333 0.8238281 0.0468750 0.0335937
0 0.6036458 0.6761719 0.0416667 0.0460938
0 0.5309896 0.5613281 0.0317708 0.0570312
2 0.4268229 0.3972656 0.0359375 0.0382813
1 0.2794271 0.4171875 0.0484375 0.0343750
4 0.4861979 0.2535156 0.0432292 0.0585938
1 0.7242188 0.2347656 0.0505208 0.0351562
3 0.4546875 0.6777344 0.0427083 0.0601563
1 0.6088542 0.5195312 0.0510417 0.0421875
0 0.5309896 0.7027344 0.0307292 0.0492187
3 0.3804688 0.5500000 0.0286458 0.0406250
3 0.6809896 0.5851563 0.0317708 0.0578125
4 0.6958333 0.4832031 0.0468750 0.0304687
3 0.4122396 0.4812500 0.0192708 0.0453125
4 0.3484375 0.1265625 0.0447917 0.0500000
1 0.4710937 0.7113281 0.0255208 0.0367188
3 0.3921875 0.7425781 0.0291667 0.0367188
3 0.6208333 0.3343750 0.0468750 0.0312500
5 0.6361979 0.7707031 0.0296875 0.0351562
2 0.5156250 0.5121094 0.0385417 0.0523438
3 0.3802083 0.6726562 0.0437500 0.0375000
1 0.5580729 0.2562500 0.0244792 0.0593750
6 0.3851562 0.5078125 0.0411458 0.0484375
8 0.5778646 0.8882813 0.0463542 0.0500000
7 0.3552083 0.4167969 0.0416667 0.0398437
7 0.4851563 0.5652344 0.0328125 0.0414062
9 0.5442708 0.7472656 0.0447917 0.0507812
7 0.4653646 0.5039062 0.0369792 0.0390625
7 0.5234375 0.4898438 0.0281250 0.0421875
7 0.3572917 0.6972656 0.0447917 0.0414062
7 0.5695313 0.7484375 0.0390625 0.0562500
8 0.4947917 0.8386719 0.0406250 0.0601563
8 0.5713542 0.3753906 0.0447917 0.0523438
10 0.3049479 0.2812500 0.0411458 0.0406250
6 0.5398437 0.3460937 0.0453125 0.0453125
8 0.5445313 0.6828125 0.0411458 0.0734375
6 0.2778646 0.5781250 0.0484375 0.0468750
10 0.6361979 0.3808594 0.0411458 0.0429688
8 0.3520833 0.4757812 0.0447917 0.0484375
9 0.5585938 0.7769531 0.0432292 0.0585938
6 0.5390625 0.8460937 0.0322917 0.0718750
6 0.7039062 0.6558594 0.0442708 0.0429688
