5 0.5130208 0.5476562 0.0885417 0.1281250
3 0.5234375 0.0730469 0.1197917 0.1460937
5 0.6518229 0.4882812 0.1890625 0.1843750
2 0.3049479 0.6722656 0.1796875 0.1554687
0 0.6669271 0.5816406 0.1692708 0.1023437
2 0.6385417 0.3910156 0.1385417 0.1257813
1 0.6101562 0.4460938 0.0921875 0.2312500
5 0.3216146 0.2687500 0.1348958 0.1859375
5 0.7593750 0.3937500 0.1718750 0.1171875
5 0.5989583 0.5273438 0.1364583 0.1734375
7 0.3692708 0.4843750 0.1489583 0.1484375
11 0.6666667 0.4730469 0.1510417 0.2398437
9 0.7398438 0.5382813 0.1578125 0.1718750
7 0.5656250 0.1839844 0.1000000 0.2304688
9 0.5411458 0.0843750 0.1479167 0.1687500
10 0.6234375 0.3152344 0.1489583 0.1851562
7 0.5739583 0.6222656 0.1197917 0.2742188
7 0.6315104 0.6320313 0.0984375 0.1484375
6 0.2028646 0.3953125 0.0984375 0.1453125
10 0.3216146 0.6718750 0.0973958 0.1640625
8 0.6554688 0.4566406 0.1453125 0.1523438
6 0.3765625 0.6085938 0.1697917 0.2031250
