1 0.4679687 0.1476562 0.0526042 0.0375000
3 0.7236979 0.4949219 0.0588542 0.0492187
5 0.5562500 0.6359375 0.0489583 0.0375000
2 0.7567708 0.6351562 0.0531250 0.0390625
4 0.4953125 0.6261719 0.0302083 0.0757812
1 0.3565104 0.5375000 0.0484375 0.0578125
2 0.5309896 0.3410156 0.0588542 0.0445313
6 0.2973958 0.6828125 0.0468750 0.0453125
10 0.4937500 0.6433594 0.0468750 0.0523438
8 0.4697917 0.7218750 0.0416667 0.0734375
9 0.4257812 0.6382813 0.0484375 0.0750000
10 0.3132813 0.6511719 0.0546875 0.0539063
11 0.4351563 0.7199219 0.0536458 0.0632812
7 0.5000000 0.6761719 0.0364583 0.0695313
10 0.4554687 0.2894531 0.0328125 0.0773438
7 0.4018229 0.2847656 0.0546875 0.0789062
10 0.5984375 0.8925781 0.0541667 0.0523438
10 0.4919271 0.5718750 0.0463542 0.0531250
11 0.4752604 0.7914062 0.0421875 0.0734375
6 0.3919271 0.6218750 0.0484375 0.0593750
10 0.5549479 0.0531250 0.0411458 0.0796875
11 0.5695313 0.6027344 0.0463542 0.0445313
8 0.5192708 0.6863281 0.0531250 0.0539063
9 0.5565104 0.2023437 0.0515625 0.0515625
9 0.5557292 0.4031250 0.0531250 0.0515625
