0 0.5591146 0.3855469 0.0359375 0.0367188
2 0.2565104 0.7417969 0.0369792 0.0367188
3 0.5216146 0.6757812 0.0286458 0.0531250
3 0.6473958 0.4199219 0.0416667 0.0523438
4 0.4255208 0.5320312 0.0427083 0.0312500
3 0.5630208 0.6933594 0.0427083 0.0398437
3 0.5854167 0.8347656 0.0302083 0.0335937
0 0.3497396 0.5398437 0.0234375 0.0718750
4 0.7932292 0.3195312 0.0343750 0.0312500
4 0.5869792 0.7382812 0.0260417 0.0593750
4 0.5643229 0.6054688 0.0203125 0.0328125
0 0.7309896 0.5593750 0.0234375 0.0625000
1 0.7182292 0.5636719 0.0291667 0.0304687
5 0.5218750 0.5941406 0.0291667 0.0445313
0 0.6403646 0.5312500 0.0401042 0.0328125
0 0.5304688 0.5789062 0.0442708 0.0250000
1 0.4312500 0.7781250 0.0364583 0.0343750
2 0.2760417 0.5832031 0.0437500 0.0429688
2 0.7419271 0.4519531 0.0369792 0.0398437
1 0.3078125 0.5156250 0.0447917 0.0453125
0 0.6677083 0.4171875 0.0395833 0.0546875
9 0.4408854 0.6078125 0.0442708 0.0437500
10 0.6140625 0.6437500 0.0447917 0.0421875
8 0.5153646 0.6722656 0.0463542 0.0523438
