4 0.3723958 0.5164062 0.0145833 0.0156250
1 0.3083333 0.2214844 0.0250000 0.0195312
0 0.5132813 0.4542969 0.0151042 0.0320312
0 0.4106771 0.5179687 0.0130208 0.0343750
4 0.6773438 0.4621094 0.0244792 0.0164063
3 0.6906250 0.1718750 0.0125000 0.0390625
5 0.5059896 0.6601562 0.0130208 0.0187500
3 0.3416667 0.5140625 0.0197917 0.0265625
2 0.6828125 0.2085937 0.0239583 0.0156250
5 0.4578125 0.5160156 0.0177083 0.0179687
5 0.5947917 0.8804688 0.0229167 0.0281250
3 0.6544271 0.2316406 0.0244792 0.0210938
0 0.7072917 0.6785156 0.0270833 0.0195312
0 0.6039062 0.5808594 0.0244792 0.0210938
4 0.6796875 0.3292969 0.0114583 0.0257812
4 0.4023438 0.3160156 0.0255208 0.0179687
2 0.6953125 0.4886719 0.0239583 0.0210938
5 0.6031250 0.7191406 0.0145833 0.0242188
4 0.6286458 0.7851562 0.0250000 0.0171875
0 0.5815104 0.0843750 0.0151042 0.0187500
4 0.3312500 0.4519531 0.0166667 0.0320312
2 0.6143229 0.5472656 0.0182292 0.0382813
2 0.4388021 0.6765625 0.0223958 0.0265625
2 0.6919271 0.4433594 0.0171875 0.0367188
1 0.6111979 0.4671875 0.0244792 0.0171875
5 0.7078125 0.5632812 0.0239583 0.0312500
4 0.5296875 0.4691406 0.0229167 0.0148437
2 0.4015625 0.6558594 0.0166667 0.0226562
4 0.5651042 0.6093750 0.0250000 0.0187500
2 0.2911458 0.3492188 0.0260417 0.0218750
5 0.5697917 0.6851563 0.0197917 0.0312500
5 0.7528646 0.5859375 0.0203125 0.0265625
0 0.5776042 0.3773437 0.0104167 0.0281250
0 0.6273437 0.5085937 0.0223958 0.0187500
0 0.6697917 0.4453125 0.0239583 0.0281250
0 0.7177083 0.3769531 0.0166667 0.0335937
5 0.3328125 0.7558594 0.0187500 0.0335937
4 0.5835938 0.7019531 0.0203125 0.0273438
1 0.6864583 0.5445313 0.0239583 0.0140625
2 0.4044271 0.7863281 0.0130208 0.0195312
1 0.5125000 0.3695312 0.0166667 0.0234375
0 0.7380208 0.6167969 0.0260417 0.0226562
3 0.3658854 0.2937500 0.0255208 0.0250000
5 0.4841146 0.7574219 0.0182292 0.0335937
0 0.5718750 0.5300781 0.0114583 0.0195312
2 0.7265625 0.5917969 0.0250000 0.0179687
5 0.4273438 0.2253906 0.0244792 0.0195312
2 0.5138021 0.5648437 0.0192708 0.0359375
0 0.3713542 0.1472656 0.0135417 0.0367188
3 0.5861979 0.2898438 0.0171875 0.0250000
4 0.5294271 0.3187500 0.0171875 0.0171875
3 0.6632813 0.7410156 0.0109375 0.0210938
0 0.7083333 0.5320312 0.0218750 0.0250000
3 0.3320312 0.5960937 0.0255208 0.0171875
4 0.4174479 0.5109375 0.0130208 0.0343750
4 0.5960937 0.7519531 0.0255208 0.0179687
6 0.6645833 0.6660156 0.0145833 0.0320312
