0 0.6440104 0.6359375 0.0140625 0.0343750
0 0.6247396 0.3710938 0.0255208 0.0218750
2 0.6567708 0.2722656 0.0197917 0.0210938
0 0.4882812 0.2808594 0.0265625 0.0210938
5 0.4528646 0.4640625 0.0151042 0.0218750
5 0.7096354 0.4781250 0.0140625 0.0296875
2 0.6005208 0.5027344 0.0250000 0.0179687
4 0.6231771 0.6078125 0.0234375 0.0203125
1 0.4958333 0.2730469 0.0208333 0.0320312
0 0.6812500 0.6367188 0.0250000 0.0218750
1 0.5364583 0.1937500 0.0156250 0.0406250
3 0.7502604 0.2617188 0.0151042 0.0359375
1 0.5656250 0.3890625 0.0166667 0.0203125
1 0.6476563 0.6472656 0.0234375 0.0257812
1 0.4953125 0.5527344 0.0250000 0.0179687
1 0.4510417 0.4753906 0.0166667 0.0210938
5 0.5736979 0.6566406 0.0234375 0.0242188
2 0.2252604 0.3320312 0.0140625 0.0250000
3 0.3421875 0.4792969 0.0218750 0.0304687
5 0.5354167 0.7015625 0.0250000 0.0171875
4 0.5606771 0.1074219 0.0203125 0.0320312
5 0.6208333 0.6406250 0.0270833 0.0218750
3 0.5190104 0.5808594 0.0151042 0.0164063
0 0.6700521 0.7460938 0.0234375 0.0171875
4 0.6263021 0.1324219 0.0244792 0.0195312
2 0.5528646 0.3500000 0.0255208 0.0187500
1 0.5666667 0.4148438 0.0125000 0.0265625
3 0.4799479 0.6765625 0.0130208 0.0234375
5 0.5812500 0.6226563 0.0208333 0.0328125
1 0.5486979 0.9750000 0.0234375 0.0281250
1 0.6666667 0.2371094 0.0197917 0.0273438
5 0.5437500 0.5429688 0.0218750 0.0187500
2 0.4388021 0.6484375 0.0203125 0.0171875
3 0.2679687 0.6242188 0.0151042 0.0390625
4 0.5317708 0.2421875 0.0218750 0.0234375
2 0.5674479 0.6222656 0.0182292 0.0210938
3 0.4575521 0.3117187 0.0265625 0.0234375
5 0.5986979 0.2925781 0.0192708 0.0257812
2 0.6578125 0.3617187 0.0281250 0.0218750
0 0.4971354 0.4609375 0.0255208 0.0218750
5 0.4401042 0.6660156 0.0208333 0.0304687
1 0.5335937 0.6996094 0.0265625 0.0210938
3 0.5299479 0.2832031 0.0151042 0.0179687
5 0.5760417 0.2449219 0.0250000 0.0179687
2 0.5669271 0.7992187 0.0223958 0.0218750
0 0.5734375 0.4574219 0.0135417 0.0210938
0 0.5320312 0.9167969 0.0265625 0.0242188
2 0.6710938 0.2914062 0.0151042 0.0359375
5 0.5190104 0.7898437 0.0223958 0.0156250
0 0.4510417 0.5347656 0.0281250 0.0289063
3 0.3502604 0.3742187 0.0265625 0.0171875
2 0.3869792 0.8496094 0.0156250 0.0414062
4 0.3815104 0.5812500 0.0182292 0.0312500
2 0.6130208 0.1792969 0.0156250 0.0367188
4 0.5622396 0.4867187 0.0192708 0.0171875
0 0.5304688 0.6578125 0.0234375 0.0234375
2 0.4916667 0.5613281 0.0218750 0.0257812
5 0.7190104 0.5554687 0.0276042 0.0234375
5 0.4111979 0.6238281 0.0171875 0.0195312
5 0.2278646 0.3386719 0.0296875 0.0210938
1 0.7148438 0.4339844 0.0182292 0.0257812
5 0.4153646 0.2875000 0.0130208 0.0312500
3 0.3739583 0.2816406 0.0177083 0.0273438
1 0.5138021 0.7019531 0.0234375 0.0195312
1 0.4440104 0.1914062 0.0244792 0.0187500
4 0.3062500 0.8523437 0.0145833 0.0343750
5 0.2916667 0.4664063 0.0187500 0.0265625
1 0.3408854 0.6093750 0.0276042 0.0171875
5 0.4565104 0.3972656 0.0296875 0.0195312
10 0.6304688 0.8582031 0.0234375 0.0226562
6 0.6861979 0.4019531 0.0244792 0.0304687
11 0.7781250 0.3800781 0.0250000 0.0257812
11 0.7000000 0.3316406 0.0239583 0.0289063
8 0.3973958 0.2816406 0.0270833 0.0351562
6 0.6346354 0.4878906 0.0255208 0.0320312
8 0.4072917 0.2929688 0.0250000 0.0250000
10 0.5216146 0.6742187 0.0182292 0.0406250
10 0.5554687 0.2171875 0.0244792 0.0234375
7 0.4942708 0.4691406 0.0229167 0.0226562
6 0.6609375 0.4570312 0.0239583 0.0234375
9 0.4471354 0.7394531 0.0151042 0.0351562
11 0.5049479 0.3417969 0.0213542 0.0382813
6 0.5166667 0.6660156 0.0177083 0.0320312
7 0.6921875 0.7566406 0.0239583 0.0242188
