2 0.4367187 0.4957031 0.1244792 0.0726563
4 0.5937500 0.7140625 0.0760417 0.1562500
11 0.3804688 0.7910156 0.1026042 0.1851562
8 0.6270833 0.6429687 0.1114583 0.1343750
9 0.3562500 0.6781250 0.0875000 0.1406250
11 0.6059896 0.8554688 0.1338542 0.1281250
10 0.6625000 0.3656250 0.1156250 0.1703125
11 0.3734375 0.8132812 0.1218750 0.1390625
11 0.4200521 0.4171875 0.0723958 0.1687500
10 0.6598958 0.6199219 0.0781250 0.1617187
6 0.6299479 0.9132813 0.1307292 0.1718750
8 0.4848958 0.5210938 0.0958333 0.1468750
9 0.3122396 0.5949219 0.1223958 0.1648438
8 0.7148438 0.2699219 0.1203125 0.1179687
6 0.5945312 0.8640625 0.1203125 0.1296875
8 0.7177083 0.2453125 0.0781250 0.1828125
11 0.4760417 0.7199219 0.0843750 0.1273438
