1 0.5148438 0.6121094 0.0151042 0.0242188
3 0.5427083 0.4027344 0.0197917 0.0195312
4 0.6601562 0.8605469 0.0286458 0.0273438
2 0.4674479 0.2886719 0.0234375 0.0195312
0 0.4067708 0.5039062 0.0145833 0.0265625
2 0.4002604 0.2167969 0.0296875 0.0242188
2 0.4257812 0.6562500 0.0161458 0.0234375
5 0.5388021 0.7027344 0.0140625 0.0445313
3 0.3966146 0.3113281 0.0276042 0.0273438
0 0.4289062 0.6429687 0.0203125 0.0250000
3 0.3283854 0.4449219 0.0171875 0.0304687
2 0.5145833 0.4980469 0.0260417 0.0335937
2 0.3557292 0.5871094 0.0260417 0.0351562
0 0.3497396 0.2132813 0.0244792 0.0250000
0 0.6968750 0.3937500 0.0291667 0.0265625
2 0.4419271 0.4554687 0.0171875 0.0265625
1 0.7054687 0.6308594 0.0286458 0.0210938
4 0.4664063 0.1605469 0.0276042 0.0210938
0 0.5221354 0.7062500 0.0276042 0.0156250
5 0.4338542 0.4082031 0.0197917 0.0257812
0 0.5596354 0.2988281 0.0151042 0.0414062
4 0.7096354 0.5289063 0.0276042 0.0234375
1 0.4898438 0.1613281 0.0234375 0.0398437
3 0.4989583 0.5742188 0.0145833 0.0234375
5 0.3898437 0.6058594 0.0286458 0.0242188
1 0.6291667 0.4175781 0.0281250 0.0179687
2 0.5309896 0.5550781 0.0328125 0.0242188
0 0.4552083 0.7367187 0.0208333 0.0265625
6 0.3018229 0.5207031 0.0255208 0.0382813
7 0.4736979 0.4437500 0.0223958 0.0421875
6 0.6085938 0.3679688 0.0276042 0.0281250
7 0.6312500 0.3183594 0.0197917 0.0257812
7 0.7106771 0.2144531 0.0223958 0.0304687
7 0.6291667 0.3882813 0.0302083 0.0328125
9 0.5734375 0.1957031 0.0197917 0.0460938
10 0.4606771 0.3949219 0.0286458 0.0304687
9 0.6942708 0.2246094 0.0291667 0.0289063
9 0.6156250 0.3601563 0.0239583 0.0343750
