1 0.5356771 0.4367187 0.1088542 0.1125000
5 0.6445312 0.1253906 0.0807292 0.1914062
0 0.7398438 0.3492188 0.1234375 0.0859375
4 0.7500000 0.2105469 0.1354167 0.0679687
1 0.3848958 0.0992187 0.0677083 0.1984375
5 0.5776042 0.5191406 0.0916667 0.0945312
0 0.6559896 0.4730469 0.1369792 0.1257813
1 0.6234375 0.3722656 0.0770833 0.1929687
0 0.7122396 0.6460938 0.1307292 0.1531250
4 0.2184896 0.3535156 0.1296875 0.1117188
1 0.4552083 0.3878906 0.1322917 0.1101562
3 0.3593750 0.4648438 0.0854167 0.1781250
4 0.4062500 0.6796875 0.1312500 0.1171875
0 0.5333333 0.3968750 0.1322917 0.0953125
1 0.2554688 0.6746094 0.0619792 0.1835938
0 0.3317708 0.3351562 0.1343750 0.0937500
4 0.6088542 0.2863281 0.0750000 0.1304687
3 0.5468750 0.8406250 0.0916667 0.1718750
1 0.5817708 0.5902344 0.1145833 0.1007813
5 0.5546875 0.2929688 0.1375000 0.0812500
5 0.6575521 0.5335937 0.1005208 0.0875000
2 0.1984375 0.4390625 0.1437500 0.1062500
3 0.5195312 0.3968750 0.1067708 0.1171875
5 0.5018229 0.0531250 0.0817708 0.1062500
2 0.4932292 0.0609375 0.0739583 0.1218750
0 0.4161458 0.3574219 0.1343750 0.0914062
5 0.4276042 0.3062500 0.1291667 0.1078125
2 0.5643229 0.4828125 0.1244792 0.1484375
5 0.2898438 0.7878906 0.0713542 0.1679688
3 0.4260417 0.7351562 0.0677083 0.0687500
1 0.5567708 0.1070312 0.1072917 0.1265625
0 0.2802083 0.3574219 0.1270833 0.1085938
3 0.6255208 0.4335938 0.1072917 0.1062500
2 0.7911458 0.3289063 0.1072917 0.1437500
4 0.5109375 0.8195313 0.0812500 0.1984375
2 0.4252604 0.7347656 0.1223958 0.1195313
3 0.3632812 0.2910156 0.1328125 0.1117188
1 0.7593750 0.5484375 0.0739583 0.1281250
1 0.7325521 0.4371094 0.1276042 0.0945312
0 0.5697917 0.9414062 0.0854167 0.1156250
4 0.7755208 0.7390625 0.0666667 0.0984375
4 0.6802083 0.2812500 0.1156250 0.1140625
5 0.5640625 0.5343750 0.1187500 0.0859375
0 0.5085937 0.2144531 0.1098958 0.1039063
3 0.6742187 0.5398437 0.1244792 0.0984375
2 0.4710937 0.4253906 0.1088542 0.1132812
5 0.6723958 0.6003906 0.0750000 0.0882813
2 0.7156250 0.6910156 0.1354167 0.0742188
4 0.4927083 0.5140625 0.0937500 0.1359375
1 0.2890625 0.4335938 0.1239583 0.0828125
5 0.3255208 0.5734375 0.0718750 0.1500000
2 0.3341146 0.7144531 0.1296875 0.1289062
3 0.6424479 0.8347656 0.0880208 0.2054688
0 0.3627604 0.4296875 0.1088542 0.1468750
1 0.5416667 0.5878906 0.0635417 0.1617187
5 0.1966146 0.2085937 0.0755208 0.1078125
3 0.5752604 0.6722656 0.0921875 0.0929688
7 0.5520833 0.1863281 0.0958333 0.1695312
9 0.3210938 0.6402344 0.1140625 0.1273438
7 0.7442708 0.5003906 0.1114583 0.1117188
8 0.2093750 0.2269531 0.1041667 0.1414063
