3 0.4372396 0.3609375 0.1390625 0.1500000
3 0.5627604 0.9890625 0.0390625 0.0203125
0 0.5677083 0.3851562 0.0708333 0.1562500
2 0.2151042 0.2156250 0.0864583 0.2468750
10 0.7348958 0.4917969 0.1552083 0.1851562
8 0.1648438 0.4597656 0.1453125 0.1414063
11 0.2635417 0.3667969 0.1177083 0.2210938
8 0.6372396 0.7492188 0.0932292 0.1796875
8 0.8239583 0.4335938 0.1458333 0.1875000
10 0.6432292 0.5457031 0.0843750 0.1914062
11 0.7083333 0.4820313 0.1177083 0.2046875
8 0.4148438 0.8363281 0.1401042 0.2195313
11 0.3960938 0.6539063 0.1473958 0.1765625
10 0.2518229 0.2683594 0.0973958 0.2273438
9 0.6851563 0.3800781 0.1442708 0.1414063
9 0.4981771 0.4757812 0.1109375 0.1578125
7 0.6622396 0.7453125 0.0869792 0.2078125
11 0.3841146 0.5937500 0.1057292 0.1281250
8 0.3588542 0.4390625 0.1510417 0.1859375
9 0.6106771 0.6847656 0.1276042 0.1257813
8 0.2445313 0.5281250 0.1442708 0.1406250
