4 0.6575521 0.2406250 0.0265625 0.0156250
5 0.5617188 0.5242187 0.0151042 0.0312500
0 0.4609375 0.5183594 0.0187500 0.0257812
0 0.5648437 0.5601563 0.0203125 0.0265625
5 0.4968750 0.2968750 0.0125000 0.0359375
5 0.5046875 0.5617188 0.0125000 0.0328125
4 0.5140625 0.3804688 0.0125000 0.0296875
1 0.4903646 0.7187500 0.0109375 0.0312500
3 0.7169271 0.5207031 0.0255208 0.0257812
0 0.3843750 0.3070312 0.0166667 0.0375000
0 0.6015625 0.2171875 0.0135417 0.0406250
0 0.3869792 0.3703125 0.0135417 0.0296875
3 0.7302083 0.5398437 0.0250000 0.0218750
4 0.3794271 0.6824219 0.0130208 0.0210938
4 0.5825521 0.4191406 0.0161458 0.0257812
0 0.3830729 0.2914062 0.0203125 0.0281250
4 0.4976563 0.0144531 0.0192708 0.0289063
1 0.6471354 0.6500000 0.0192708 0.0281250
2 0.4710937 0.2261719 0.0182292 0.0351562
2 0.4716146 0.4121094 0.0192708 0.0289063
4 0.4958333 0.3539062 0.0135417 0.0312500
2 0.5192708 0.6609375 0.0197917 0.0218750
0 0.6054688 0.6304688 0.0265625 0.0203125
4 0.3984375 0.3859375 0.0145833 0.0296875
2 0.5796875 0.5757813 0.0156250 0.0250000
5 0.4143229 0.3214844 0.0161458 0.0367188
2 0.5372396 0.3988281 0.0255208 0.0210938
2 0.4510417 0.2945313 0.0177083 0.0343750
1 0.4401042 0.2777344 0.0135417 0.0179687
4 0.4111979 0.4972656 0.0265625 0.0210938
3 0.5643229 0.1828125 0.0171875 0.0343750
1 0.6351562 0.1671875 0.0151042 0.0234375
3 0.3593750 0.3554688 0.0239583 0.0203125
5 0.5921875 0.6316406 0.0239583 0.0164063
0 0.5807292 0.7191406 0.0104167 0.0195312
2 0.3109375 0.6031250 0.0250000 0.0171875
5 0.3914063 0.7203125 0.0161458 0.0250000
3 0.4994792 0.3929687 0.0229167 0.0171875
3 0.3492188 0.2980469 0.0255208 0.0179687
2 0.7609375 0.2730469 0.0250000 0.0226562
4 0.6304688 0.2351563 0.0265625 0.0218750
5 0.6825521 0.4355469 0.0151042 0.0289063
0 0.6890625 0.4281250 0.0270833 0.0203125
4 0.5809896 0.5031250 0.0255208 0.0203125
1 0.6390625 0.7855469 0.0125000 0.0351562
1 0.6833333 0.4031250 0.0114583 0.0203125
1 0.4786458 0.9144531 0.0250000 0.0195312
1 0.5447917 0.1328125 0.0250000 0.0187500
2 0.3299479 0.3675781 0.0234375 0.0195312
2 0.4000000 0.7386719 0.0229167 0.0179687
0 0.6000000 0.4671875 0.0166667 0.0187500
5 0.5177083 0.3710938 0.0239583 0.0187500
3 0.7484375 0.5796875 0.0197917 0.0343750
11 0.4854167 0.6558594 0.0260417 0.0257812
8 0.4578125 0.6367188 0.0156250 0.0328125
10 0.7401042 0.5824219 0.0229167 0.0257812
7 0.6091146 0.3804688 0.0203125 0.0218750
11 0.7617188 0.6769531 0.0171875 0.0289063
8 0.7927083 0.2828125 0.0187500 0.0359375
9 0.6416667 0.8800781 0.0250000 0.0320312
6 0.5593750 0.2980469 0.0260417 0.0242188
6 0.4351563 0.8550781 0.0161458 0.0289063
10 0.6817708 0.4937500 0.0177083 0.0343750
10 0.5000000 0.8109375 0.0239583 0.0343750
6 0.4135417 0.8421875 0.0239583 0.0234375
8 0.3768229 0.6804687 0.0213542 0.0296875
10 0.4950521 0.8773437 0.0244792 0.0312500
11 0.5119792 0.6316406 0.0229167 0.0226562
