2 0.2796875 0.4242187 0.0979167 0.1078125
3 0.4627604 0.6566406 0.0651042 0.1117188
5 0.4375000 0.4585938 0.1406250 0.1296875
5 0.3921875 0.5812500 0.0947917 0.1906250
1 0.7192708 0.6359375 0.1604167 0.1125000
2 0.5382813 0.7808594 0.1223958 0.1179687
5 0.7236979 0.7019531 0.1473958 0.1085938
0 0.7458333 0.7484375 0.1322917 0.0984375
5 0.4541667 0.7156250 0.1583333 0.1046875
5 0.4937500 0.9570312 0.1145833 0.0843750
1 0.6572917 0.4710937 0.0666667 0.1015625
5 0.5640625 0.1328125 0.1270833 0.1296875
5 0.3242188 0.1558594 0.0692708 0.2195313
1 0.6919271 0.8792969 0.1380208 0.0898438
3 0.4351563 0.8324219 0.1432292 0.1039063
4 0.3906250 0.6507812 0.1406250 0.1031250
4 0.3289063 0.5164062 0.0880208 0.1953125
5 0.3013021 0.7292969 0.1005208 0.1445312
4 0.3138021 0.5617188 0.1005208 0.1015625
1 0.4557292 0.4425781 0.0645833 0.1382812
1 0.3328125 0.5253906 0.0718750 0.1601562
2 0.6143229 0.7734375 0.1505208 0.1218750
0 0.3294271 0.2796875 0.1609375 0.1125000
3 0.6330729 0.3210938 0.1088542 0.1265625
2 0.3729167 0.4082031 0.1343750 0.1007813
1 0.5052083 0.5863281 0.0625000 0.1164063
1 0.5986979 0.4699219 0.1401042 0.0914062
0 0.5049479 0.1097656 0.0953125 0.2195313
5 0.3268229 0.7910156 0.1026042 0.1429688
4 0.7247396 0.4835937 0.1046875 0.1421875
1 0.5643229 0.1175781 0.0942708 0.1992188
5 0.5747396 0.6058594 0.1338542 0.1179687
3 0.2708333 0.3164062 0.1145833 0.1187500
0 0.7268229 0.3859375 0.1328125 0.1265625
3 0.6684896 0.8277344 0.1380208 0.1585938
1 0.6216146 0.6851563 0.0640625 0.0984375
5 0.6768229 0.7390625 0.1463542 0.1328125
0 0.4148438 0.4687500 0.1578125 0.1218750
3 0.5539063 0.5703125 0.0651042 0.0937500
3 0.6757812 0.5562500 0.1296875 0.1453125
4 0.4026042 0.6648437 0.1364583 0.1093750
2 0.6778646 0.3687500 0.1244792 0.1390625
0 0.5591146 0.3960938 0.0828125 0.1578125
2 0.4687500 0.9312500 0.0875000 0.1359375
3 0.6731771 0.4421875 0.1411458 0.1171875
3 0.6565104 0.2816406 0.0984375 0.1554687
2 0.7994792 0.5980469 0.1312500 0.1523438
4 0.3854167 0.1558594 0.1510417 0.1257813
3 0.5148438 0.7695312 0.1463542 0.1046875
0 0.3070312 0.5382813 0.1317708 0.0906250
5 0.6078125 0.4824219 0.1531250 0.1148437
4 0.4822917 0.5863281 0.0916667 0.1632812
5 0.4523437 0.2941406 0.1005208 0.1898438
7 0.4817708 0.2167969 0.0937500 0.1976563
11 0.6067708 0.8238281 0.0989583 0.1976563
10 0.5190104 0.1375000 0.1380208 0.2046875
7 0.6661458 0.5292969 0.1229167 0.1945312
8 0.5593750 0.8781250 0.0875000 0.2062500
7 0.2611979 0.4687500 0.1463542 0.1750000
11 0.4890625 0.6875000 0.1010417 0.2093750
10 0.2200521 0.8238281 0.1359375 0.1304687
6 0.5445313 0.4164062 0.1484375 0.1421875
7 0.4416667 0.9078125 0.1479167 0.1578125
9 0.6627604 0.4367187 0.1463542 0.1781250
8 0.6583333 0.8546875 0.1281250 0.1312500
11 0.5789062 0.2316406 0.0921875 0.1882813
