2 0.5390625 0.7597656 0.0302083 0.0585938
11 0.6817708 0.6714844 0.0375000 0.0867187
8 0.5791667 0.4300781 0.0479167 0.0726563
10 0.7315104 0.4109375 0.0494792 0.0687500
8 0.6020833 0.1273438 0.0520833 0.0593750
9 0.8036458 0.5992188 0.0437500 0.0750000
11 0.6221354 0.4007812 0.0484375 0.0562500
11 0.4687500 0.9511719 0.0364583 0.0773438
11 0.5231771 0.2589844 0.0442708 0.0757812
10 0.3242188 0.8425781 0.0526042 0.0523438
8 0.5708333 0.2632813 0.0479167 0.0765625
8 0.5526042 0.8492188 0.0479167 0.0671875
11 0.4544271 0.7699219 0.0421875 0.0460938
11 0.2156250 0.6757812 0.0541667 0.0531250
