3 0.6872396 0.5164062 0.1078125 0.1328125
3 0.5515625 0.2316406 0.0958333 0.1210938
1 0.7028646 0.5636719 0.1182292 0.0929688
0 0.6260417 0.7019531 0.1270833 0.0804688
1 0.5598958 0.6101562 0.0979167 0.1390625
4 0.4885417 0.5542969 0.0666667 0.1648438
5 0.6208333 0.3894531 0.1197917 0.1476562
0 0.7533854 0.5480469 0.1494792 0.0960938
2 0.3682292 0.7945313 0.0750000 0.1828125
3 0.4677083 0.6023437 0.0916667 0.1203125
5 0.7132812 0.8105469 0.1255208 0.1007813
5 0.4312500 0.3878906 0.1395833 0.0992187
0 0.5760417 0.8269531 0.1177083 0.1117188
5 0.6541667 0.3457031 0.0729167 0.1960938
5 0.3039062 0.5750000 0.1484375 0.0937500
0 0.5013021 0.7296875 0.0755208 0.1984375
3 0.6820312 0.6414062 0.1203125 0.0765625
4 0.4822917 0.0769531 0.0614583 0.1539062
5 0.4213542 0.4382813 0.1197917 0.1296875
5 0.2601562 0.5710937 0.1442708 0.1031250
3 0.8052083 0.3917969 0.1145833 0.1117188
2 0.4966146 0.6679688 0.0619792 0.1359375
3 0.3773437 0.4328125 0.1401042 0.0984375
4 0.5705729 0.8250000 0.1369792 0.1000000
4 0.5807292 0.2589844 0.1145833 0.0851563
2 0.4664063 0.6410156 0.0640625 0.1523438
3 0.6283854 0.7183594 0.0661458 0.1164063
1 0.3221354 0.2179687 0.1015625 0.1640625
2 0.3710938 0.6609375 0.1171875 0.0828125
5 0.6041667 0.9023438 0.0833333 0.1937500
5 0.5776042 0.8480469 0.1156250 0.0929688
4 0.4536458 0.5058594 0.1083333 0.1054688
1 0.7419271 0.3273437 0.1317708 0.1000000
4 0.6570312 0.7218750 0.1255208 0.1109375
1 0.6127604 0.5738281 0.0994792 0.1117188
0 0.4265625 0.4421875 0.0750000 0.0781250
5 0.6638021 0.4257812 0.1307292 0.0812500
0 0.2492187 0.3171875 0.0703125 0.2078125
4 0.5210938 0.3718750 0.1296875 0.0953125
4 0.6234375 0.5406250 0.1156250 0.0859375
3 0.5817708 0.5781250 0.0822917 0.1562500
3 0.5052083 0.1625000 0.0916667 0.1578125
5 0.7127604 0.1925781 0.1401042 0.0882813
5 0.5234375 0.3500000 0.1239583 0.0984375
2 0.4700521 0.9152344 0.1317708 0.1210938
2 0.2968750 0.1781250 0.0812500 0.1187500
3 0.2117188 0.6074219 0.1473958 0.1039063
0 0.5890625 0.4917969 0.1166667 0.1039063
0 0.2372396 0.7066406 0.0692708 0.1695312
2 0.4674479 0.3347656 0.1223958 0.1335938
0 0.5473958 0.0304687 0.0875000 0.0609375
4 0.4744792 0.3082031 0.1052083 0.1445312
4 0.2653646 0.5578125 0.0901042 0.1484375
1 0.6570312 0.7128906 0.0713542 0.1351563
0 0.6218750 0.0753906 0.0875000 0.1507813
0 0.4161458 0.6386719 0.1104167 0.1148437
2 0.4479167 0.3222656 0.0604167 0.1914062
2 0.4705729 0.2816406 0.1151042 0.1351563
0 0.6364583 0.6863281 0.1281250 0.1070312
4 0.7822917 0.3050781 0.0708333 0.2054688
5 0.4039063 0.4921875 0.0890625 0.1515625
0 0.7645833 0.3960938 0.1218750 0.0859375
1 0.6729167 0.6445312 0.1343750 0.0953125
1 0.5427083 0.7425781 0.1354167 0.0992187
2 0.6901042 0.5218750 0.0802083 0.1062500
5 0.3919271 0.5539063 0.0828125 0.1421875
4 0.6101562 0.3925781 0.1276042 0.0867187
4 0.3526042 0.6339844 0.0739583 0.1242188
1 0.6809896 0.9058594 0.1338542 0.1179687
5 0.3908854 0.6246094 0.1067708 0.1023437
1 0.5703125 0.5675781 0.0916667 0.1148437
3 0.7335938 0.4195313 0.1348958 0.0968750
4 0.2682292 0.3566406 0.0833333 0.1289062
5 0.5864583 0.2062500 0.0552083 0.1140625
4 0.2765625 0.6585937 0.1479167 0.0953125
1 0.6520833 0.1980469 0.1010417 0.1742188
6 0.7270833 0.7300781 0.1250000 0.1445312
9 0.6875000 0.7558594 0.1135417 0.1257813
