2 0.4106771 0.2910156 0.0223958 0.0320312
5 0.6833333 0.1902344 0.0427083 0.0304687
3 0.4700521 0.2429688 0.0276042 0.0578125
5 0.5054688 0.0941406 0.0276042 0.0664062
5 0.5385417 0.7085938 0.0208333 0.0390625
4 0.6510417 0.2843750 0.0479167 0.0359375
4 0.5093750 0.7128906 0.0343750 0.0445313
2 0.3013021 0.6253906 0.0338542 0.0351562
0 0.5559896 0.8378906 0.0296875 0.0632812
0 0.5046875 0.5015625 0.0447917 0.0312500
2 0.4802083 0.8515625 0.0447917 0.0437500
5 0.5648437 0.6734375 0.0223958 0.0515625
3 0.4817708 0.5332031 0.0197917 0.0648438
1 0.4778646 0.6636719 0.0192708 0.0585938
5 0.4606771 0.5847656 0.0390625 0.0335937
2 0.4205729 0.1910156 0.0421875 0.0257812
4 0.5994792 0.7707031 0.0437500 0.0367188
5 0.3244792 0.1066406 0.0447917 0.0335937
5 0.6156250 0.5312500 0.0416667 0.0328125
5 0.5151042 0.6882812 0.0489583 0.0453125
4 0.4309896 0.3429687 0.0213542 0.0640625
0 0.7455729 0.4582031 0.0421875 0.0335937
3 0.3890625 0.8246094 0.0208333 0.0507812
1 0.4888021 0.4550781 0.0432292 0.0351562
4 0.5216146 0.5882812 0.0182292 0.0421875
4 0.6085938 0.8496094 0.0453125 0.0320312
4 0.6755208 0.3039062 0.0427083 0.0281250
1 0.3841146 0.4449219 0.0338542 0.0429688
4 0.5968750 0.8011719 0.0395833 0.0367188
2 0.5658854 0.7632813 0.0348958 0.0359375
4 0.6515625 0.2277344 0.0187500 0.0601563
5 0.5684896 0.7035156 0.0182292 0.0320312
3 0.6195312 0.5109375 0.0484375 0.0343750
4 0.5361979 0.3414063 0.0286458 0.0390625
2 0.7111979 0.3843750 0.0421875 0.0343750
3 0.5382813 0.5828125 0.0182292 0.0359375
4 0.4838542 0.3679688 0.0197917 0.0656250
0 0.4786458 0.5902344 0.0239583 0.0367188
3 0.4247396 0.3308594 0.0432292 0.0539063
1 0.7338542 0.5671875 0.0343750 0.0453125
1 0.3846354 0.4269531 0.0442708 0.0304687
4 0.6567708 0.5332031 0.0406250 0.0226562
1 0.6364583 0.2683594 0.0395833 0.0335937
4 0.5343750 0.5507812 0.0312500 0.0500000
2 0.3250000 0.6007813 0.0385417 0.0343750
1 0.6773438 0.7734375 0.0432292 0.0328125
2 0.6104167 0.4156250 0.0406250 0.0281250
4 0.5833333 0.7972656 0.0437500 0.0273438
3 0.6338542 0.6875000 0.0427083 0.0453125
4 0.6343750 0.6683594 0.0447917 0.0382813
0 0.5520833 0.2796875 0.0281250 0.0468750
5 0.4437500 0.6339844 0.0458333 0.0335937
8 0.3872396 0.3101563 0.0432292 0.0437500
