1 0.5369792 0.6140625 0.0229167 0.0234375
5 0.5768229 0.5488281 0.0223958 0.0492187
2 0.7143229 0.8589844 0.0192708 0.0414062
3 0.7174479 0.3441406 0.0203125 0.0539063
5 0.6164063 0.5500000 0.0328125 0.0281250
2 0.3638021 0.2589844 0.0369792 0.0257812
0 0.5210938 0.6917969 0.0234375 0.0554687
3 0.5934896 0.4597656 0.0390625 0.0367188
2 0.7609375 0.5230469 0.0385417 0.0304687
10 0.3617187 0.5449219 0.0286458 0.0414062
7 0.4833333 0.3855469 0.0291667 0.0304687
11 0.7062500 0.3296875 0.0354167 0.0484375
9 0.5763021 0.3894531 0.0328125 0.0382813
6 0.4976563 0.5281250 0.0244792 0.0515625
