3 0.4822917 0.3378906 0.0354167 0.1304687
2 0.7302083 0.1910156 0.0781250 0.0726563
3 0.5898438 0.1792969 0.0421875 0.0601563
0 0.6593750 0.7351562 0.0447917 0.0593750
0 0.6205729 0.6121094 0.0744792 0.0445313
2 0.3622396 0.7984375 0.0609375 0.0671875
2 0.5156250 0.5765625 0.0822917 0.0718750
1 0.6492187 0.4230469 0.0869792 0.0960938
0 0.6307292 0.7867188 0.0781250 0.0562500
2 0.8010417 0.5339844 0.0885417 0.0804688
1 0.7122396 0.3019531 0.0588542 0.0632812
5 0.5195312 0.2722656 0.0453125 0.1101562
1 0.4085937 0.7164063 0.0838542 0.0718750
3 0.5783854 0.0718750 0.0494792 0.1296875
1 0.7067708 0.5554687 0.0604167 0.1156250
4 0.5583333 0.4308594 0.0447917 0.0882813
2 0.6013021 0.4792969 0.0640625 0.1023437
4 0.5973958 0.4644531 0.0645833 0.0710937
5 0.6226563 0.3164062 0.0557292 0.1093750
5 0.7697917 0.5367188 0.0614583 0.0828125
4 0.6255208 0.3898437 0.0333333 0.0703125
1 0.2291667 0.4656250 0.0406250 0.1265625
2 0.5726562 0.3578125 0.0776042 0.0609375
0 0.5791667 0.1464844 0.0447917 0.1257813
0 0.6869792 0.5125000 0.0760417 0.0546875
1 0.5611979 0.5660156 0.0390625 0.1179687
0 0.3140625 0.8652344 0.0437500 0.1164063
1 0.6111979 0.6687500 0.0640625 0.0984375
5 0.4276042 0.5707031 0.0854167 0.0851563
5 0.4872396 0.8484375 0.0776042 0.0562500
1 0.6158854 0.4109375 0.0484375 0.0875000
0 0.5598958 0.5625000 0.0614583 0.0687500
4 0.4343750 0.6335937 0.0333333 0.0562500
3 0.7044271 0.7660156 0.0828125 0.0664062
3 0.6872396 0.4343750 0.0755208 0.0765625
1 0.5294271 0.9089844 0.0692708 0.1054688
1 0.3736979 0.6433594 0.0369792 0.0726563
5 0.6036458 0.3882813 0.0750000 0.0890625
1 0.5156250 0.4652344 0.0822917 0.0601563
3 0.7622396 0.2707031 0.0901042 0.0742188
3 0.4317708 0.0648438 0.0593750 0.0781250
6 0.7250000 0.4156250 0.0864583 0.1187500
11 0.4213542 0.8597656 0.0520833 0.0945312
10 0.6471354 0.5929688 0.0463542 0.1062500
11 0.5526042 0.2144531 0.0864583 0.0835937
9 0.7015625 0.4617188 0.0541667 0.1125000
10 0.2721354 0.5789062 0.0609375 0.1046875
9 0.4734375 0.3187500 0.0531250 0.1265625
9 0.5309896 0.7515625 0.0536458 0.1171875
7 0.4791667 0.7910156 0.0510417 0.1257813
