4 0.5981771 0.0152344 0.0192708 0.0304687
4 0.5911458 0.2957031 0.0208333 0.0367188
2 0.6432292 0.2289063 0.0343750 0.0421875
4 0.5111979 0.3324219 0.0338542 0.0539063
5 0.6843750 0.6453125 0.0416667 0.0390625
3 0.5007812 0.1468750 0.0296875 0.0531250
1 0.6083333 0.3152344 0.0395833 0.0335937
5 0.3744792 0.1730469 0.0197917 0.0585938
1 0.3687500 0.4359375 0.0218750 0.0390625
2 0.3346354 0.4019531 0.0244792 0.0585938
1 0.7708333 0.5812500 0.0375000 0.0500000
2 0.4039063 0.5136719 0.0223958 0.0398437
4 0.2809896 0.4460938 0.0348958 0.0453125
5 0.4171875 0.0859375 0.0343750 0.0375000
3 0.5718750 0.6613281 0.0437500 0.0367188
1 0.5471354 0.5351562 0.0213542 0.0437500
3 0.6526042 0.1066406 0.0229167 0.0679687
3 0.4236979 0.8406250 0.0223958 0.0531250
2 0.6617188 0.5800781 0.0338542 0.0414062
3 0.5075521 0.7070312 0.0244792 0.0312500
3 0.6263021 0.7339844 0.0411458 0.0351562
3 0.7325521 0.5660156 0.0453125 0.0351562
4 0.7421875 0.4187500 0.0239583 0.0421875
0 0.4927083 0.5039062 0.0208333 0.0562500
1 0.4593750 0.6523438 0.0229167 0.0375000
5 0.7395833 0.6007813 0.0416667 0.0250000
4 0.6942708 0.7062500 0.0395833 0.0328125
1 0.7588542 0.5167969 0.0291667 0.0585938
5 0.6664062 0.2726562 0.0401042 0.0312500
0 0.5304688 0.5492187 0.0390625 0.0265625
0 0.2981771 0.3890625 0.0338542 0.0296875
3 0.6135417 0.4910156 0.0395833 0.0320312
5 0.5044271 0.4613281 0.0203125 0.0257812
3 0.6346354 0.3542969 0.0317708 0.0289063
5 0.3367188 0.6203125 0.0213542 0.0609375
4 0.4190104 0.3628906 0.0338542 0.0554687
3 0.3583333 0.6839844 0.0156250 0.0585938
4 0.5447917 0.5347656 0.0239583 0.0289063
2 0.5502604 0.5789062 0.0307292 0.0312500
1 0.4942708 0.6660156 0.0375000 0.0242188
1 0.7184896 0.3082031 0.0182292 0.0351562
0 0.4690104 0.7132812 0.0255208 0.0656250
0 0.6583333 0.7660156 0.0385417 0.0210938
0 0.6911458 0.4007812 0.0354167 0.0406250
2 0.3281250 0.2011719 0.0395833 0.0273438
0 0.3223958 0.1746094 0.0208333 0.0585938
2 0.6023437 0.4363281 0.0286458 0.0257812
0 0.6031250 0.3320312 0.0322917 0.0296875
2 0.6507812 0.2101562 0.0401042 0.0296875
4 0.6497396 0.4210937 0.0213542 0.0281250
0 0.3851562 0.5843750 0.0369792 0.0406250
2 0.4231771 0.3925781 0.0255208 0.0507812
5 0.4143229 0.5347656 0.0338542 0.0351562
5 0.6546875 0.5000000 0.0427083 0.0359375
9 0.2492187 0.4937500 0.0359375 0.0468750
6 0.4255208 0.5128906 0.0395833 0.0414062
7 0.3830729 0.5269531 0.0390625 0.0460938
11 0.3911458 0.6949219 0.0437500 0.0492187
11 0.4833333 0.7937500 0.0354167 0.0609375
11 0.4760417 0.7515625 0.0260417 0.0593750
6 0.2653646 0.5308594 0.0380208 0.0367188
10 0.5760417 0.5796875 0.0343750 0.0515625
7 0.6528646 0.7820312 0.0421875 0.0562500
6 0.4575521 0.7742187 0.0411458 0.0406250
8 0.6877604 0.3179688 0.0286458 0.0562500
10 0.5908854 0.4519531 0.0348958 0.0523438
6 0.7921875 0.3855469 0.0416667 0.0601563
8 0.4424479 0.1843750 0.0359375 0.0359375
9 0.5114583 0.8046875 0.0250000 0.0578125
8 0.4783854 0.3023438 0.0411458 0.0421875
7 0.4002604 0.9589844 0.0380208 0.0414062
11 0.5658854 0.7273437 0.0307292 0.0609375
8 0.3013021 0.2273438 0.0401042 0.0468750
10 0.3960938 0.5496094 0.0296875 0.0617188
