1 0.7361979 0.4097656 0.0359375 0.0257812
0 0.3763021 0.6968750 0.0369792 0.0281250
5 0.5106771 0.3675781 0.0286458 0.0351562
1 0.5575521 0.6671875 0.0234375 0.0328125
4 0.5026042 0.7089844 0.0260417 0.0414062
5 0.2940104 0.3480469 0.0296875 0.0367188
5 0.5278646 0.8570313 0.0223958 0.0468750
4 0.4627604 0.3183594 0.0223958 0.0257812
0 0.7411458 0.3007812 0.0364583 0.0265625
3 0.5861979 0.6601562 0.0317708 0.0234375
2 0.6882812 0.4207031 0.0265625 0.0351562
1 0.6106771 0.4609375 0.0182292 0.0359375
3 0.6291667 0.9058594 0.0218750 0.0414062
4 0.5067708 0.4921875 0.0312500 0.0250000
0 0.8127604 0.4144531 0.0244792 0.0492187
4 0.5585938 0.5984375 0.0192708 0.0406250
0 0.4000000 0.4292969 0.0312500 0.0320312
5 0.4466146 0.1316406 0.0338542 0.0210938
4 0.5466146 0.6210938 0.0203125 0.0218750
3 0.5479167 0.3539062 0.0333333 0.0265625
3 0.3473958 0.4558594 0.0364583 0.0257812
2 0.5697917 0.2582031 0.0302083 0.0226562
4 0.6203125 0.3308594 0.0166667 0.0367188
4 0.6026042 0.1449219 0.0302083 0.0320312
3 0.4776042 0.4175781 0.0312500 0.0445313
0 0.7083333 0.1101562 0.0354167 0.0234375
2 0.6200521 0.4781250 0.0286458 0.0343750
0 0.5320312 0.7718750 0.0203125 0.0562500
0 0.5687500 0.3031250 0.0312500 0.0312500
1 0.5299479 0.6523438 0.0296875 0.0390625
0 0.5664062 0.6847656 0.0223958 0.0414062
2 0.5916667 0.7140625 0.0281250 0.0250000
2 0.5489583 0.3644531 0.0322917 0.0226562
0 0.4692708 0.5000000 0.0218750 0.0453125
2 0.7020833 0.3753906 0.0322917 0.0289063
3 0.6242188 0.5253906 0.0223958 0.0257812
4 0.6875000 0.4804688 0.0145833 0.0234375
2 0.3450521 0.7449219 0.0223958 0.0476562
3 0.4500000 0.7332031 0.0218750 0.0304687
4 0.3507812 0.1679688 0.0328125 0.0250000
1 0.7101563 0.4441406 0.0338542 0.0242188
0 0.4450521 0.5664062 0.0213542 0.0250000
1 0.3861979 0.9160156 0.0338542 0.0304687
3 0.5817708 0.6757812 0.0322917 0.0375000
2 0.5502604 0.0984375 0.0182292 0.0562500
1 0.6158854 0.2039063 0.0276042 0.0296875
4 0.2666667 0.4761719 0.0364583 0.0304687
4 0.6403646 0.6925781 0.0265625 0.0273438
0 0.4804688 0.6968750 0.0223958 0.0265625
8 0.6559896 0.5968750 0.0348958 0.0406250
10 0.5005208 0.3230469 0.0229167 0.0367188
9 0.6421875 0.7207031 0.0333333 0.0460938
6 0.5059896 0.5707031 0.0234375 0.0507812
8 0.6286458 0.4484375 0.0197917 0.0421875
11 0.6606771 0.7054687 0.0359375 0.0375000
10 0.4653646 0.2871094 0.0307292 0.0382813
11 0.3882813 0.2507813 0.0338542 0.0390625
6 0.5765625 0.5351562 0.0333333 0.0328125
6 0.3742187 0.7480469 0.0213542 0.0414062
11 0.7585937 0.3574219 0.0213542 0.0492187
9 0.6914062 0.6765625 0.0338542 0.0328125
6 0.5919271 0.6773438 0.0328125 0.0390625
9 0.7270833 0.3835938 0.0250000 0.0515625
11 0.5104167 0.4304688 0.0291667 0.0406250
10 0.5976562 0.4765625 0.0338542 0.0328125
9 0.3661458 0.7128906 0.0343750 0.0335937
7 0.4557292 0.7667969 0.0291667 0.0398437
10 0.4947917 0.0531250 0.0250000 0.0468750
9 0.7453125 0.4476562 0.0312500 0.0312500
