1 0.3281250 0.4914062 0.0395833 0.0421875
0 0.4817708 0.6386719 0.0250000 0.0710937
1 0.6046875 0.7906250 0.0385417 0.0500000
0 0.7468750 0.5675781 0.0322917 0.0351562
1 0.3927083 0.8429688 0.0333333 0.0328125
10 0.6583333 0.1277344 0.0260417 0.0632812
10 0.5776042 0.5996094 0.0250000 0.0554687
7 0.3953125 0.3148437 0.0270833 0.0406250
11 0.5291667 0.7164063 0.0406250 0.0406250
8 0.3505208 0.3292969 0.0395833 0.0601563
8 0.5666667 0.2902344 0.0427083 0.0507812
6 0.7091146 0.2253906 0.0421875 0.0429688
11 0.5776042 0.6582031 0.0416667 0.0460938
11 0.4911458 0.1687500 0.0395833 0.0593750
6 0.2979167 0.5562500 0.0291667 0.0453125
7 0.4257812 0.8503906 0.0276042 0.0601563
11 0.4697917 0.2300781 0.0375000 0.0585938
9 0.4606771 0.8773437 0.0411458 0.0531250
11 0.2434896 0.4937500 0.0421875 0.0468750
11 0.6791667 0.3050781 0.0270833 0.0601563
