3 0.7950521 0.2363281 0.0390625 0.0820312
2 0.7950521 0.3894531 0.0432292 0.0710937
3 0.3312500 0.3734375 0.0552083 0.0734375
4 0.6421875 0.2492187 0.0552083 0.0625000
4 0.3333333 0.6964844 0.0614583 0.0960938
0 0.3856771 0.3937500 0.0536458 0.0625000
1 0.4601562 0.6304688 0.0453125 0.0734375
5 0.5348958 0.1554687 0.0500000 0.0890625
5 0.3966146 0.3699219 0.0578125 0.1132812
5 0.6901042 0.3980469 0.0906250 0.0742188
2 0.5549479 0.4332031 0.0682292 0.0726563
3 0.2960937 0.4425781 0.0588542 0.1210938
5 0.5268229 0.1328125 0.0515625 0.1000000
1 0.5096354 0.6828125 0.0588542 0.0968750
3 0.3125000 0.4089844 0.0770833 0.0835937
9 0.4666667 0.5015625 0.0697917 0.0687500
11 0.6239583 0.3742187 0.0750000 0.1171875
6 0.4653646 0.3332031 0.0453125 0.0929688
11 0.6960937 0.5675781 0.0755208 0.0867187
11 0.6260417 0.4808594 0.0708333 0.0695313
6 0.6572917 0.4308594 0.0760417 0.0742188
7 0.5544271 0.2019531 0.0776042 0.0882813
9 0.7283854 0.2421875 0.0776042 0.0765625
11 0.7713542 0.6644531 0.0833333 0.0820312
