5 0.5333333 0.3457031 0.0187500 0.0617188
0 0.4182292 0.7429687 0.0197917 0.0531250
2 0.6476563 0.5703125 0.0317708 0.0312500
0 0.4101562 0.2828125 0.0265625 0.0515625
2 0.6856771 0.3187500 0.0359375 0.0265625
4 0.7197917 0.6601562 0.0333333 0.0375000
5 0.6744792 0.3582031 0.0250000 0.0445313
3 0.7088542 0.7328125 0.0333333 0.0218750
4 0.5255208 0.4839844 0.0343750 0.0289063
1 0.6677083 0.2902344 0.0385417 0.0273438
2 0.6541667 0.4074219 0.0208333 0.0367188
0 0.2559896 0.6199219 0.0380208 0.0304687
5 0.6015625 0.6019531 0.0197917 0.0492187
2 0.2572917 0.4761719 0.0406250 0.0320312
1 0.4494792 0.4406250 0.0239583 0.0343750
7 0.6026042 0.6156250 0.0343750 0.0343750
7 0.4354167 0.4839844 0.0322917 0.0351562
7 0.3950521 0.3554688 0.0203125 0.0359375
10 0.6705729 0.7968750 0.0317708 0.0484375
9 0.4244792 0.1941406 0.0364583 0.0570312
8 0.4776042 0.2699219 0.0343750 0.0351562
9 0.4906250 0.7800781 0.0281250 0.0476562
9 0.4317708 0.3652344 0.0343750 0.0351562
9 0.4882812 0.4757812 0.0317708 0.0343750
6 0.5263021 0.4660156 0.0359375 0.0398437
6 0.6692708 0.4453125 0.0260417 0.0390625
7 0.3161458 0.2296875 0.0291667 0.0406250
7 0.6513021 0.6906250 0.0286458 0.0515625
11 0.4679687 0.3542969 0.0390625 0.0398437
9 0.3776042 0.2652344 0.0343750 0.0335937
10 0.3497396 0.8121094 0.0380208 0.0398437
11 0.5341146 0.6289062 0.0296875 0.0328125
