3 0.7481771 0.4855469 0.0723958 0.0523438
0 0.7445312 0.5621094 0.0765625 0.0523438
3 0.5557292 0.8238281 0.0583333 0.0835937
5 0.4195313 0.7308594 0.0317708 0.1007813
0 0.5247396 0.5261719 0.0442708 0.0398437
0 0.4929688 0.5675781 0.0453125 0.0695313
1 0.6848958 0.7156250 0.0635417 0.0578125
0 0.6882812 0.4167969 0.0723958 0.0695313
1 0.6794271 0.6652344 0.0755208 0.0539063
5 0.5947917 0.5066406 0.0614583 0.0960938
3 0.7489583 0.3542969 0.0500000 0.0507812
3 0.5369792 0.3628906 0.0635417 0.0460938
1 0.2640625 0.8019531 0.0697917 0.0554687
1 0.6377604 0.3953125 0.0401042 0.0843750
2 0.6075521 0.2574219 0.0463542 0.0539063
2 0.3122396 0.3746094 0.0640625 0.0742188
2 0.6843750 0.5601563 0.0593750 0.0593750
3 0.5541667 0.5085937 0.0645833 0.0421875
2 0.6065104 0.6531250 0.0421875 0.0781250
4 0.5341146 0.3035156 0.0692708 0.0554687
2 0.5593750 0.7148438 0.0635417 0.0750000
11 0.4072917 0.3621094 0.0666667 0.0664062
7 0.5984375 0.5070313 0.0479167 0.0812500
6 0.3476562 0.9511719 0.0671875 0.0789062
6 0.4458333 0.3054688 0.0437500 0.1015625
9 0.6687500 0.4792969 0.0604167 0.0789062
10 0.6278646 0.3023438 0.0421875 0.0609375
8 0.3825521 0.4765625 0.0609375 0.1078125
7 0.4950521 0.4871094 0.0453125 0.0820312
10 0.3645833 0.4144531 0.0406250 0.0710937
9 0.7005208 0.4019531 0.0687500 0.0679687
8 0.5856771 0.2003906 0.0692708 0.0820312
7 0.4145833 0.9183594 0.0427083 0.0992187
10 0.4708333 0.5000000 0.0593750 0.0937500
10 0.6078125 0.8113281 0.0666667 0.0789062
11 0.5882812 0.0984375 0.0442708 0.1015625
11 0.4250000 0.7406250 0.0656250 0.0640625
6 0.7033854 0.7070312 0.0411458 0.0968750
10 0.5721354 0.7882813 0.0682292 0.0671875
