1 0.6760417 0.4421875 0.0697917 0.0468750
11 0.6039062 0.3031250 0.0671875 0.0687500
6 0.4846354 0.4125000 0.0515625 0.0828125
7 0.5989583 0.6371094 0.0604167 0.0617188
11 0.4361979 0.6898437 0.0557292 0.1031250
7 0.6445312 0.3085938 0.0651042 0.0687500
11 0.5309896 0.5285156 0.0734375 0.0820312
8 0.6119792 0.5859375 0.0447917 0.0671875
6 0.4815104 0.2660156 0.0640625 0.0914062
8 0.5020833 0.7238281 0.0760417 0.0992187
7 0.6458333 0.2128906 0.0635417 0.0726563
11 0.5210938 0.7199219 0.0546875 0.0960938
11 0.5981771 0.4710937 0.0744792 0.1140625
7 0.7317708 0.3632812 0.0593750 0.0937500
9 0.6083333 0.4250000 0.0520833 0.0812500
6 0.3757813 0.6867188 0.0619792 0.0671875
11 0.4093750 0.7246094 0.0645833 0.0757812
8 0.3630208 0.7171875 0.0729167 0.0734375
6 0.4203125 0.6425781 0.0604167 0.1070312
