1 0.4442708 0.7945313 0.0416667 0.0750000
2 0.4153646 0.1410156 0.0286458 0.0820312
5 0.5393229 0.6527344 0.0505208 0.0429688
4 0.5356771 0.5707031 0.0619792 0.0382813
2 0.3598958 0.7792969 0.0364583 0.0492187
2 0.4567708 0.2593750 0.0468750 0.0781250
2 0.5541667 0.1785156 0.0614583 0.0367188
3 0.4671875 0.4796875 0.0354167 0.0546875
2 0.4851563 0.3925781 0.0390625 0.0445313
1 0.3093750 0.5851563 0.0322917 0.0406250
0 0.5713542 0.6218750 0.0354167 0.0671875
2 0.5002604 0.7402344 0.0338542 0.0851563
2 0.6455729 0.7796875 0.0546875 0.0312500
2 0.3338542 0.5699219 0.0395833 0.0789062
3 0.4291667 0.5050781 0.0354167 0.0429688
3 0.4736979 0.7906250 0.0307292 0.0906250
0 0.3830729 0.7179688 0.0244792 0.0812500
1 0.6843750 0.5054688 0.0447917 0.0578125
4 0.7179688 0.5527344 0.0359375 0.0507812
2 0.5536458 0.4105469 0.0385417 0.0835937
1 0.4114583 0.7656250 0.0406250 0.0921875
3 0.7989583 0.7375000 0.0541667 0.0421875
1 0.6158854 0.5980469 0.0567708 0.0429688
3 0.7445312 0.4359375 0.0401042 0.0515625
0 0.4101562 0.5359375 0.0317708 0.0921875
5 0.5606771 0.3929687 0.0380208 0.0359375
0 0.6609375 0.1835938 0.0520833 0.0453125
4 0.4320312 0.3394531 0.0421875 0.0523438
5 0.4653646 0.3980469 0.0411458 0.0570312
1 0.4354167 0.7441406 0.0479167 0.0382813
0 0.5197917 0.5679688 0.0291667 0.0531250
5 0.4528646 0.7164063 0.0307292 0.0484375
0 0.5484375 0.6335937 0.0406250 0.0703125
4 0.5153646 0.2347656 0.0307292 0.0570312
5 0.5377604 0.6644531 0.0421875 0.0601563
4 0.5559896 0.3324219 0.0515625 0.0445313
0 0.5468750 0.7433594 0.0562500 0.0476562
3 0.7585937 0.4097656 0.0296875 0.0523438
5 0.6697917 0.8300781 0.0302083 0.0882813
3 0.5174479 0.8875000 0.0442708 0.0703125
0 0.5588542 0.4527344 0.0510417 0.0367188
0 0.6203125 0.6597656 0.0437500 0.0648438
2 0.6492187 0.9500000 0.0317708 0.0921875
0 0.3442708 0.2117188 0.0427083 0.0625000
5 0.5828125 0.1359375 0.0468750 0.0671875
2 0.3773437 0.3328125 0.0401042 0.0546875
0 0.4143229 0.4777344 0.0505208 0.0398437
2 0.4572917 0.2453125 0.0385417 0.0890625
0 0.5492187 0.4039063 0.0484375 0.0500000
5 0.5893229 0.7285156 0.0265625 0.0601563
4 0.6361979 0.3808594 0.0484375 0.0429688
4 0.4429688 0.7531250 0.0411458 0.0843750
1 0.4804688 0.2070312 0.0338542 0.0375000
4 0.5023437 0.6695313 0.0463542 0.0468750
0 0.5182292 0.5832031 0.0531250 0.0460938
0 0.3617187 0.3808594 0.0515625 0.0398437
5 0.4919271 0.7742187 0.0505208 0.0437500
5 0.5890625 0.2320312 0.0427083 0.0625000
4 0.5484375 0.7871094 0.0281250 0.0835937
2 0.4848958 0.2710938 0.0385417 0.0875000
2 0.6885417 0.7945313 0.0302083 0.0953125
0 0.5315104 0.8531250 0.0401042 0.0640625
3 0.3703125 0.2925781 0.0593750 0.0476562
0 0.6359375 0.7332031 0.0520833 0.0554687
2 0.7109375 0.6250000 0.0291667 0.0390625
1 0.5322917 0.4492188 0.0302083 0.0375000
0 0.7601562 0.5632812 0.0567708 0.0515625
5 0.7328125 0.4753906 0.0593750 0.0570312
5 0.3473958 0.6296875 0.0260417 0.0656250
0 0.2726562 0.4191406 0.0359375 0.0507812
5 0.4578125 0.5027344 0.0343750 0.0742188
6 0.5721354 0.4621094 0.0536458 0.0539063
7 0.5356771 0.3175781 0.0526042 0.0585938
11 0.3218750 0.5527344 0.0593750 0.0664062
9 0.4463542 0.3460937 0.0604167 0.0890625
7 0.6013021 0.4554687 0.0484375 0.0484375
11 0.5424479 0.6484375 0.0505208 0.0718750
10 0.4661458 0.3609375 0.0406250 0.0828125
8 0.6184896 0.2906250 0.0546875 0.0656250
11 0.5908854 0.5269531 0.0380208 0.0835937
6 0.6255208 0.2039063 0.0531250 0.0531250
10 0.6635417 0.3621094 0.0500000 0.0710937
7 0.5903646 0.8761719 0.0526042 0.0507812
6 0.5541667 0.6332031 0.0479167 0.0867187
9 0.5677083 0.5320312 0.0541667 0.0531250
11 0.4700521 0.7703125 0.0432292 0.0734375
