1 0.7601562 0.4628906 0.0515625 0.0851563
5 0.7835937 0.7671875 0.0755208 0.0687500
1 0.3697917 0.3312500 0.0489583 0.1062500
4 0.4763021 0.4609375 0.0588542 0.0593750
2 0.5343750 0.4253906 0.0291667 0.0898438
0 0.4135417 0.7492188 0.0354167 0.1078125
3 0.4239583 0.5992188 0.0760417 0.0546875
4 0.6158854 0.4113281 0.0661458 0.0898438
2 0.5244792 0.9214844 0.0739583 0.0476562
0 0.4804688 0.5312500 0.0442708 0.1062500
5 0.7494792 0.6304688 0.0385417 0.1031250
5 0.4411458 0.4855469 0.0687500 0.0804688
5 0.5856771 0.3277344 0.0744792 0.0570312
4 0.7106771 0.5058594 0.0765625 0.0460938
2 0.5531250 0.0785156 0.0750000 0.0570312
3 0.5742188 0.2984375 0.0723958 0.0500000
5 0.3109375 0.5695313 0.0833333 0.0671875
5 0.5783854 0.6406250 0.0328125 0.1046875
0 0.4473958 0.7144531 0.0708333 0.0507812
1 0.5052083 0.6160156 0.0510417 0.0898438
4 0.2937500 0.4347656 0.0302083 0.0492187
5 0.6687500 0.5464844 0.0447917 0.1054688
5 0.3875000 0.4246094 0.0750000 0.0664062
2 0.6161458 0.6769531 0.0718750 0.0523438
0 0.3138021 0.8140625 0.0359375 0.0843750
2 0.7333333 0.4015625 0.0552083 0.0812500
2 0.4041667 0.7027344 0.0760417 0.0570312
1 0.3065104 0.2308594 0.0692708 0.0460938
1 0.3585937 0.6410156 0.0692708 0.0804688
3 0.2705729 0.3812500 0.0494792 0.0500000
4 0.3638021 0.6226563 0.0442708 0.0843750
1 0.4447917 0.3457031 0.0427083 0.1007813
5 0.5848958 0.1476562 0.0458333 0.0906250
1 0.6291667 0.0628906 0.0427083 0.1164063
2 0.6789063 0.6460938 0.0807292 0.0687500
2 0.5916667 0.6378906 0.0593750 0.0539063
3 0.5593750 0.7257813 0.0739583 0.0453125
3 0.5463542 0.5566406 0.0729167 0.0523438
4 0.7289062 0.3296875 0.0786458 0.0531250
2 0.7617188 0.4785156 0.0786458 0.0648438
5 0.7364583 0.5039062 0.0739583 0.0531250
1 0.4005208 0.5480469 0.0739583 0.0523438
3 0.7205729 0.2632813 0.0515625 0.0843750
1 0.7054687 0.7152344 0.0786458 0.0585938
5 0.6539063 0.5667969 0.0588542 0.0632812
4 0.7627604 0.7019531 0.0723958 0.0789062
0 0.3953125 0.7820312 0.0395833 0.1093750
3 0.7231771 0.4843750 0.0380208 0.0781250
4 0.3132813 0.6324219 0.0723958 0.0585938
4 0.6830729 0.2710938 0.0661458 0.0750000
2 0.5281250 0.4425781 0.0708333 0.0742188
5 0.3067708 0.3011719 0.0833333 0.0570312
4 0.5203125 0.2382812 0.0697917 0.0468750
1 0.4661458 0.2285156 0.0427083 0.0695313
2 0.4307292 0.6148438 0.0395833 0.1171875
3 0.6122396 0.1230469 0.0786458 0.0507812
1 0.5065104 0.4097656 0.0348958 0.0945312
5 0.4632812 0.8167969 0.0328125 0.0976562
1 0.3807292 0.8074219 0.0593750 0.0695313
1 0.6684896 0.1695312 0.0776042 0.0625000
1 0.5210938 0.6792969 0.0421875 0.1226562
5 0.3453125 0.7429687 0.0791667 0.0562500
3 0.5809896 0.4746094 0.0328125 0.0632812
1 0.6591146 0.7839844 0.0369792 0.1070312
2 0.5341146 0.1457031 0.0755208 0.0554687
3 0.4351563 0.7773438 0.0526042 0.1000000
0 0.6015625 0.4957031 0.0489583 0.0757812
6 0.5898438 0.2433594 0.0588542 0.1179687
7 0.2260417 0.5546875 0.0666667 0.0750000
7 0.4783854 0.2867188 0.0682292 0.0796875
8 0.4000000 0.7582031 0.0427083 0.0929688
7 0.5398437 0.6906250 0.0703125 0.0796875
9 0.6799479 0.7582031 0.0682292 0.0757812
7 0.5367188 0.7199219 0.0494792 0.0882813
8 0.8080729 0.3875000 0.0619792 0.0843750
8 0.5651042 0.4378906 0.0666667 0.0742188
6 0.5825521 0.5316406 0.0640625 0.0648438
10 0.5229167 0.6316406 0.0395833 0.0914062
8 0.3596354 0.2503906 0.0609375 0.0710937
11 0.5039062 0.6730469 0.0484375 0.1117188
