5 0.6455729 0.6226563 0.0473958 0.1250000
3 0.6169271 0.3265625 0.0651042 0.0875000
2 0.3309896 0.8527344 0.0380208 0.1242188
4 0.5835938 0.6199219 0.0703125 0.0601563
2 0.3434896 0.8156250 0.0723958 0.0609375
2 0.6700521 0.6156250 0.0765625 0.0687500
2 0.3044271 0.1246094 0.0776042 0.0554687
1 0.5645833 0.3707031 0.0354167 0.0539063
2 0.4531250 0.4761719 0.0375000 0.0976562
1 0.5622396 0.4542969 0.0619792 0.0773438
0 0.6286458 0.2875000 0.0666667 0.0640625
4 0.4346354 0.2496094 0.0473958 0.1195313
3 0.5653646 0.5429688 0.0786458 0.0593750
5 0.6070313 0.3394531 0.0776042 0.0617188
5 0.6955729 0.7187500 0.0682292 0.0546875
4 0.2934896 0.2203125 0.0651042 0.0375000
1 0.7484375 0.5476562 0.0791667 0.0718750
5 0.3643229 0.2253906 0.0609375 0.0882813
5 0.5078125 0.6289062 0.0593750 0.0531250
4 0.5122396 0.8785156 0.0442708 0.1148437
2 0.4492188 0.2000000 0.0380208 0.1234375
2 0.6911458 0.5539063 0.0791667 0.0625000
5 0.3302083 0.6867188 0.0270833 0.0578125
2 0.5447917 0.4324219 0.0614583 0.0460938
5 0.7375000 0.3507812 0.0791667 0.0640625
2 0.5302083 0.4761719 0.0791667 0.0585938
8 0.3903646 0.4640625 0.0692708 0.0671875
11 0.4833333 0.5167969 0.0510417 0.1179687
9 0.3302083 0.4882812 0.0708333 0.0703125
11 0.5679688 0.5214844 0.0661458 0.0648438
7 0.2809896 0.4523437 0.0515625 0.1046875
8 0.7208333 0.3875000 0.0500000 0.0984375
8 0.3523438 0.6648437 0.0588542 0.1156250
6 0.5843750 0.7300781 0.0697917 0.0710937
8 0.3408854 0.2976563 0.0661458 0.0906250
11 0.3002604 0.6734375 0.0671875 0.0968750
9 0.4622396 0.8738281 0.0432292 0.0992187
10 0.6809896 0.5160156 0.0661458 0.0664062
7 0.5398437 0.1968750 0.0682292 0.1000000
8 0.3953125 0.5839844 0.0500000 0.0679687
9 0.2958333 0.1511719 0.0770833 0.0757812
8 0.3231771 0.4167969 0.0703125 0.0710937
6 0.7572917 0.5796875 0.0708333 0.0937500
10 0.5119792 0.1742188 0.0489583 0.0640625
9 0.7940104 0.4585938 0.0630208 0.1015625
