2 0.6289062 0.5937500 0.0328125 0.0546875
5 0.5317708 0.8429688 0.0312500 0.0343750
3 0.5609375 0.9015625 0.0333333 0.0687500
5 0.5088542 0.2347656 0.0322917 0.0398437
1 0.6080729 0.2730469 0.0515625 0.0367188
0 0.6182292 0.6261719 0.0395833 0.0335937
2 0.5250000 0.3714844 0.0489583 0.0367188
0 0.5591146 0.4996094 0.0442708 0.0320312
5 0.6705729 0.1519531 0.0328125 0.0632812
1 0.5750000 0.4941406 0.0281250 0.0351562
1 0.3710938 0.5074219 0.0369792 0.0398437
1 0.5041667 0.7238281 0.0468750 0.0398437
8 0.6153646 0.4476562 0.0276042 0.0453125
11 0.7153646 0.4546875 0.0453125 0.0437500
6 0.3440104 0.4671875 0.0286458 0.0468750
9 0.5841146 0.6296875 0.0359375 0.0593750
8 0.6114583 0.6570312 0.0364583 0.0500000
7 0.6770833 0.0156250 0.0312500 0.0312500
7 0.5221354 0.2359375 0.0421875 0.0468750
6 0.5463542 0.4878906 0.0468750 0.0460938
10 0.3518229 0.5917969 0.0411458 0.0429688
11 0.5031250 0.5511719 0.0322917 0.0648438
