4 0.6971354 0.2089844 0.0234375 0.0492187
3 0.6119792 0.5910156 0.0427083 0.0367188
4 0.6786458 0.4492188 0.0510417 0.0328125
3 0.4111979 0.3777344 0.0213542 0.0445313
0 0.6705729 0.3351562 0.0296875 0.0671875
0 0.6236979 0.6179687 0.0411458 0.0468750
2 0.5726562 0.3648438 0.0244792 0.0421875
0 0.5765625 0.8503906 0.0437500 0.0351562
1 0.2497396 0.4992187 0.0338542 0.0484375
5 0.4302083 0.4425781 0.0250000 0.0601563
1 0.5408854 0.2273438 0.0244792 0.0375000
0 0.6947917 0.3691406 0.0208333 0.0710937
1 0.4377604 0.9015625 0.0317708 0.0531250
2 0.6320313 0.7312500 0.0234375 0.0640625
1 0.7726563 0.3343750 0.0463542 0.0437500
1 0.5744792 0.4445312 0.0239583 0.0359375
2 0.6583333 0.3695312 0.0489583 0.0500000
0 0.5700521 0.4058594 0.0203125 0.0570312
1 0.6278646 0.6980469 0.0473958 0.0335937
4 0.5825521 0.5769531 0.0453125 0.0429688
4 0.5984375 0.2746094 0.0437500 0.0445313
5 0.7218750 0.4523437 0.0458333 0.0296875
4 0.5632812 0.7304688 0.0359375 0.0593750
3 0.6408854 0.7390625 0.0296875 0.0671875
1 0.4567708 0.5937500 0.0260417 0.0343750
1 0.5830729 0.5617188 0.0369792 0.0531250
3 0.6276042 0.6617188 0.0312500 0.0500000
2 0.6531250 0.3679688 0.0395833 0.0375000
1 0.4684896 0.8742188 0.0244792 0.0531250
2 0.5479167 0.7027344 0.0395833 0.0460938
5 0.7117187 0.3417969 0.0390625 0.0351562
5 0.3942708 0.2843750 0.0520833 0.0375000
2 0.5330729 0.9152344 0.0223958 0.0570312
1 0.5109375 0.1593750 0.0281250 0.0515625
0 0.4640625 0.6863281 0.0239583 0.0710937
4 0.3286458 0.3750000 0.0479167 0.0375000
5 0.4434896 0.7824219 0.0276042 0.0570312
1 0.2528646 0.5000000 0.0473958 0.0375000
0 0.4992187 0.8917969 0.0213542 0.0664062
5 0.6734375 0.4714844 0.0322917 0.0601563
5 0.6375000 0.3648438 0.0447917 0.0359375
1 0.6424479 0.5687500 0.0307292 0.0453125
5 0.5859375 0.7667969 0.0343750 0.0476562
0 0.5328125 0.5289063 0.0458333 0.0406250
4 0.5289063 0.8210937 0.0473958 0.0343750
2 0.7036458 0.3453125 0.0468750 0.0312500
4 0.5830729 0.7117187 0.0484375 0.0406250
2 0.5752604 0.4875000 0.0317708 0.0500000
5 0.2968750 0.7085938 0.0364583 0.0343750
5 0.5333333 0.5078125 0.0229167 0.0390625
5 0.5861979 0.4601562 0.0442708 0.0312500
4 0.7812500 0.5910156 0.0375000 0.0429688
1 0.5856771 0.8460937 0.0421875 0.0437500
4 0.3341146 0.3234375 0.0484375 0.0390625
0 0.3473958 0.5000000 0.0354167 0.0625000
4 0.5934896 0.4101562 0.0255208 0.0437500
4 0.6463542 0.6769531 0.0229167 0.0320312
5 0.4726562 0.8250000 0.0286458 0.0328125
2 0.7536458 0.7859375 0.0489583 0.0343750
4 0.2507813 0.7101563 0.0453125 0.0328125
4 0.5145833 0.9460937 0.0208333 0.0593750
0 0.6276042 0.2171875 0.0458333 0.0453125
4 0.5221354 0.5773438 0.0442708 0.0406250
3 0.6406250 0.5343750 0.0385417 0.0390625
2 0.3552083 0.4167969 0.0468750 0.0539063
4 0.4570312 0.2824219 0.0369792 0.0632812
1 0.5138021 0.3406250 0.0223958 0.0500000
3 0.2908854 0.3566406 0.0515625 0.0382813
7 0.4148438 0.1785156 0.0411458 0.0539063
9 0.4447917 0.8246094 0.0437500 0.0429688
8 0.4015625 0.3730469 0.0312500 0.0570312
7 0.5052083 0.5757813 0.0364583 0.0578125
8 0.7427083 0.4199219 0.0416667 0.0429688
10 0.6106771 0.7164063 0.0442708 0.0500000
10 0.6593750 0.4093750 0.0406250 0.0390625
9 0.6317708 0.4734375 0.0427083 0.0609375
11 0.7252604 0.3769531 0.0338542 0.0726563
