2 0.6445312 0.6375000 0.0182292 0.0421875
2 0.4450521 0.1953125 0.0161458 0.0234375
5 0.6497396 0.3535156 0.0171875 0.0304687
2 0.5401042 0.5691406 0.0322917 0.0289063
1 0.3721354 0.5410156 0.0171875 0.0226562
4 0.5476562 0.7726563 0.0151042 0.0437500
1 0.6799479 0.2808594 0.0307292 0.0210938
11 0.4546875 0.7476563 0.0291667 0.0343750
8 0.6544271 0.4632812 0.0317708 0.0375000
6 0.4979167 0.4667969 0.0270833 0.0382813
8 0.6940104 0.3281250 0.0307292 0.0296875
8 0.3138021 0.6421875 0.0286458 0.0312500
11 0.4986979 0.6890625 0.0203125 0.0390625
8 0.6507812 0.3281250 0.0307292 0.0375000
10 0.5151042 0.1917969 0.0260417 0.0382813
8 0.6106771 0.7738281 0.0307292 0.0398437
11 0.6645833 0.5644531 0.0270833 0.0289063
6 0.6984375 0.4691406 0.0239583 0.0351562
9 0.3804688 0.7167969 0.0265625 0.0398437
7 0.6677083 0.4222656 0.0281250 0.0367188
9 0.4481771 0.6589844 0.0265625 0.0289063
10 0.4578125 0.4820313 0.0250000 0.0296875
7 0.4104167 0.4171875 0.0208333 0.0406250
9 0.7098958 0.2781250 0.0197917 0.0437500
9 0.4494792 0.6792969 0.0197917 0.0304687
6 0.2734375 0.7042969 0.0302083 0.0289063
