2 0.3830729 0.5843750 0.0859375 0.0906250
4 0.4781250 0.1785156 0.1010417 0.0695313
2 0.6989583 0.2417969 0.1041667 0.0710937
1 0.6304688 0.9171875 0.0473958 0.1046875
2 0.3005208 0.7367187 0.0500000 0.0843750
5 0.7114583 0.6308594 0.0760417 0.1367188
5 0.2510417 0.3730469 0.1083333 0.0804688
5 0.3268229 0.4316406 0.1015625 0.0664062
1 0.3239583 0.4773438 0.0427083 0.0859375
1 0.6794271 0.6488281 0.1151042 0.0992187
4 0.5932292 0.5804687 0.0770833 0.0843750
5 0.6838542 0.3984375 0.0510417 0.0843750
0 0.4794271 0.6250000 0.0828125 0.1078125
2 0.6789063 0.6496094 0.0942708 0.0664062
3 0.6104167 0.4183594 0.0854167 0.0726563
2 0.3070312 0.2625000 0.0453125 0.0734375
3 0.5734375 0.2562500 0.0968750 0.0875000
2 0.4908854 0.1800781 0.0598958 0.1382812
5 0.5096354 0.3355469 0.0734375 0.1445312
2 0.5726562 0.3449219 0.0494792 0.1523438
0 0.6028646 0.4117188 0.0546875 0.1656250
0 0.5479167 0.5820312 0.0479167 0.1328125
0 0.3502604 0.2769531 0.0515625 0.1570313
5 0.2807292 0.4066406 0.0510417 0.0757812
0 0.6260417 0.7523437 0.0427083 0.0625000
4 0.3778646 0.6609375 0.0630208 0.0765625
0 0.4125000 0.4386719 0.0875000 0.1335938
3 0.5078125 0.3699219 0.0791667 0.0882813
4 0.7286458 0.5308594 0.1020833 0.0976562
5 0.6200521 0.4152344 0.0598958 0.1148437
5 0.2791667 0.3593750 0.0458333 0.1546875
1 0.5627604 0.1218750 0.0651042 0.1078125
0 0.6799479 0.2972656 0.0963542 0.0835937
5 0.3833333 0.6285156 0.0833333 0.0945312
3 0.5895833 0.5683594 0.1083333 0.0757812
4 0.6197917 0.2250000 0.0750000 0.1359375
5 0.3604167 0.1484375 0.0531250 0.0921875
2 0.7955729 0.5703125 0.0973958 0.0734375
4 0.6695313 0.1496094 0.0796875 0.0898438
3 0.4638021 0.4371094 0.0598958 0.1382812
5 0.6971354 0.4472656 0.0630208 0.0945312
4 0.4471354 0.1214844 0.0744792 0.1210938
2 0.5627604 0.7542969 0.0546875 0.0742188
2 0.3804688 0.8777344 0.0598958 0.1539062
2 0.7263021 0.7238281 0.0942708 0.0742188
0 0.5786458 0.6187500 0.1062500 0.0937500
1 0.4604167 0.4542969 0.0770833 0.0601563
0 0.5843750 0.7664062 0.0562500 0.0609375
3 0.7552083 0.4156250 0.1062500 0.0703125
2 0.5734375 0.0273438 0.0791667 0.0546875
4 0.4723958 0.3148437 0.0812500 0.1046875
0 0.3489583 0.3765625 0.0947917 0.0734375
1 0.5151042 0.8863281 0.0406250 0.1070312
2 0.5893229 0.7113281 0.0848958 0.0976562
4 0.4934896 0.3148437 0.0911458 0.0796875
3 0.6104167 0.3335938 0.0583333 0.1515625
9 0.5151042 0.6121094 0.1062500 0.1023437
6 0.7335938 0.7082031 0.0932292 0.0929688
7 0.3411458 0.7406250 0.0739583 0.1250000
10 0.6502604 0.4164062 0.0932292 0.1140625
8 0.5859375 0.7019531 0.0864583 0.0945312
6 0.7442708 0.5703125 0.0875000 0.1093750
6 0.5080729 0.0500000 0.0661458 0.1000000
10 0.2799479 0.5726562 0.1015625 0.1328125
10 0.4023438 0.4152344 0.1140625 0.1117188
6 0.4307292 0.2910156 0.0781250 0.1320312
7 0.6726562 0.3062500 0.1036458 0.1343750
7 0.7273437 0.3335938 0.0942708 0.1218750
9 0.3854167 0.4617188 0.0687500 0.1093750
10 0.6414062 0.3843750 0.0921875 0.0890625
10 0.6203125 0.2464844 0.0947917 0.1085938
9 0.1369792 0.4988281 0.0979167 0.1289062
11 0.6257812 0.6140625 0.0755208 0.1406250
