0 0.5434896 0.3609375 0.0401042 0.0343750
4 0.5432292 0.5238281 0.0458333 0.0367188
0 0.4226563 0.5515625 0.0473958 0.0312500
0 0.6973958 0.6644531 0.0416667 0.0289063
1 0.6705729 0.4542969 0.0432292 0.0320312
3 0.5682292 0.4957031 0.0385417 0.0507812
4 0.5335937 0.7046875 0.0192708 0.0625000
3 0.2299479 0.6648437 0.0192708 0.0406250
3 0.4177083 0.8207031 0.0375000 0.0507812
5 0.6093750 0.8164062 0.0458333 0.0296875
0 0.4289062 0.2398437 0.0348958 0.0484375
5 0.4325521 0.3355469 0.0265625 0.0523438
1 0.6838542 0.3347656 0.0468750 0.0320312
5 0.4130208 0.5390625 0.0291667 0.0656250
4 0.6471354 0.1503906 0.0369792 0.0429688
2 0.4205729 0.2234375 0.0473958 0.0343750
3 0.5119792 0.3445313 0.0291667 0.0375000
4 0.6059896 0.2144531 0.0307292 0.0554687
2 0.3070312 0.4757812 0.0348958 0.0468750
1 0.6856771 0.3832031 0.0484375 0.0367188
0 0.7591146 0.4082031 0.0390625 0.0398437
2 0.5406250 0.4890625 0.0322917 0.0515625
4 0.5380208 0.5273438 0.0489583 0.0390625
1 0.5877604 0.2976563 0.0348958 0.0296875
5 0.3510417 0.7167969 0.0437500 0.0273438
1 0.5544271 0.1464844 0.0255208 0.0320312
3 0.6205729 0.5734375 0.0453125 0.0375000
3 0.6065104 0.7878906 0.0453125 0.0445313
0 0.5057292 0.7636719 0.0343750 0.0335937
4 0.6119792 0.7652344 0.0427083 0.0289063
3 0.5140625 0.5832031 0.0239583 0.0304687
5 0.5536458 0.6542969 0.0281250 0.0304687
5 0.3981771 0.0828125 0.0401042 0.0390625
4 0.3903646 0.6882812 0.0348958 0.0296875
0 0.4395833 0.5730469 0.0354167 0.0570312
3 0.6533854 0.1187500 0.0411458 0.0359375
1 0.4697917 0.7960938 0.0239583 0.0421875
1 0.4750000 0.6031250 0.0395833 0.0343750
3 0.5716146 0.3574219 0.0411458 0.0492187
3 0.6406250 0.3476562 0.0354167 0.0515625
1 0.3822917 0.4535156 0.0416667 0.0335937
5 0.7075521 0.3621094 0.0234375 0.0367188
3 0.4502604 0.5968750 0.0255208 0.0343750
1 0.4648438 0.3785156 0.0223958 0.0601563
4 0.3856771 0.4117188 0.0453125 0.0375000
1 0.6841146 0.5351562 0.0348958 0.0421875
1 0.5372396 0.8457031 0.0432292 0.0304687
4 0.6580729 0.8566406 0.0453125 0.0398437
5 0.3833333 0.5003906 0.0479167 0.0367188
5 0.5510417 0.7687500 0.0333333 0.0546875
2 0.2278646 0.6273437 0.0328125 0.0562500
4 0.4611979 0.8058594 0.0390625 0.0351562
3 0.6062500 0.5871094 0.0447917 0.0382813
5 0.6401042 0.5148438 0.0447917 0.0359375
4 0.4393229 0.6437500 0.0432292 0.0296875
4 0.5174479 0.4312500 0.0255208 0.0375000
4 0.6684896 0.3820312 0.0473958 0.0359375
4 0.4335938 0.6375000 0.0203125 0.0343750
2 0.6664062 0.7585937 0.0223958 0.0453125
4 0.5458333 0.5511719 0.0489583 0.0414062
4 0.5171875 0.2546875 0.0187500 0.0625000
0 0.6645833 0.3031250 0.0250000 0.0656250
1 0.4976563 0.4585938 0.0338542 0.0406250
0 0.4052083 0.4234375 0.0416667 0.0531250
3 0.6906250 0.6015625 0.0229167 0.0312500
2 0.5471354 0.5070313 0.0203125 0.0421875
2 0.5205729 0.2937500 0.0192708 0.0578125
1 0.2619792 0.6117187 0.0312500 0.0546875
1 0.3072917 0.6847656 0.0302083 0.0523438
5 0.4734375 0.6160156 0.0333333 0.0539063
5 0.7591146 0.6558594 0.0432292 0.0320312
4 0.4880208 0.2058594 0.0406250 0.0320312
1 0.6786458 0.2855469 0.0458333 0.0320312
4 0.5536458 0.4164062 0.0291667 0.0546875
5 0.7260417 0.5292969 0.0364583 0.0507812
0 0.4611979 0.8839844 0.0453125 0.0320312
8 0.5270833 0.4910156 0.0406250 0.0710937
8 0.3593750 0.5839844 0.0375000 0.0445313
6 0.4216146 0.0988281 0.0348958 0.0429688
6 0.6440104 0.8277344 0.0421875 0.0445313
11 0.5591146 0.3675781 0.0348958 0.0382813
8 0.6546875 0.5835938 0.0447917 0.0437500
9 0.4687500 0.7714844 0.0406250 0.0414062
10 0.6645833 0.3644531 0.0427083 0.0414062
11 0.6164063 0.7167969 0.0390625 0.0382813
8 0.5927083 0.5597656 0.0437500 0.0617188
8 0.5835938 0.0738281 0.0411458 0.0523438
11 0.6528646 0.5312500 0.0432292 0.0421875
6 0.4460938 0.2093750 0.0276042 0.0390625
7 0.4132812 0.3765625 0.0390625 0.0390625
6 0.4914062 0.3125000 0.0276042 0.0406250
8 0.5091146 0.3320312 0.0296875 0.0484375
