1 0.5958333 0.5847656 0.0156250 0.0273438
4 0.3020833 0.2105469 0.0218750 0.0195312
1 0.4536458 0.3820312 0.0281250 0.0171875
4 0.2851562 0.2773438 0.0140625 0.0218750
2 0.4742188 0.1890625 0.0328125 0.0218750
3 0.5005208 0.2101562 0.0302083 0.0218750
4 0.6153646 0.2453125 0.0317708 0.0234375
5 0.7255208 0.2632813 0.0239583 0.0375000
2 0.7934896 0.5574219 0.0296875 0.0304687
5 0.3414063 0.6492187 0.0307292 0.0234375
0 0.5424479 0.0976562 0.0182292 0.0390625
4 0.5044271 0.5175781 0.0140625 0.0320312
3 0.6192708 0.4894531 0.0156250 0.0335937
0 0.5919271 0.7609375 0.0171875 0.0421875
4 0.4356771 0.4695313 0.0276042 0.0234375
3 0.5911458 0.7312500 0.0302083 0.0234375
3 0.4135417 0.3996094 0.0197917 0.0304687
5 0.7169271 0.7289062 0.0255208 0.0250000
3 0.5799479 0.2781250 0.0296875 0.0203125
0 0.7203125 0.4464844 0.0229167 0.0210938
6 0.4864583 0.7421875 0.0187500 0.0437500
10 0.6414062 0.5574219 0.0317708 0.0304687
11 0.5466146 0.1980469 0.0276042 0.0320312
9 0.4958333 0.3707031 0.0312500 0.0367188
11 0.4502604 0.5460938 0.0213542 0.0375000
9 0.4296875 0.3910156 0.0291667 0.0320312
6 0.5341146 0.9355469 0.0276042 0.0476562
9 0.5932292 0.3714844 0.0229167 0.0289063
9 0.7031250 0.5578125 0.0281250 0.0421875
11 0.4299479 0.1089844 0.0296875 0.0382813
11 0.5244792 0.4886719 0.0291667 0.0445313
7 0.4541667 0.6617188 0.0208333 0.0390625
6 0.7208333 0.1839844 0.0270833 0.0289063
6 0.3640625 0.5296875 0.0197917 0.0390625
11 0.6992188 0.3851562 0.0286458 0.0406250
8 0.7078125 0.6500000 0.0197917 0.0453125
10 0.4023438 0.2234375 0.0213542 0.0281250
6 0.3695312 0.4011719 0.0213542 0.0273438
7 0.6388021 0.0718750 0.0276042 0.0312500
9 0.4138021 0.2667969 0.0203125 0.0460938
