3 0.6140625 0.5546875 0.0177083 0.0281250
1 0.5911458 0.7183594 0.0166667 0.0445313
7 0.6950521 0.5253906 0.0307292 0.0289063
6 0.4687500 0.3921875 0.0197917 0.0437500
10 0.6799479 0.5515625 0.0286458 0.0281250
9 0.6757812 0.5007812 0.0296875 0.0375000
10 0.5182292 0.1320312 0.0197917 0.0468750
6 0.6278646 0.3777344 0.0192708 0.0289063
6 0.4213542 0.8289062 0.0197917 0.0468750
7 0.3960938 0.6625000 0.0307292 0.0359375
6 0.7283854 0.7398438 0.0307292 0.0312500
7 0.5992188 0.7144531 0.0192708 0.0289063
8 0.5716146 0.6914062 0.0296875 0.0296875
11 0.4145833 0.8765625 0.0291667 0.0421875
9 0.4062500 0.7636719 0.0291667 0.0320312
10 0.6140625 0.5707031 0.0239583 0.0398437
8 0.3247396 0.5671875 0.0296875 0.0296875
9 0.4575521 0.7898437 0.0203125 0.0375000
