0 0.5799479 0.1093750 0.0317708 0.0375000
1 0.5843750 0.5191406 0.0177083 0.0476562
1 0.6528646 0.2695312 0.0203125 0.0281250
3 0.5604167 0.6515625 0.0229167 0.0484375
5 0.6656250 0.4089844 0.0322917 0.0320312
3 0.6395833 0.6757812 0.0333333 0.0234375
1 0.5562500 0.1945312 0.0343750 0.0312500
0 0.6476563 0.4097656 0.0203125 0.0445313
4 0.2601562 0.5976562 0.0171875 0.0375000
1 0.7265625 0.5484375 0.0312500 0.0312500
2 0.5984375 0.6953125 0.0322917 0.0281250
5 0.4539063 0.6644531 0.0161458 0.0507812
5 0.3195312 0.4816406 0.0369792 0.0257812
0 0.3791667 0.3820312 0.0250000 0.0421875
3 0.7114583 0.3402344 0.0187500 0.0320312
4 0.5546875 0.3921875 0.0354167 0.0250000
1 0.4372396 0.6667969 0.0265625 0.0320312
0 0.6481771 0.4886719 0.0182292 0.0289063
3 0.4604167 0.6300781 0.0291667 0.0289063
3 0.6341146 0.3058594 0.0317708 0.0304687
5 0.3981771 0.2121094 0.0182292 0.0507812
1 0.6028646 0.1890625 0.0182292 0.0390625
3 0.6966146 0.4296875 0.0171875 0.0328125
5 0.6601562 0.4675781 0.0276042 0.0367188
1 0.5156250 0.3328125 0.0187500 0.0468750
7 0.5265625 0.6011719 0.0187500 0.0351562
8 0.4817708 0.6714844 0.0229167 0.0492187
8 0.4888021 0.2804687 0.0286458 0.0437500
11 0.5929688 0.4167969 0.0317708 0.0351562
8 0.6247396 0.4542969 0.0255208 0.0429688
10 0.3549479 0.2812500 0.0317708 0.0343750
8 0.3080729 0.2433594 0.0338542 0.0335937
6 0.3559896 0.5867187 0.0338542 0.0421875
8 0.3351562 0.6355469 0.0317708 0.0429688
11 0.5104167 0.1519531 0.0333333 0.0351562
8 0.6992188 0.2242187 0.0328125 0.0390625
8 0.5690104 0.4726562 0.0203125 0.0328125
8 0.4955729 0.4621094 0.0296875 0.0507812
6 0.4385417 0.5699219 0.0291667 0.0429688
10 0.4914062 0.8269531 0.0317708 0.0304687
6 0.3960938 0.8277344 0.0223958 0.0523438
6 0.5588542 0.7546875 0.0260417 0.0484375
11 0.3346354 0.2734375 0.0338542 0.0343750
7 0.5596354 0.1664063 0.0213542 0.0500000
