0 0.5192708 0.3394531 0.0354167 0.0273438
3 0.4281250 0.2800781 0.0177083 0.0304687
3 0.5096354 0.6472656 0.0234375 0.0304687
4 0.5330729 0.4789062 0.0286458 0.0265625
4 0.4890625 0.2167969 0.0197917 0.0304687
0 0.3299479 0.3093750 0.0151042 0.0250000
0 0.6471354 0.7066406 0.0182292 0.0507812
5 0.2708333 0.4316406 0.0250000 0.0429688
5 0.3903646 0.1203125 0.0213542 0.0500000
0 0.5515625 0.5582031 0.0145833 0.0257812
1 0.4528646 0.8378906 0.0255208 0.0414062
1 0.3408854 0.6886719 0.0171875 0.0507812
2 0.5570312 0.8304687 0.0317708 0.0250000
0 0.5632812 0.5832031 0.0286458 0.0242188
2 0.6789063 0.6566406 0.0171875 0.0507812
2 0.7046875 0.3976562 0.0145833 0.0218750
1 0.5770833 0.4589844 0.0364583 0.0210938
2 0.4518229 0.6988281 0.0338542 0.0242188
5 0.6651042 0.2945313 0.0312500 0.0312500
1 0.5390625 0.4632812 0.0364583 0.0281250
3 0.4523437 0.6160156 0.0234375 0.0398437
4 0.5570312 0.8050781 0.0276042 0.0257812
4 0.6138021 0.6359375 0.0151042 0.0484375
5 0.2867188 0.7710938 0.0171875 0.0531250
0 0.6046875 0.3675781 0.0333333 0.0242188
4 0.6585937 0.6976562 0.0255208 0.0250000
3 0.5307292 0.7597656 0.0312500 0.0257812
5 0.6122396 0.8183594 0.0286458 0.0335937
2 0.4950521 0.2167969 0.0234375 0.0320312
0 0.5570312 0.6699219 0.0182292 0.0570312
4 0.5755208 0.3628906 0.0312500 0.0367188
4 0.6101562 0.5691406 0.0161458 0.0257812
3 0.6263021 0.3769531 0.0161458 0.0382813
0 0.5937500 0.6007813 0.0145833 0.0281250
1 0.6182292 0.3867188 0.0239583 0.0265625
5 0.7526042 0.8058594 0.0333333 0.0273438
4 0.3057292 0.4742188 0.0322917 0.0296875
3 0.1255208 0.4488281 0.0281250 0.0351562
3 0.6794271 0.4535156 0.0328125 0.0226562
0 0.3007812 0.4582031 0.0213542 0.0351562
5 0.4796875 0.8199219 0.0187500 0.0289063
3 0.6968750 0.6933594 0.0270833 0.0242188
3 0.2908854 0.4054687 0.0286458 0.0312500
2 0.3460937 0.3277344 0.0234375 0.0242188
1 0.4013021 0.4398437 0.0328125 0.0218750
1 0.2945313 0.2554688 0.0244792 0.0421875
3 0.5830729 0.2402344 0.0171875 0.0242188
1 0.5104167 0.3867188 0.0177083 0.0453125
1 0.4755208 0.7613281 0.0281250 0.0289063
5 0.4950521 0.0523438 0.0317708 0.0328125
0 0.4276042 0.7007813 0.0145833 0.0484375
4 0.5447917 0.1957031 0.0270833 0.0257812
0 0.4544271 0.6554688 0.0338542 0.0296875
0 0.5687500 0.4980469 0.0218750 0.0289063
5 0.3250000 0.6738281 0.0208333 0.0476562
4 0.3674479 0.2828125 0.0171875 0.0515625
3 0.6523438 0.5171875 0.0296875 0.0296875
2 0.6205729 0.4460938 0.0223958 0.0453125
2 0.4895833 0.5117188 0.0156250 0.0234375
0 0.4916667 0.7632813 0.0354167 0.0218750
5 0.4231771 0.6941406 0.0182292 0.0351562
1 0.6132812 0.4132812 0.0286458 0.0218750
7 0.6882812 0.6386719 0.0348958 0.0382813
10 0.5057292 0.6816406 0.0229167 0.0414062
6 0.3242188 0.2566406 0.0244792 0.0476562
8 0.3518229 0.2972656 0.0213542 0.0476562
7 0.5119792 0.3777344 0.0281250 0.0304687
9 0.5968750 0.6031250 0.0302083 0.0312500
