2 0.4007812 0.2457031 0.0234375 0.0226562
5 0.5247396 0.4300781 0.0286458 0.0195312
5 0.6304688 0.6980469 0.0276042 0.0226562
2 0.4242187 0.4609375 0.0255208 0.0156250
0 0.6070313 0.7851562 0.0213542 0.0296875
0 0.6317708 0.2929688 0.0260417 0.0187500
5 0.4520833 0.6250000 0.0218750 0.0218750
5 0.7518229 0.6648437 0.0276042 0.0234375
5 0.4377604 0.4046875 0.0171875 0.0328125
2 0.3682292 0.8546875 0.0166667 0.0296875
4 0.6880208 0.3214844 0.0187500 0.0367188
0 0.3218750 0.2347656 0.0270833 0.0210938
7 0.3674479 0.5695313 0.0276042 0.0265625
7 0.5578125 0.6242188 0.0239583 0.0234375
8 0.4750000 0.7195312 0.0229167 0.0281250
10 0.3322917 0.8433594 0.0229167 0.0257812
11 0.4562500 0.7878906 0.0177083 0.0304687
9 0.6804687 0.6121094 0.0203125 0.0242188
6 0.6453125 0.5617188 0.0270833 0.0265625
6 0.5645833 0.3277344 0.0239583 0.0242188
7 0.3101563 0.4164062 0.0244792 0.0234375
9 0.4755208 0.3824219 0.0229167 0.0242188
9 0.7187500 0.5707031 0.0250000 0.0242188
8 0.4622396 0.5101562 0.0192708 0.0281250
6 0.4747396 0.3566406 0.0276042 0.0289063
10 0.5369792 0.4867187 0.0260417 0.0250000
6 0.7049479 0.1992188 0.0203125 0.0390625
8 0.7260417 0.3273437 0.0270833 0.0265625
11 0.6372396 0.5781250 0.0223958 0.0234375
