3 0.5757813 0.3464844 0.0526042 0.0523438
0 0.5088542 0.2683594 0.0541667 0.0898438
4 0.4877604 0.9191406 0.0484375 0.0820312
4 0.2119792 0.3570313 0.0656250 0.0484375
0 0.7869792 0.2093750 0.0635417 0.0515625
4 0.6859375 0.4609375 0.0416667 0.0968750
0 0.5622396 0.6011719 0.0505208 0.0585938
2 0.3359375 0.3074219 0.0520833 0.0835937
0 0.5830729 0.6292969 0.0640625 0.0460938
5 0.6083333 0.4496094 0.0572917 0.0726563
3 0.4070313 0.3125000 0.0692708 0.0515625
0 0.6513021 0.2652344 0.0671875 0.0445313
5 0.4888021 0.3511719 0.0317708 0.0617188
4 0.4859375 0.5750000 0.0614583 0.0796875
4 0.4984375 0.3039062 0.0468750 0.0578125
0 0.5528646 0.2421875 0.0546875 0.0406250
1 0.5132813 0.4296875 0.0421875 0.0640625
4 0.5182292 0.3003906 0.0489583 0.0523438
4 0.5877604 0.4023438 0.0640625 0.0765625
3 0.2669271 0.6269531 0.0359375 0.0539063
4 0.5210938 0.3828125 0.0567708 0.0921875
2 0.4341146 0.1714844 0.0348958 0.0664062
3 0.6796875 0.6496094 0.0729167 0.0554687
2 0.5609375 0.0359375 0.0447917 0.0718750
3 0.5197917 0.5000000 0.0729167 0.0625000
2 0.3924479 0.4273438 0.0630208 0.0484375
1 0.5296875 0.2105469 0.0531250 0.0382813
2 0.3960938 0.8160156 0.0390625 0.0554687
0 0.3666667 0.6453125 0.0510417 0.0656250
3 0.5395833 0.4632812 0.0750000 0.0562500
10 0.7492188 0.7863281 0.0494792 0.0648438
9 0.6192708 0.6421875 0.0479167 0.1109375
11 0.5135417 0.5300781 0.0708333 0.0695313
6 0.6708333 0.6074219 0.0687500 0.0726563
6 0.3002604 0.8003906 0.0473958 0.1023437
11 0.4625000 0.5156250 0.0614583 0.0640625
10 0.7643229 0.7042969 0.0411458 0.0960938
9 0.7156250 0.7136719 0.0666667 0.0648438
8 0.5536458 0.5660156 0.0666667 0.0648438
10 0.5984375 0.3136719 0.0416667 0.0976562
6 0.6372396 0.3960938 0.0723958 0.0703125
7 0.3328125 0.6906250 0.0625000 0.0843750
7 0.5497396 0.2023437 0.0578125 0.0984375
11 0.4328125 0.8242188 0.0656250 0.1000000
7 0.4510417 0.7085938 0.0447917 0.0765625
7 0.6997396 0.6246094 0.0671875 0.0710937
10 0.6591146 0.6664062 0.0630208 0.0781250
10 0.3320312 0.6351562 0.0473958 0.0687500
10 0.6973958 0.7523437 0.0677083 0.0656250
10 0.4502604 0.6312500 0.0453125 0.0890625
