2 0.5812500 0.1953125 0.0354167 0.0312500
5 0.6036458 0.4960938 0.0364583 0.0281250
3 0.5721354 0.6011719 0.0317708 0.0351562
4 0.6755208 0.5148438 0.0322917 0.0265625
0 0.5669271 0.3511719 0.0182292 0.0429688
5 0.3096354 0.6066406 0.0244792 0.0273438
2 0.5838542 0.7019531 0.0364583 0.0304687
5 0.5299479 0.7507812 0.0296875 0.0281250
3 0.5229167 0.2183594 0.0156250 0.0523438
5 0.6049479 0.4687500 0.0390625 0.0265625
0 0.5768229 0.3550781 0.0213542 0.0476562
2 0.2596354 0.6828125 0.0182292 0.0375000
5 0.4848958 0.4523437 0.0291667 0.0281250
4 0.7330729 0.4656250 0.0192708 0.0281250
4 0.6984375 0.4445312 0.0322917 0.0250000
3 0.4828125 0.7027344 0.0197917 0.0382813
2 0.3934896 0.5429688 0.0359375 0.0265625
1 0.6054688 0.7289062 0.0192708 0.0203125
3 0.4143229 0.4046875 0.0203125 0.0328125
2 0.3372396 0.4968750 0.0317708 0.0265625
0 0.6085938 0.3500000 0.0244792 0.0234375
3 0.6432292 0.8566406 0.0177083 0.0492187
1 0.4354167 0.5625000 0.0166667 0.0515625
1 0.3736979 0.7718750 0.0348958 0.0250000
5 0.7125000 0.4140625 0.0385417 0.0281250
4 0.3252604 0.2011719 0.0171875 0.0507812
3 0.2640625 0.3750000 0.0354167 0.0281250
2 0.4760417 0.4953125 0.0375000 0.0281250
1 0.3572917 0.6308594 0.0375000 0.0289063
1 0.4736979 0.3656250 0.0203125 0.0390625
3 0.6731771 0.4167969 0.0171875 0.0570312
0 0.5617188 0.5804687 0.0213542 0.0281250
3 0.5286458 0.8093750 0.0166667 0.0500000
1 0.6119792 0.4808594 0.0343750 0.0257812
5 0.4601562 0.2078125 0.0151042 0.0546875
0 0.5606771 0.4707031 0.0338542 0.0242188
5 0.5148438 0.6882812 0.0276042 0.0453125
4 0.5328125 0.2621094 0.0260417 0.0476562
5 0.5367188 0.2824219 0.0255208 0.0367188
3 0.4473958 0.3460937 0.0260417 0.0203125
0 0.6372396 0.6808594 0.0223958 0.0554687
3 0.7192708 0.4015625 0.0322917 0.0343750
4 0.6104167 0.5140625 0.0250000 0.0375000
3 0.5260417 0.6964844 0.0322917 0.0195312
1 0.6208333 0.0761719 0.0281250 0.0257812
3 0.5130208 0.7910156 0.0145833 0.0476562
0 0.3807292 0.3894531 0.0354167 0.0335937
5 0.6989583 0.2332031 0.0375000 0.0242188
1 0.4799479 0.6480469 0.0255208 0.0289063
4 0.4744792 0.1488281 0.0291667 0.0367188
4 0.3760417 0.7746094 0.0229167 0.0476562
2 0.4601562 0.3957031 0.0151042 0.0570312
2 0.6098958 0.7800781 0.0218750 0.0367188
4 0.4679687 0.4707031 0.0182292 0.0492187
5 0.6802083 0.4867187 0.0354167 0.0343750
3 0.4804688 0.4105469 0.0161458 0.0507812
1 0.4244792 0.6406250 0.0208333 0.0406250
4 0.5359375 0.3539062 0.0260417 0.0453125
5 0.6156250 0.3382812 0.0302083 0.0359375
2 0.6049479 0.5605469 0.0348958 0.0257812
3 0.5408854 0.3777344 0.0328125 0.0351562
4 0.4484375 0.7421875 0.0208333 0.0296875
3 0.2653646 0.5515625 0.0380208 0.0265625
9 0.4703125 0.3308594 0.0229167 0.0335937
