5 0.3236979 0.5886719 0.0317708 0.0695313
4 0.5421875 0.5312500 0.0687500 0.0484375
4 0.7164063 0.3496094 0.0567708 0.0835937
2 0.4606771 0.6007813 0.0380208 0.0562500
1 0.3463542 0.5511719 0.0666667 0.0445313
0 0.3726563 0.2792969 0.0598958 0.0882813
1 0.3148437 0.2507813 0.0401042 0.0437500
3 0.3070312 0.2933594 0.0411458 0.1007813
1 0.6403646 0.8949219 0.0692708 0.0710937
0 0.6281250 0.6312500 0.0656250 0.0546875
5 0.6893229 0.2515625 0.0682292 0.0734375
3 0.3468750 0.5230469 0.0489583 0.0851563
1 0.5494792 0.1015625 0.0625000 0.0687500
5 0.4169271 0.4367187 0.0473958 0.0562500
3 0.4195313 0.3625000 0.0390625 0.0703125
2 0.2869792 0.7105469 0.0656250 0.0617188
2 0.4229167 0.2953125 0.0614583 0.0531250
10 0.4164062 0.5859375 0.0557292 0.0796875
