5 0.4088542 0.5082031 0.0468750 0.0570312
2 0.7854167 0.3652344 0.0302083 0.0585938
1 0.3916667 0.3347656 0.0479167 0.0945312
2 0.4942708 0.4730469 0.0697917 0.0554687
4 0.5213542 0.7851562 0.0541667 0.0437500
1 0.6846354 0.6281250 0.0661458 0.0500000
1 0.6429687 0.6542969 0.0661458 0.0570312
0 0.5309896 0.5773438 0.0421875 0.0718750
5 0.3393229 0.3371094 0.0369792 0.0742188
0 0.5890625 0.1820313 0.0458333 0.0562500
4 0.5096354 0.6292969 0.0401042 0.0726563
5 0.5747396 0.9921875 0.0244792 0.0140625
2 0.7117187 0.6375000 0.0328125 0.0937500
3 0.3963542 0.2109375 0.0635417 0.0500000
1 0.4924479 0.6824219 0.0609375 0.0414062
5 0.6260417 0.4628906 0.0427083 0.0914062
2 0.3070312 0.5847656 0.0692708 0.0492187
1 0.4505208 0.8355469 0.0343750 0.0976562
9 0.6419271 0.4187500 0.0567708 0.0562500
10 0.6846354 0.2566406 0.0598958 0.0585938
10 0.5809896 0.1726563 0.0380208 0.0890625
8 0.6947917 0.5750000 0.0552083 0.0546875
8 0.6265625 0.5054688 0.0479167 0.0562500
