0 0.5651042 0.3808594 0.0614583 0.0476562
2 0.3565104 0.1792969 0.0359375 0.0898438
5 0.3679688 0.5652344 0.0505208 0.0585938
3 0.3065104 0.7015625 0.0619792 0.0453125
5 0.5250000 0.1324219 0.0479167 0.0757812
4 0.4830729 0.7320313 0.0276042 0.0468750
0 0.5273438 0.8457031 0.0338542 0.0710937
0 0.7005208 0.5871094 0.0531250 0.0804688
0 0.5549479 0.4835937 0.0640625 0.0562500
0 0.7143229 0.6437500 0.0578125 0.0421875
2 0.4562500 0.5957031 0.0270833 0.0617188
1 0.6484375 0.4226563 0.0427083 0.0703125
3 0.2481771 0.5203125 0.0619792 0.0515625
4 0.4372396 0.3527344 0.0276042 0.0914062
4 0.5065104 0.7011719 0.0526042 0.0664062
3 0.5822917 0.7269531 0.0562500 0.0476562
5 0.6278646 0.7699219 0.0453125 0.0914062
4 0.7494792 0.3679688 0.0625000 0.0500000
5 0.6052083 0.6621094 0.0416667 0.0445313
4 0.4346354 0.5585938 0.0619792 0.0687500
0 0.2041667 0.6761719 0.0312500 0.0976562
2 0.3502604 0.5550781 0.0411458 0.0632812
1 0.5145833 0.1242188 0.0562500 0.0687500
1 0.4682292 0.5273438 0.0562500 0.0375000
1 0.4773438 0.5117188 0.0338542 0.0484375
0 0.6572917 0.2964844 0.0291667 0.0757812
0 0.5346354 0.8562500 0.0578125 0.0750000
1 0.5562500 0.3664062 0.0270833 0.0421875
5 0.5205729 0.1292969 0.0526042 0.0757812
3 0.6052083 0.5812500 0.0458333 0.0687500
0 0.3791667 0.4074219 0.0593750 0.0632812
4 0.4265625 0.4953125 0.0354167 0.0859375
5 0.4281250 0.5332031 0.0572917 0.0523438
5 0.3994792 0.1992188 0.0322917 0.0750000
0 0.6234375 0.4750000 0.0354167 0.0421875
4 0.6786458 0.5183594 0.0656250 0.0445313
4 0.6093750 0.5945312 0.0625000 0.0453125
1 0.5057292 0.3804688 0.0458333 0.0593750
2 0.1846354 0.5425781 0.0328125 0.0695313
1 0.7890625 0.6746094 0.0656250 0.0507812
3 0.4703125 0.5589844 0.0364583 0.0539063
1 0.6963542 0.3574219 0.0364583 0.1007813
4 0.8611979 0.5414062 0.0598958 0.0500000
1 0.5182292 0.5972656 0.0385417 0.0664062
1 0.5002604 0.6937500 0.0557292 0.0703125
3 0.3317708 0.2714844 0.0614583 0.0476562
3 0.7268229 0.7683594 0.0338542 0.0695313
1 0.7507812 0.6261719 0.0484375 0.0726563
1 0.5927083 0.5976562 0.0333333 0.0812500
3 0.3770833 0.3898437 0.0322917 0.0656250
0 0.3062500 0.6660156 0.0364583 0.0726563
4 0.5921875 0.1429688 0.0583333 0.0625000
2 0.2736979 0.6144531 0.0505208 0.0695313
3 0.5924479 0.6296875 0.0630208 0.0578125
0 0.6184896 0.6996094 0.0588542 0.0523438
5 0.4187500 0.7980469 0.0427083 0.0476562
0 0.2859375 0.0910156 0.0593750 0.0507812
3 0.5500000 0.2617188 0.0510417 0.0781250
5 0.4119792 0.6628906 0.0625000 0.0429688
2 0.4760417 0.8089844 0.0427083 0.0804688
1 0.4158854 0.4312500 0.0692708 0.0484375
1 0.4250000 0.7558594 0.0281250 0.0664062
11 0.5580729 0.4214844 0.0380208 0.0851563
7 0.4648438 0.8289062 0.0526042 0.0781250
