5 0.5531250 0.4757812 0.0468750 0.0406250
1 0.8015625 0.5558594 0.0364583 0.0476562
0 0.6697917 0.6027344 0.0552083 0.0398437
2 0.4557292 0.7304688 0.0302083 0.0421875
5 0.4734375 0.8019531 0.0302083 0.0710937
3 0.5752604 0.2812500 0.0463542 0.0328125
0 0.2666667 0.6601562 0.0531250 0.0281250
3 0.5059896 0.8121094 0.0484375 0.0460938
3 0.3421875 0.4222656 0.0552083 0.0367188
4 0.4484375 0.6953125 0.0354167 0.0546875
4 0.3312500 0.3769531 0.0468750 0.0445313
5 0.5450521 0.6835938 0.0317708 0.0421875
5 0.4690104 0.5953125 0.0244792 0.0703125
2 0.5070313 0.8960938 0.0328125 0.0656250
5 0.4671875 0.1695312 0.0250000 0.0390625
5 0.6023437 0.3671875 0.0557292 0.0312500
3 0.5695313 0.5832031 0.0536458 0.0414062
4 0.5526042 0.6148438 0.0385417 0.0437500
3 0.6640625 0.6507812 0.0531250 0.0437500
2 0.5848958 0.5925781 0.0281250 0.0554687
0 0.5145833 0.1210938 0.0322917 0.0703125
4 0.6065104 0.4667969 0.0255208 0.0476562
2 0.4794271 0.5746094 0.0255208 0.0445313
2 0.3945312 0.2082031 0.0526042 0.0367188
1 0.3903646 0.3953125 0.0546875 0.0421875
3 0.7536458 0.4929688 0.0572917 0.0406250
3 0.6601562 0.3671875 0.0515625 0.0562500
1 0.4776042 0.6964844 0.0270833 0.0414062
0 0.2554688 0.3984375 0.0536458 0.0453125
2 0.4877604 0.4804688 0.0338542 0.0671875
1 0.5247396 0.2984375 0.0265625 0.0734375
2 0.6096354 0.5636719 0.0505208 0.0289063
3 0.4841146 0.3691406 0.0338542 0.0367188
3 0.4611979 0.3027344 0.0484375 0.0632812
1 0.4976563 0.9503906 0.0234375 0.0664062
4 0.7437500 0.7601562 0.0541667 0.0453125
3 0.5442708 0.4906250 0.0510417 0.0500000
5 0.6531250 0.7386719 0.0520833 0.0429688
3 0.4171875 0.6726562 0.0260417 0.0312500
2 0.5322917 0.4156250 0.0458333 0.0375000
0 0.4536458 0.6636719 0.0375000 0.0585938
0 0.6822917 0.5742188 0.0468750 0.0515625
3 0.3481771 0.5675781 0.0484375 0.0617188
3 0.3312500 0.6585937 0.0447917 0.0437500
2 0.5976562 0.6328125 0.0505208 0.0500000
3 0.7200521 0.3578125 0.0505208 0.0406250
5 0.5447917 0.7132812 0.0302083 0.0593750
4 0.6822917 0.7546875 0.0510417 0.0375000
0 0.7776042 0.4507813 0.0510417 0.0328125
4 0.6429687 0.5226563 0.0463542 0.0390625
3 0.7210937 0.2542969 0.0359375 0.0742188
4 0.5906250 0.3097656 0.0479167 0.0351562
5 0.4708333 0.8519531 0.0364583 0.0554687
2 0.5958333 0.3562500 0.0281250 0.0750000
4 0.6736979 0.5167969 0.0494792 0.0382813
5 0.3536458 0.7539062 0.0572917 0.0406250
4 0.4518229 0.4234375 0.0515625 0.0406250
5 0.5364583 0.7378906 0.0531250 0.0351562
2 0.4864583 0.5714844 0.0312500 0.0382813
3 0.6552083 0.5292969 0.0572917 0.0429688
4 0.3221354 0.4683594 0.0463542 0.0382813
3 0.6703125 0.5089844 0.0437500 0.0648438
4 0.5796875 0.2464844 0.0468750 0.0460938
0 0.4341146 0.7679687 0.0546875 0.0375000
1 0.6856771 0.3066406 0.0484375 0.0351562
3 0.3833333 0.3593750 0.0437500 0.0765625
2 0.5367188 0.5003906 0.0234375 0.0523438
4 0.6520833 0.1769531 0.0500000 0.0351562
0 0.6578125 0.2886719 0.0479167 0.0367188
4 0.4914062 0.3796875 0.0255208 0.0781250
5 0.6427083 0.7085938 0.0552083 0.0484375
3 0.5864583 0.3921875 0.0500000 0.0296875
3 0.5403646 0.6812500 0.0515625 0.0500000
1 0.5028646 0.7582031 0.0265625 0.0617188
4 0.3500000 0.7460938 0.0447917 0.0515625
5 0.4223958 0.6539063 0.0333333 0.0765625
11 0.5156250 0.6273437 0.0510417 0.0562500
10 0.4630208 0.4773438 0.0427083 0.0437500
8 0.6028646 0.5460938 0.0442708 0.0531250
7 0.3976562 0.3156250 0.0307292 0.0562500
7 0.3575521 0.3976562 0.0348958 0.0500000
11 0.4752604 0.4375000 0.0317708 0.0562500
9 0.5468750 0.5503906 0.0322917 0.0539063
10 0.6510417 0.6585937 0.0479167 0.0453125
9 0.7359375 0.5832031 0.0479167 0.0460938
6 0.6080729 0.6996094 0.0526042 0.0601563
11 0.6494792 0.2980469 0.0489583 0.0492187
