2 0.3783854 0.3539062 0.0286458 0.0203125
3 0.2875000 0.6820312 0.0250000 0.0281250
1 0.7442708 0.2257812 0.0291667 0.0218750
1 0.3268229 0.7953125 0.0276042 0.0218750
2 0.4494792 0.3457031 0.0145833 0.0226562
4 0.7135417 0.5968750 0.0291667 0.0203125
1 0.5388021 0.7640625 0.0192708 0.0250000
6 0.6588542 0.6128906 0.0166667 0.0335937
10 0.5401042 0.4582031 0.0229167 0.0304687
7 0.6674479 0.3316406 0.0171875 0.0414062
8 0.4192708 0.2257812 0.0177083 0.0390625
10 0.7304688 0.5402344 0.0244792 0.0289063
