4 0.7200521 0.4382813 0.0244792 0.0234375
5 0.3664062 0.1804688 0.0182292 0.0437500
3 0.7174479 0.6574219 0.0171875 0.0273438
4 0.4338542 0.3191406 0.0218750 0.0226562
4 0.4835937 0.3957031 0.0151042 0.0398437
1 0.7255208 0.6015625 0.0291667 0.0203125
4 0.3812500 0.5164062 0.0135417 0.0421875
3 0.5177083 0.6570312 0.0312500 0.0250000
3 0.6307292 0.8195313 0.0312500 0.0218750
5 0.4565104 0.4804688 0.0255208 0.0187500
3 0.4445312 0.2933594 0.0192708 0.0429688
2 0.6114583 0.3171875 0.0322917 0.0234375
1 0.4158854 0.5175781 0.0255208 0.0273438
4 0.5270833 0.7945313 0.0312500 0.0203125
1 0.7148438 0.3156250 0.0328125 0.0234375
2 0.5703125 0.6640625 0.0177083 0.0375000
0 0.7671875 0.3761719 0.0291667 0.0210938
2 0.7309896 0.5058594 0.0276042 0.0351562
0 0.4492188 0.2640625 0.0244792 0.0421875
3 0.6726562 0.2242187 0.0151042 0.0218750
5 0.5947917 0.3527344 0.0291667 0.0242188
1 0.6231771 0.4375000 0.0192708 0.0343750
3 0.6854167 0.4757812 0.0166667 0.0437500
4 0.6088542 0.8687500 0.0208333 0.0468750
5 0.6312500 0.3996094 0.0302083 0.0335937
1 0.6773438 0.5234375 0.0338542 0.0265625
0 0.2557292 0.2242187 0.0322917 0.0281250
1 0.5174479 0.4675781 0.0255208 0.0273438
2 0.6997396 0.8867188 0.0286458 0.0234375
3 0.3364583 0.7179688 0.0156250 0.0515625
5 0.3854167 0.3593750 0.0302083 0.0203125
4 0.4281250 0.3476562 0.0145833 0.0265625
1 0.6049479 0.5757813 0.0151042 0.0203125
0 0.3765625 0.6492187 0.0281250 0.0343750
2 0.7432292 0.5710937 0.0312500 0.0234375
2 0.5070313 0.5089844 0.0182292 0.0273438
3 0.5450521 0.4570312 0.0307292 0.0218750
4 0.6911458 0.6917969 0.0322917 0.0242188
2 0.6513021 0.3863281 0.0213542 0.0195312
3 0.7828125 0.5324219 0.0197917 0.0445313
1 0.4013021 0.4398437 0.0244792 0.0312500
4 0.4664063 0.2238281 0.0213542 0.0320312
1 0.5882812 0.6640625 0.0296875 0.0265625
5 0.6645833 0.7605469 0.0145833 0.0210938
2 0.3778646 0.6667969 0.0286458 0.0304687
6 0.5708333 0.7703125 0.0291667 0.0281250
9 0.4281250 0.5925781 0.0229167 0.0273438
7 0.5309896 0.8164062 0.0223958 0.0468750
9 0.6343750 0.1738281 0.0281250 0.0335937
8 0.6479167 0.1714844 0.0322917 0.0304687
8 0.3479167 0.5320312 0.0322917 0.0375000
