5 0.4539063 0.5398437 0.0151042 0.0390625
3 0.5835938 0.6464844 0.0307292 0.0320312
0 0.3354167 0.2214844 0.0302083 0.0195312
4 0.7432292 0.3394531 0.0322917 0.0257812
0 0.4695313 0.5457031 0.0182292 0.0414062
4 0.3335938 0.3242188 0.0296875 0.0203125
5 0.5885417 0.6636719 0.0302083 0.0179687
2 0.4057292 0.6554688 0.0156250 0.0453125
5 0.7184896 0.5394531 0.0171875 0.0289063
1 0.4148438 0.5792969 0.0307292 0.0273438
2 0.6307292 0.7253906 0.0322917 0.0304687
0 0.4989583 0.2761719 0.0166667 0.0273438
3 0.5093750 0.3597656 0.0187500 0.0367188
4 0.7390625 0.6363281 0.0291667 0.0304687
5 0.3236979 0.5273438 0.0328125 0.0234375
5 0.6864583 0.0710937 0.0333333 0.0234375
2 0.6440104 0.7000000 0.0223958 0.0328125
2 0.4145833 0.5593750 0.0156250 0.0250000
2 0.4083333 0.3632812 0.0208333 0.0343750
3 0.5510417 0.2027344 0.0208333 0.0398437
0 0.3398438 0.7660156 0.0234375 0.0179687
2 0.4635417 0.6566406 0.0343750 0.0242188
1 0.3348958 0.6335937 0.0333333 0.0218750
5 0.4020833 0.3355469 0.0302083 0.0304687
4 0.3286458 0.4175781 0.0218750 0.0226562
2 0.5429688 0.7152344 0.0307292 0.0320312
3 0.3283854 0.4625000 0.0338542 0.0250000
3 0.4257812 0.4769531 0.0317708 0.0335937
4 0.3877604 0.6671875 0.0151042 0.0406250
1 0.3781250 0.5585938 0.0229167 0.0343750
4 0.6713542 0.4406250 0.0125000 0.0328125
3 0.4666667 0.6964844 0.0333333 0.0242188
2 0.5143229 0.6359375 0.0213542 0.0296875
0 0.6835938 0.3710938 0.0348958 0.0265625
2 0.5502604 0.7808594 0.0296875 0.0242188
3 0.6044271 0.2050781 0.0265625 0.0382813
4 0.6533854 0.3414063 0.0161458 0.0468750
1 0.4895833 0.8648438 0.0166667 0.0234375
2 0.3578125 0.2222656 0.0333333 0.0289063
3 0.5171875 0.5609375 0.0145833 0.0171875
0 0.5643229 0.3648438 0.0276042 0.0234375
1 0.3632812 0.7140625 0.0223958 0.0265625
8 0.5471354 0.4359375 0.0265625 0.0281250
11 0.5645833 0.4730469 0.0291667 0.0367188
11 0.4744792 0.3453125 0.0229167 0.0468750
7 0.3802083 0.4210937 0.0312500 0.0312500
