2 0.7515625 0.3871094 0.0541667 0.0523438
1 0.7382812 0.4277344 0.0390625 0.0742188
3 0.5028646 0.5566406 0.0588542 0.0398437
2 0.3804688 0.4843750 0.0296875 0.0515625
1 0.6234375 0.6304688 0.0531250 0.0515625
4 0.4421875 0.6039062 0.0385417 0.0531250
0 0.3369792 0.2929688 0.0552083 0.0453125
5 0.6914062 0.5296875 0.0536458 0.0359375
4 0.6078125 0.8765625 0.0416667 0.0609375
2 0.4763021 0.5871094 0.0401042 0.0804688
5 0.5791667 0.5648437 0.0604167 0.0406250
2 0.6440104 0.3484375 0.0359375 0.0687500
3 0.6822917 0.5609375 0.0364583 0.0546875
1 0.5606771 0.7769531 0.0515625 0.0695313
1 0.5604167 0.3703125 0.0416667 0.0468750
5 0.6015625 0.9753906 0.0447917 0.0476562
0 0.5213542 0.7273437 0.0572917 0.0484375
5 0.5132813 0.6730469 0.0286458 0.0648438
5 0.5611979 0.4972656 0.0463542 0.0554687
0 0.5122396 0.8585938 0.0432292 0.0421875
2 0.3260417 0.4160156 0.0291667 0.0460938
4 0.6479167 0.4593750 0.0250000 0.0562500
5 0.7078125 0.6722656 0.0541667 0.0367188
3 0.7114583 0.5410156 0.0531250 0.0617188
2 0.4677083 0.5078125 0.0302083 0.0515625
0 0.7257813 0.6539063 0.0557292 0.0390625
3 0.6171875 0.4210937 0.0468750 0.0484375
4 0.3888021 0.8027344 0.0307292 0.0679687
3 0.1861979 0.4972656 0.0515625 0.0429688
3 0.4533854 0.5726562 0.0317708 0.0906250
0 0.4263021 0.2304688 0.0286458 0.0546875
4 0.7554688 0.1792969 0.0276042 0.0789062
5 0.7463542 0.1832031 0.0291667 0.0726563
4 0.4966146 0.6734375 0.0484375 0.0609375
0 0.6583333 0.2808594 0.0291667 0.0789062
5 0.5247396 0.6210938 0.0484375 0.0468750
4 0.2734375 0.5046875 0.0427083 0.0656250
2 0.4039063 0.7601562 0.0536458 0.0390625
4 0.5031250 0.7601562 0.0447917 0.0578125
5 0.3838542 0.4257812 0.0343750 0.0671875
2 0.5401042 0.4550781 0.0291667 0.0898438
1 0.4520833 0.6792969 0.0468750 0.0773438
0 0.6083333 0.0277344 0.0500000 0.0554687
0 0.5619792 0.6980469 0.0343750 0.0742188
5 0.6122396 0.3359375 0.0369792 0.0718750
4 0.4656250 0.5042969 0.0291667 0.0726563
4 0.6039062 0.1550781 0.0359375 0.0429688
0 0.5278646 0.5851563 0.0588542 0.0453125
3 0.5945312 0.9945312 0.0171875 0.0093750
0 0.3205729 0.4113281 0.0588542 0.0445313
4 0.2434896 0.6917969 0.0338542 0.0617188
3 0.7169271 0.8355469 0.0276042 0.0898438
0 0.5656250 0.6789063 0.0333333 0.0640625
1 0.6760417 0.3636719 0.0604167 0.0507812
2 0.6544271 0.3417969 0.0536458 0.0367188
4 0.5325521 0.2804687 0.0286458 0.0406250
1 0.6531250 0.2632813 0.0479167 0.0671875
0 0.6364583 0.4171875 0.0531250 0.0343750
5 0.6828125 0.3523438 0.0447917 0.0687500
2 0.6403646 0.5714844 0.0557292 0.0398437
3 0.3799479 0.5824219 0.0234375 0.0476562
1 0.4263021 0.6546875 0.0276042 0.0765625
2 0.5242187 0.2398437 0.0536458 0.0343750
0 0.4643229 0.7347656 0.0567708 0.0429688
3 0.2424479 0.4113281 0.0442708 0.0523438
2 0.3174479 0.3082031 0.0536458 0.0382813
2 0.7440104 0.3679688 0.0578125 0.0421875
0 0.4000000 0.7132812 0.0416667 0.0703125
5 0.4945312 0.5988281 0.0526042 0.0492187
3 0.6255208 0.6734375 0.0593750 0.0437500
5 0.6533854 0.1179687 0.0442708 0.0390625
2 0.6783854 0.4433594 0.0328125 0.0664062
5 0.6177083 0.1164063 0.0572917 0.0593750
8 0.6567708 0.1902344 0.0437500 0.0804688
