4 0.4807292 0.3800781 0.0572917 0.1757812
1 0.6473958 0.5492187 0.1125000 0.1312500
5 0.7119792 0.7976562 0.0677083 0.1218750
5 0.2908854 0.4511719 0.1078125 0.0757812
5 0.5953125 0.6714844 0.1187500 0.1054688
3 0.4054687 0.7160156 0.0703125 0.1757812
5 0.2893229 0.5007812 0.0911458 0.1031250
3 0.6239583 0.4105469 0.1062500 0.0710937
2 0.4382813 0.7933594 0.0942708 0.1726563
4 0.3361979 0.1808594 0.0703125 0.1867187
0 0.6338542 0.4941406 0.0604167 0.1820313
0 0.5195312 0.3304687 0.1088542 0.0890625
3 0.3054688 0.5910156 0.0578125 0.1210938
5 0.6541667 0.8386719 0.0614583 0.1632812
0 0.4145833 0.2546875 0.0572917 0.1734375
0 0.2945313 0.5535156 0.1286458 0.0679687
4 0.6575521 0.2980469 0.0901042 0.1054688
4 0.6679688 0.7160156 0.1203125 0.0742188
2 0.3138021 0.5015625 0.0598958 0.0984375
4 0.5976562 0.1730469 0.0942708 0.0835937
5 0.5375000 0.5574219 0.1104167 0.1070312
2 0.6736979 0.3582031 0.1255208 0.0664062
1 0.4466146 0.7507812 0.1276042 0.1078125
4 0.5950521 0.5179687 0.1005208 0.1515625
3 0.5434896 0.1214844 0.1223958 0.0945312
1 0.5885417 0.1218750 0.0572917 0.1671875
1 0.6289062 0.7589844 0.1203125 0.0820312
3 0.7927083 0.6515625 0.1166667 0.0906250
0 0.6184896 0.8453125 0.0817708 0.1515625
5 0.3656250 0.2304688 0.1145833 0.0937500
5 0.3315104 0.4593750 0.1067708 0.0859375
2 0.2901042 0.5890625 0.1281250 0.0921875
4 0.4307292 0.5628906 0.1052083 0.0992187
0 0.5684896 0.4953125 0.0640625 0.1046875
1 0.5325521 0.2855469 0.0776042 0.1304687
1 0.7791667 0.5839844 0.1031250 0.1117188
0 0.2885417 0.7308594 0.1052083 0.0945312
8 0.4802083 0.7218750 0.1218750 0.1171875
7 0.4544271 0.5964844 0.0734375 0.1054688
10 0.8190104 0.2484375 0.0890625 0.1609375
11 0.2705729 0.3453125 0.1015625 0.1656250
