3 0.4687500 0.6156250 0.0239583 0.0312500
1 0.5843750 0.4285156 0.0270833 0.0242188
3 0.3416667 0.4964844 0.0291667 0.0257812
2 0.6145833 0.5730469 0.0364583 0.0257812
0 0.4901042 0.5394531 0.0312500 0.0242188
4 0.5773438 0.8125000 0.0338542 0.0265625
2 0.4622396 0.2675781 0.0213542 0.0523438
4 0.5026042 0.4863281 0.0166667 0.0273438
2 0.5132813 0.7687500 0.0203125 0.0421875
4 0.4354167 0.4277344 0.0364583 0.0242188
1 0.2903646 0.6558594 0.0161458 0.0335937
0 0.4179688 0.2265625 0.0255208 0.0265625
2 0.4101562 0.2121094 0.0244792 0.0539063
2 0.7260417 0.4609375 0.0187500 0.0531250
0 0.4442708 0.3730469 0.0270833 0.0335937
3 0.6255208 0.5269531 0.0322917 0.0242188
3 0.4617188 0.2113281 0.0338542 0.0335937
3 0.7507812 0.6316406 0.0328125 0.0289063
3 0.3997396 0.1800781 0.0255208 0.0351562
4 0.4333333 0.3195312 0.0177083 0.0328125
2 0.6447917 0.6265625 0.0208333 0.0468750
3 0.4890625 0.3531250 0.0187500 0.0203125
0 0.3619792 0.3468750 0.0250000 0.0250000
3 0.7815104 0.1433594 0.0369792 0.0289063
0 0.6184896 0.8128906 0.0348958 0.0257812
4 0.7023438 0.2832031 0.0369792 0.0242188
2 0.4872396 0.6464844 0.0286458 0.0289063
1 0.6403646 0.4890625 0.0369792 0.0218750
4 0.6265625 0.7371094 0.0229167 0.0257812
5 0.5414062 0.4207031 0.0338542 0.0351562
6 0.6622396 0.7312500 0.0369792 0.0343750
6 0.6945313 0.7582031 0.0223958 0.0523438
8 0.2458333 0.4167969 0.0343750 0.0335937
7 0.4062500 0.3125000 0.0322917 0.0421875
7 0.5187500 0.1890625 0.0270833 0.0515625
