4 0.3085938 0.4449219 0.0192708 0.0414062
4 0.6919271 0.4882812 0.0307292 0.0281250
4 0.6971354 0.6156250 0.0161458 0.0234375
3 0.3778646 0.7175781 0.0307292 0.0304687
4 0.6513021 0.6164063 0.0234375 0.0546875
5 0.2971354 0.6789063 0.0348958 0.0250000
4 0.6580729 0.2554688 0.0338542 0.0312500
4 0.5786458 0.7664062 0.0333333 0.0265625
2 0.4882812 0.4195313 0.0317708 0.0187500
0 0.6028646 0.9140625 0.0348958 0.0296875
3 0.6625000 0.4011719 0.0291667 0.0242188
2 0.5552083 0.2378906 0.0250000 0.0429688
1 0.7562500 0.6292969 0.0343750 0.0257812
5 0.5437500 0.2601562 0.0364583 0.0203125
2 0.5559896 0.7417969 0.0244792 0.0257812
1 0.5330729 0.6269531 0.0328125 0.0195312
1 0.7080729 0.4246094 0.0192708 0.0460938
3 0.5145833 0.4472656 0.0260417 0.0445313
1 0.5130208 0.1617187 0.0187500 0.0250000
5 0.6044271 0.1738281 0.0338542 0.0304687
1 0.4609375 0.7750000 0.0239583 0.0328125
0 0.5906250 0.5847656 0.0239583 0.0335937
2 0.4179688 0.7375000 0.0317708 0.0265625
4 0.4408854 0.5824219 0.0192708 0.0257812
2 0.4455729 0.5140625 0.0338542 0.0359375
4 0.5098958 0.7054687 0.0177083 0.0468750
4 0.5174479 0.6847656 0.0255208 0.0273438
3 0.4111979 0.3925781 0.0348958 0.0304687
5 0.4216146 0.6808594 0.0213542 0.0351562
3 0.5497396 0.5246094 0.0255208 0.0414062
3 0.3442708 0.3125000 0.0218750 0.0296875
3 0.3898437 0.3925781 0.0307292 0.0492187
2 0.6218750 0.8125000 0.0166667 0.0500000
2 0.7164063 0.5078125 0.0203125 0.0421875
5 0.4182292 0.3617187 0.0302083 0.0359375
2 0.6544271 0.6296875 0.0359375 0.0250000
1 0.3544271 0.2816406 0.0328125 0.0242188
4 0.4028646 0.1371094 0.0171875 0.0414062
2 0.6989583 0.7566406 0.0302083 0.0367188
3 0.6960937 0.7820312 0.0317708 0.0218750
2 0.6388021 0.2695312 0.0234375 0.0390625
3 0.5065104 0.6687500 0.0151042 0.0390625
1 0.6164063 0.5058594 0.0348958 0.0226562
4 0.6255208 0.3335938 0.0322917 0.0234375
1 0.3838542 0.4242187 0.0239583 0.0250000
5 0.5976562 0.2187500 0.0223958 0.0437500
0 0.4867187 0.6558594 0.0244792 0.0523438
5 0.5648437 0.8386719 0.0213542 0.0398437
1 0.7234375 0.2457031 0.0354167 0.0351562
4 0.7632813 0.4253906 0.0338542 0.0289063
8 0.5278646 0.3988281 0.0348958 0.0351562
7 0.4830729 0.1640625 0.0276042 0.0453125
10 0.5111979 0.0968750 0.0317708 0.0312500
8 0.3026042 0.2656250 0.0312500 0.0375000
