1 0.5968750 0.2453125 0.0135417 0.0156250
0 0.2742188 0.5843750 0.0119792 0.0218750
4 0.5286458 0.4453125 0.0197917 0.0187500
2 0.5908854 0.3113281 0.0192708 0.0304687
4 0.6692708 0.3472656 0.0229167 0.0242188
2 0.5203125 0.4738281 0.0125000 0.0195312
4 0.4500000 0.3171875 0.0229167 0.0203125
4 0.5690104 0.4039063 0.0223958 0.0187500
4 0.4572917 0.6312500 0.0166667 0.0296875
4 0.4375000 0.7558594 0.0177083 0.0320312
10 0.4583333 0.6648437 0.0197917 0.0265625
8 0.6544271 0.6503906 0.0234375 0.0273438
9 0.3570313 0.5031250 0.0171875 0.0296875
7 0.6830729 0.6531250 0.0213542 0.0218750
6 0.4138021 0.4941406 0.0130208 0.0257812
10 0.7523437 0.5542969 0.0192708 0.0320312
