4 0.3903646 0.3917969 0.0598958 0.0585938
5 0.5156250 0.5527344 0.0395833 0.0960938
5 0.3971354 0.3980469 0.0578125 0.0835937
5 0.4138021 0.3675781 0.0348958 0.0820312
2 0.4677083 0.5574219 0.0406250 0.0992187
3 0.2382812 0.4687500 0.0640625 0.0593750
3 0.5750000 0.0941406 0.0604167 0.0539063
3 0.7458333 0.7972656 0.0635417 0.0351562
0 0.3968750 0.7710938 0.0531250 0.0656250
1 0.3033854 0.3781250 0.0369792 0.0437500
1 0.7411458 0.3644531 0.0593750 0.0445313
3 0.4664063 0.6593750 0.0390625 0.0796875
11 0.6697917 0.5082031 0.0697917 0.0679687
9 0.6156250 0.1238281 0.0614583 0.0601563
6 0.2882812 0.7429687 0.0609375 0.0687500
7 0.4942708 0.7738281 0.0447917 0.0726563
9 0.4424479 0.7085938 0.0567708 0.0765625
9 0.5994792 0.7191406 0.0520833 0.0664062
6 0.3208333 0.4011719 0.0583333 0.0570312
