0 0.4921875 0.4582031 0.0229167 0.0164063
5 0.5684896 0.6035156 0.0234375 0.0179687
3 0.5156250 0.7753906 0.0197917 0.0195312
4 0.6710938 0.6128906 0.0244792 0.0226562
5 0.5583333 0.6324219 0.0156250 0.0257812
4 0.5091146 0.3406250 0.0192708 0.0250000
4 0.6174479 0.5671875 0.0119792 0.0359375
5 0.4242187 0.6164063 0.0192708 0.0281250
0 0.6585937 0.4285156 0.0182292 0.0257812
3 0.6906250 0.6000000 0.0239583 0.0171875
4 0.4278646 0.1953125 0.0192708 0.0281250
4 0.4489583 0.4429688 0.0208333 0.0234375
3 0.4929688 0.6769531 0.0223958 0.0210938
0 0.4986979 0.4367187 0.0151042 0.0328125
4 0.5710937 0.7496094 0.0244792 0.0164063
5 0.4239583 0.4039063 0.0156250 0.0218750
3 0.4932292 0.4339844 0.0156250 0.0273438
0 0.4643229 0.7968750 0.0192708 0.0328125
3 0.4179688 0.2371094 0.0213542 0.0289063
1 0.7388021 0.4851563 0.0244792 0.0218750
0 0.5596354 0.4394531 0.0161458 0.0257812
2 0.5299479 0.1957031 0.0140625 0.0242188
4 0.6669271 0.2046875 0.0213542 0.0218750
0 0.2281250 0.3992188 0.0125000 0.0203125
5 0.3549479 0.7011719 0.0161458 0.0179687
0 0.6096354 0.6789063 0.0234375 0.0265625
2 0.3531250 0.5921875 0.0218750 0.0234375
2 0.6661458 0.1710937 0.0114583 0.0359375
0 0.5489583 0.4351563 0.0177083 0.0359375
3 0.5575521 0.5000000 0.0140625 0.0156250
5 0.5757813 0.2621094 0.0130208 0.0210938
4 0.5947917 0.7781250 0.0260417 0.0187500
0 0.6578125 0.6421875 0.0250000 0.0218750
1 0.4763021 0.5523438 0.0151042 0.0390625
3 0.6005208 0.2546875 0.0239583 0.0187500
2 0.3283854 0.2871094 0.0213542 0.0257812
3 0.6906250 0.4527344 0.0125000 0.0304687
1 0.5434896 0.8882813 0.0223958 0.0156250
0 0.3554688 0.7046875 0.0130208 0.0203125
3 0.2200521 0.5703125 0.0223958 0.0296875
3 0.3486979 0.2761719 0.0265625 0.0179687
7 0.6559896 0.3496094 0.0223958 0.0210938
6 0.3020833 0.5093750 0.0156250 0.0375000
7 0.3330729 0.2742188 0.0223958 0.0218750
11 0.5460938 0.7644531 0.0171875 0.0382813
6 0.6356771 0.6144531 0.0234375 0.0242188
7 0.2656250 0.3792969 0.0229167 0.0257812
6 0.5059896 0.7917969 0.0244792 0.0304687
7 0.6278646 0.4628906 0.0140625 0.0335937
