5 0.5968750 0.5656250 0.0656250 0.1109375
2 0.6052083 0.4222656 0.0510417 0.0601563
0 0.4130208 0.2144531 0.0718750 0.1070312
0 0.3919271 0.7261719 0.0901042 0.0648438
4 0.6549479 0.7156250 0.0494792 0.0718750
2 0.4476562 0.5277344 0.0536458 0.1257813
0 0.4153646 0.5265625 0.0619792 0.0796875
0 0.6205729 0.8621094 0.0796875 0.0617188
5 0.4770833 0.3410156 0.0572917 0.1382812
5 0.4476562 0.8460937 0.0505208 0.1437500
0 0.5406250 0.2242187 0.0708333 0.1140625
4 0.3945312 0.4414062 0.0453125 0.1281250
2 0.5286458 0.4855469 0.0979167 0.0695313
5 0.6893229 0.7910156 0.0494792 0.1554687
1 0.6424479 0.3031250 0.0703125 0.0796875
0 0.2669271 0.8539062 0.0973958 0.0703125
3 0.5611979 0.4078125 0.1046875 0.0734375
3 0.3515625 0.6058594 0.0427083 0.0710937
0 0.5244792 0.8398438 0.0781250 0.0968750
1 0.2028646 0.6945313 0.0536458 0.1296875
1 0.2921875 0.5812500 0.0677083 0.0812500
2 0.5557292 0.6406250 0.0822917 0.0515625
4 0.5817708 0.4824219 0.1020833 0.0804688
3 0.2971354 0.7042969 0.0598958 0.1242188
1 0.5903646 0.6785156 0.0734375 0.0570312
3 0.5408854 0.4660156 0.0578125 0.1445312
0 0.7221354 0.2632813 0.0755208 0.0984375
0 0.5625000 0.3886719 0.0906250 0.0617188
5 0.2424479 0.5250000 0.0630208 0.0937500
5 0.6114583 0.3187500 0.1031250 0.0875000
3 0.3033854 0.4339844 0.0859375 0.0945312
2 0.6796875 0.0558594 0.0520833 0.1117188
2 0.5367188 0.3906250 0.0557292 0.1453125
5 0.5640625 0.1902344 0.0718750 0.1132812
0 0.5708333 0.5148438 0.0718750 0.1093750
3 0.5809896 0.7621094 0.0578125 0.0742188
4 0.3664062 0.6578125 0.0401042 0.0562500
4 0.4645833 0.3796875 0.0583333 0.1468750
1 0.6083333 0.5800781 0.0916667 0.0695313
0 0.5950521 0.2605469 0.0536458 0.1210938
1 0.5872396 0.2875000 0.1026042 0.0781250
2 0.5479167 0.2519531 0.0791667 0.1023437
5 0.4992187 0.4292969 0.0505208 0.0945312
1 0.4601562 0.6996094 0.0890625 0.0632812
5 0.5859375 0.8417969 0.0854167 0.0617188
1 0.7270833 0.6363281 0.0750000 0.0601563
0 0.4807292 0.7171875 0.0406250 0.0828125
1 0.3953125 0.5625000 0.0989583 0.0671875
3 0.2908854 0.7285156 0.0890625 0.0539063
5 0.4934896 0.1156250 0.0786458 0.1140625
0 0.2562500 0.2699219 0.0500000 0.0898438
5 0.4356771 0.4183594 0.0588542 0.0914062
2 0.4833333 0.5972656 0.0447917 0.0867187
5 0.6994792 0.3199219 0.0656250 0.0695313
2 0.6437500 0.7390625 0.0479167 0.0875000
1 0.2585938 0.7937500 0.0619792 0.1046875
5 0.4653646 0.5449219 0.0567708 0.1398437
5 0.5880208 0.6722656 0.0812500 0.0804688
2 0.6752604 0.6335937 0.0411458 0.1062500
3 0.4484375 0.1058594 0.0656250 0.0914062
3 0.6294271 0.8089844 0.0494792 0.0726563
0 0.5617188 0.6859375 0.0609375 0.0812500
0 0.4166667 0.6062500 0.0437500 0.0859375
5 0.6984375 0.8128906 0.0968750 0.0945312
0 0.5111979 0.8871094 0.0890625 0.0695313
4 0.7877604 0.3550781 0.0901042 0.1023437
5 0.6442708 0.3894531 0.0833333 0.0632812
5 0.2695312 0.5765625 0.0536458 0.1156250
2 0.5255208 0.7929688 0.0968750 0.0656250
2 0.6065104 0.3914063 0.0484375 0.1000000
4 0.6278646 0.2605469 0.0651042 0.0789062
3 0.4242187 0.8781250 0.0515625 0.0687500
4 0.5934896 0.1757812 0.0817708 0.0609375
4 0.6643229 0.5207031 0.0526042 0.1320312
0 0.5882812 0.3554688 0.0890625 0.0734375
2 0.5372396 0.3984375 0.0588542 0.1421875
0 0.4606771 0.7460938 0.0546875 0.0921875
10 0.4122396 0.4648438 0.0921875 0.1312500
10 0.5958333 0.8593750 0.0583333 0.1171875
10 0.5367188 0.3773437 0.0640625 0.1437500
6 0.6940104 0.1460937 0.0901042 0.1140625
6 0.5289063 0.7781250 0.0848958 0.1265625
8 0.4632812 0.5777344 0.0630208 0.0929688
6 0.5338542 0.3359375 0.0791667 0.1015625
7 0.2648437 0.3968750 0.0755208 0.1062500
11 0.5781250 0.7769531 0.0531250 0.0914062
9 0.7179688 0.3207031 0.0942708 0.0914062
7 0.6992188 0.4710937 0.0848958 0.0828125
8 0.6710938 0.4085937 0.0828125 0.0859375
11 0.4315104 0.6773438 0.0911458 0.0921875
6 0.2432292 0.1945312 0.0895833 0.0859375
8 0.7184896 0.5593750 0.0942708 0.1390625
8 0.4039063 0.2164062 0.0869792 0.0906250
