5 0.6377604 0.5019531 0.0130208 0.0289063
5 0.3940104 0.2644531 0.0161458 0.0257812
1 0.5768229 0.4929688 0.0182292 0.0187500
3 0.5354167 0.4523437 0.0208333 0.0156250
3 0.3502604 0.7242188 0.0130208 0.0265625
5 0.5143229 0.2242187 0.0151042 0.0156250
2 0.7505208 0.2191406 0.0135417 0.0257812
4 0.5234375 0.4269531 0.0104167 0.0304687
0 0.7541667 0.5128906 0.0145833 0.0210938
2 0.5002604 0.8492188 0.0182292 0.0312500
4 0.4307292 0.3847656 0.0187500 0.0242188
4 0.4638021 0.8218750 0.0151042 0.0375000
5 0.2744792 0.7464844 0.0208333 0.0195312
0 0.4958333 0.3398438 0.0197917 0.0265625
4 0.4312500 0.6742187 0.0125000 0.0203125
4 0.5708333 0.8312500 0.0239583 0.0171875
0 0.5830729 0.5195312 0.0171875 0.0312500
2 0.3406250 0.6871094 0.0260417 0.0164063
5 0.7955729 0.5839844 0.0244792 0.0242188
5 0.5979167 0.4585938 0.0208333 0.0156250
4 0.3385417 0.4746094 0.0135417 0.0226562
2 0.5864583 0.7304688 0.0239583 0.0171875
2 0.6640625 0.6277344 0.0218750 0.0164063
2 0.5739583 0.4691406 0.0260417 0.0179687
3 0.6106771 0.8066406 0.0140625 0.0335937
0 0.3882813 0.6816406 0.0213542 0.0210938
3 0.3604167 0.6562500 0.0145833 0.0312500
0 0.5505208 0.3472656 0.0135417 0.0320312
5 0.5846354 0.5570312 0.0151042 0.0234375
1 0.5627604 0.6515625 0.0203125 0.0203125
5 0.3088542 0.4429688 0.0229167 0.0140625
4 0.2901042 0.4308594 0.0197917 0.0289063
2 0.4979167 0.7085938 0.0260417 0.0218750
0 0.5695313 0.3808594 0.0151042 0.0226562
4 0.2984375 0.8484375 0.0156250 0.0359375
5 0.5226563 0.9882812 0.0140625 0.0218750
4 0.3000000 0.4457031 0.0250000 0.0164063
3 0.6307292 0.7957031 0.0239583 0.0179687
3 0.6135417 0.6984375 0.0218750 0.0312500
4 0.5166667 0.3238281 0.0145833 0.0226562
4 0.5726562 0.7304688 0.0098958 0.0171875
5 0.5713542 0.8132812 0.0229167 0.0187500
4 0.3484375 0.7718750 0.0239583 0.0203125
5 0.2617188 0.5007812 0.0151042 0.0171875
2 0.4794271 0.4796875 0.0151042 0.0218750
1 0.5276042 0.5914063 0.0156250 0.0250000
3 0.6195312 0.3972656 0.0255208 0.0164063
7 0.5192708 0.4906250 0.0197917 0.0218750
11 0.4708333 0.3882813 0.0156250 0.0359375
11 0.5028646 0.5136719 0.0203125 0.0226562
