5 0.5671875 0.1683594 0.0260417 0.0320312
0 0.7000000 0.7324219 0.0281250 0.0195312
1 0.3367188 0.6445312 0.0171875 0.0468750
3 0.4354167 0.5910156 0.0208333 0.0367188
0 0.3929687 0.4851563 0.0307292 0.0203125
5 0.5721354 0.3746094 0.0286458 0.0226562
3 0.5497396 0.2019531 0.0328125 0.0226562
2 0.6296875 0.3574219 0.0197917 0.0320312
2 0.6059896 0.3542969 0.0307292 0.0320312
2 0.7268229 0.2683594 0.0192708 0.0195312
0 0.4497396 0.6921875 0.0307292 0.0234375
4 0.6330729 0.7484375 0.0276042 0.0203125
2 0.5460938 0.5003906 0.0317708 0.0179687
1 0.2945313 0.5972656 0.0119792 0.0429688
4 0.3989583 0.5269531 0.0312500 0.0289063
2 0.5273438 0.7710938 0.0244792 0.0250000
1 0.6572917 0.7410156 0.0302083 0.0226562
1 0.4510417 0.5894531 0.0197917 0.0382813
2 0.4932292 0.8648438 0.0177083 0.0421875
3 0.4966146 0.8800781 0.0286458 0.0257812
5 0.3033854 0.5921875 0.0255208 0.0359375
4 0.3776042 0.3851562 0.0270833 0.0250000
3 0.3984375 0.6476563 0.0322917 0.0281250
2 0.7312500 0.6019531 0.0218750 0.0257812
4 0.3708333 0.6769531 0.0135417 0.0367188
0 0.6028646 0.7566406 0.0171875 0.0398437
3 0.4513021 0.4152344 0.0276042 0.0195312
11 0.5533854 0.3171875 0.0203125 0.0265625
9 0.6210938 0.5609375 0.0182292 0.0265625
6 0.5778646 0.3070312 0.0244792 0.0343750
7 0.5481771 0.5589844 0.0265625 0.0257812
8 0.4455729 0.4976563 0.0244792 0.0406250
9 0.3695312 0.6152344 0.0255208 0.0367188
7 0.5260417 0.1691406 0.0270833 0.0351562
10 0.3184896 0.5812500 0.0265625 0.0343750
11 0.7294271 0.3984375 0.0255208 0.0281250
7 0.5299479 0.5410156 0.0255208 0.0257812
6 0.4846354 0.4066406 0.0276042 0.0351562
9 0.5062500 0.1914062 0.0229167 0.0281250
11 0.7630208 0.5832031 0.0208333 0.0289063
6 0.7812500 0.4042969 0.0281250 0.0320312
8 0.5807292 0.3078125 0.0260417 0.0406250
10 0.7325521 0.5019531 0.0276042 0.0273438
9 0.3020833 0.4648438 0.0291667 0.0296875
8 0.7669271 0.6957031 0.0244792 0.0414062
11 0.5510417 0.0785156 0.0197917 0.0320312
