2 0.6510417 0.2433594 0.0500000 0.0460938
4 0.5932292 0.5968750 0.0312500 0.0421875
4 0.7690104 0.4773438 0.0505208 0.0312500
4 0.5794271 0.3843750 0.0213542 0.0656250
1 0.2994792 0.2476562 0.0479167 0.0375000
3 0.4221354 0.6835938 0.0276042 0.0734375
3 0.5533854 0.2300781 0.0432292 0.0632812
2 0.4247396 0.4621094 0.0442708 0.0414062
0 0.4669271 0.7960938 0.0421875 0.0406250
2 0.5664062 0.1882813 0.0505208 0.0515625
0 0.4789062 0.1324219 0.0536458 0.0382813
0 0.3731771 0.1777344 0.0453125 0.0351562
1 0.5098958 0.2351563 0.0354167 0.0781250
4 0.2908854 0.6320313 0.0203125 0.0609375
5 0.5630208 0.3699219 0.0562500 0.0460938
7 0.2554688 0.5886719 0.0494792 0.0570312
10 0.3492188 0.2921875 0.0369792 0.0562500
