0 0.5703125 0.5539063 0.0229167 0.0265625
4 0.5692708 0.2035156 0.0125000 0.0367188
4 0.5742188 0.5855469 0.0255208 0.0195312
4 0.4664063 0.3917969 0.0192708 0.0226562
4 0.5260417 0.3699219 0.0239583 0.0195312
3 0.4843750 0.4761719 0.0218750 0.0226562
1 0.6682292 0.2437500 0.0197917 0.0156250
7 0.6575521 0.5339844 0.0244792 0.0273438
7 0.5963542 0.5027344 0.0239583 0.0273438
11 0.3419271 0.4851563 0.0151042 0.0328125
10 0.6125000 0.4925781 0.0229167 0.0210938
6 0.5947917 0.1832031 0.0208333 0.0320312
