4 0.6802083 0.6355469 0.0656250 0.1539062
1 0.6083333 0.5671875 0.1208333 0.0859375
0 0.3979167 0.6093750 0.0552083 0.0796875
0 0.5434896 0.2515625 0.0494792 0.1875000
0 0.5541667 0.2843750 0.0739583 0.1015625
2 0.3354167 0.3386719 0.1052083 0.1617187
5 0.7960938 0.5453125 0.1338542 0.0906250
1 0.6187500 0.4234375 0.0500000 0.0875000
3 0.3486979 0.3921875 0.0588542 0.1062500
0 0.2497396 0.5328125 0.1244792 0.0921875
5 0.4013021 0.3007812 0.0671875 0.1906250
0 0.6911458 0.5382813 0.0895833 0.0968750
0 0.4494792 0.6406250 0.0739583 0.1046875
4 0.5302083 0.6847656 0.0833333 0.1148437
8 0.3854167 0.4820313 0.0781250 0.1187500
7 0.7369792 0.2511719 0.1156250 0.1289062
6 0.5684896 0.4847656 0.1213542 0.1257813
11 0.8026042 0.7210937 0.1197917 0.1234375
10 0.6989583 0.5218750 0.0916667 0.1593750
