3 0.6252604 0.4128906 0.0255208 0.0242188
2 0.6257812 0.5609375 0.0255208 0.0203125
5 0.5648437 0.7355469 0.0203125 0.0320312
5 0.4648438 0.8593750 0.0192708 0.0343750
4 0.6239583 0.8781250 0.0218750 0.0171875
0 0.5463542 0.4941406 0.0125000 0.0257812
2 0.6190104 0.3359375 0.0171875 0.0406250
1 0.4544271 0.3359375 0.0119792 0.0250000
1 0.5770833 0.6679688 0.0135417 0.0328125
4 0.4533854 0.6296875 0.0130208 0.0250000
4 0.2861979 0.1500000 0.0151042 0.0421875
4 0.3122396 0.5656250 0.0286458 0.0203125
5 0.6122396 0.6761719 0.0171875 0.0242188
3 0.6921875 0.4027344 0.0270833 0.0164063
5 0.5260417 0.7687500 0.0260417 0.0187500
2 0.5880208 0.7226562 0.0177083 0.0203125
3 0.4205729 0.5382813 0.0182292 0.0359375
4 0.6091146 0.2300781 0.0265625 0.0195312
1 0.5263021 0.2285156 0.0244792 0.0179687
5 0.6281250 0.7179688 0.0177083 0.0203125
3 0.5664062 0.1222656 0.0223958 0.0289063
4 0.5416667 0.6894531 0.0145833 0.0179687
4 0.4971354 0.4890625 0.0244792 0.0187500
2 0.6726562 0.7406250 0.0265625 0.0171875
4 0.5846354 0.6406250 0.0244792 0.0171875
1 0.4065104 0.2171875 0.0244792 0.0250000
2 0.6070313 0.7453125 0.0182292 0.0265625
1 0.2986979 0.5285156 0.0098958 0.0351562
4 0.5677083 0.2269531 0.0270833 0.0148437
4 0.3632812 0.2515625 0.0234375 0.0281250
0 0.3367188 0.4453125 0.0192708 0.0328125
1 0.5830729 0.4351563 0.0182292 0.0265625
1 0.4591146 0.7890625 0.0244792 0.0218750
2 0.2997396 0.5511719 0.0234375 0.0164063
3 0.3880208 0.5390625 0.0208333 0.0234375
0 0.5208333 0.4105469 0.0239583 0.0179687
5 0.6968750 0.2355469 0.0260417 0.0164063
0 0.5067708 0.2863281 0.0156250 0.0414062
4 0.4132812 0.7281250 0.0119792 0.0265625
5 0.4786458 0.2156250 0.0197917 0.0390625
1 0.4434896 0.1054688 0.0151042 0.0312500
4 0.2143229 0.5691406 0.0223958 0.0210938
3 0.5419271 0.3101563 0.0255208 0.0171875
4 0.4763021 0.1410156 0.0171875 0.0210938
4 0.6348958 0.4273438 0.0229167 0.0156250
5 0.3427083 0.6367188 0.0104167 0.0390625
5 0.4369792 0.1652344 0.0177083 0.0210938
0 0.5348958 0.3128906 0.0291667 0.0210938
0 0.2557292 0.4695313 0.0177083 0.0406250
2 0.3411458 0.6628906 0.0250000 0.0179687
0 0.4804688 0.3976562 0.0161458 0.0390625
1 0.5132813 0.2636719 0.0234375 0.0273438
2 0.7007813 0.6351562 0.0140625 0.0218750
2 0.5283854 0.6371094 0.0130208 0.0289063
4 0.3953125 0.2722656 0.0135417 0.0398437
2 0.5674479 0.2585938 0.0182292 0.0187500
5 0.6619792 0.5832031 0.0145833 0.0398437
1 0.6307292 0.6609375 0.0239583 0.0250000
4 0.5294271 0.5871094 0.0255208 0.0164063
1 0.5450521 0.5480469 0.0192708 0.0257812
2 0.5445313 0.6566406 0.0151042 0.0335937
2 0.3877604 0.5656250 0.0265625 0.0281250
7 0.6750000 0.1992188 0.0239583 0.0234375
11 0.7585937 0.5730469 0.0244792 0.0273438
7 0.6325521 0.5140625 0.0171875 0.0250000
