1 0.5291667 0.3445313 0.0312500 0.0296875
3 0.4265625 0.6539063 0.0208333 0.0328125
3 0.6617188 0.7917969 0.0276042 0.0273438
1 0.4994792 0.6269531 0.0135417 0.0460938
0 0.4184896 0.1410156 0.0182292 0.0476562
2 0.5562500 0.3769531 0.0333333 0.0226562
5 0.4942708 0.5058594 0.0187500 0.0226562
0 0.4611979 0.2808594 0.0296875 0.0304687
3 0.2697917 0.5339844 0.0302083 0.0320312
0 0.4757812 0.7582031 0.0307292 0.0226562
4 0.3890625 0.5156250 0.0177083 0.0390625
3 0.4013021 0.3171875 0.0255208 0.0312500
0 0.4695313 0.3000000 0.0244792 0.0343750
0 0.5807292 0.8769531 0.0187500 0.0554687
3 0.6940104 0.3738281 0.0203125 0.0335937
1 0.5906250 0.5210938 0.0187500 0.0234375
4 0.4515625 0.3238281 0.0291667 0.0367188
3 0.4255208 0.5207031 0.0333333 0.0195312
5 0.4216146 0.6320313 0.0130208 0.0359375
4 0.4382813 0.3941406 0.0171875 0.0242188
2 0.6445312 0.7902344 0.0182292 0.0492187
2 0.3830729 0.2132813 0.0213542 0.0359375
4 0.6106771 0.5136719 0.0234375 0.0335937
4 0.6104167 0.2703125 0.0135417 0.0484375
0 0.3486979 0.6371094 0.0151042 0.0476562
5 0.3716146 0.3535156 0.0296875 0.0351562
0 0.5388021 0.6730469 0.0255208 0.0335937
2 0.5294271 0.8718750 0.0296875 0.0328125
4 0.5721354 0.7410156 0.0286458 0.0195312
1 0.5492187 0.3652344 0.0286458 0.0210938
4 0.5361979 0.5230469 0.0307292 0.0210938
2 0.5601563 0.3589844 0.0328125 0.0226562
1 0.6119792 0.7410156 0.0166667 0.0460938
5 0.6830729 0.1261719 0.0307292 0.0210938
3 0.3830729 0.6968750 0.0151042 0.0453125
2 0.4596354 0.3929687 0.0161458 0.0234375
0 0.4895833 0.2855469 0.0260417 0.0445313
4 0.5229167 0.7621094 0.0166667 0.0445313
3 0.6130208 0.6035156 0.0208333 0.0523438
2 0.5197917 0.5761719 0.0333333 0.0257812
2 0.6062500 0.6679688 0.0239583 0.0265625
7 0.5585938 0.2503906 0.0223958 0.0476562
7 0.3091146 0.2773438 0.0203125 0.0468750
9 0.6841146 0.4750000 0.0317708 0.0312500
11 0.1994792 0.5230469 0.0270833 0.0335937
10 0.6593750 0.8253906 0.0312500 0.0382813
7 0.6479167 0.0902344 0.0218750 0.0445313
8 0.6375000 0.7710938 0.0302083 0.0296875
8 0.4161458 0.4570312 0.0218750 0.0406250
8 0.4304688 0.3699219 0.0317708 0.0351562
6 0.4382813 0.7894531 0.0286458 0.0273438
10 0.3291667 0.2421875 0.0322917 0.0312500
10 0.4710937 0.8023438 0.0286458 0.0375000
7 0.5924479 0.5265625 0.0182292 0.0328125
11 0.3440104 0.7656250 0.0328125 0.0343750
9 0.6807292 0.7382812 0.0333333 0.0468750
8 0.7083333 0.2671875 0.0302083 0.0343750
