2 0.4656250 0.7132812 0.0708333 0.0546875
5 0.5833333 0.4609375 0.0385417 0.0750000
4 0.6539063 0.6441406 0.0463542 0.1007813
2 0.3940104 0.3980469 0.0848958 0.0554687
4 0.3281250 0.4847656 0.0437500 0.0617188
5 0.5601563 0.7597656 0.0619792 0.0789062
4 0.5062500 0.3921875 0.0677083 0.0484375
3 0.4924479 0.2203125 0.0494792 0.0781250
3 0.7026042 0.4300781 0.0760417 0.0398437
5 0.3356771 0.4660156 0.0776042 0.0507812
5 0.4718750 0.1835938 0.0406250 0.0515625
3 0.7278646 0.2734375 0.0671875 0.0640625
3 0.5033854 0.3511719 0.0723958 0.0742188
5 0.6119792 0.6882812 0.0750000 0.0500000
9 0.4520833 0.5917969 0.0520833 0.1054688
6 0.6710938 0.6093750 0.0786458 0.0765625
11 0.5445313 0.2273438 0.0692708 0.1171875
7 0.2893229 0.7398438 0.0432292 0.1000000
6 0.4476562 0.6062500 0.0494792 0.0953125
9 0.4973958 0.7929688 0.0656250 0.1031250
11 0.2606771 0.3500000 0.0557292 0.0718750
10 0.5239583 0.9769531 0.0447917 0.0445313
8 0.5736979 0.6265625 0.0609375 0.0796875
6 0.6226563 0.7175781 0.0463542 0.0960938
9 0.3593750 0.6792969 0.0552083 0.1070312
6 0.5721354 0.4824219 0.0744792 0.0757812
8 0.8000000 0.2445313 0.0531250 0.1031250
