2 0.5869792 0.7878906 0.0218750 0.0210938
4 0.3104167 0.8839844 0.0260417 0.0195312
5 0.5299479 0.7066406 0.0182292 0.0351562
2 0.6677083 0.6218750 0.0250000 0.0203125
0 0.5093750 0.3800781 0.0229167 0.0304687
4 0.7104167 0.1171875 0.0260417 0.0156250
1 0.3421875 0.2429688 0.0260417 0.0218750
4 0.6406250 0.5253906 0.0135417 0.0179687
1 0.5783854 0.7667969 0.0130208 0.0382813
5 0.5856771 0.5320312 0.0161458 0.0265625
5 0.6085938 0.3898437 0.0265625 0.0187500
0 0.5994792 0.8269531 0.0125000 0.0382813
1 0.5815104 0.5457031 0.0192708 0.0257812
2 0.6351562 0.7429687 0.0255208 0.0187500
2 0.3148437 0.2300781 0.0276042 0.0226562
4 0.4875000 0.2015625 0.0229167 0.0187500
4 0.6648437 0.2375000 0.0234375 0.0187500
2 0.4666667 0.9371094 0.0125000 0.0242188
3 0.4903646 0.7277344 0.0151042 0.0414062
4 0.3471354 0.2683594 0.0276042 0.0179687
3 0.5661458 0.4554687 0.0229167 0.0187500
4 0.3013021 0.2328125 0.0223958 0.0203125
2 0.4377604 0.2796875 0.0244792 0.0171875
0 0.4432292 0.4023438 0.0270833 0.0203125
2 0.4052083 0.2839844 0.0229167 0.0320312
2 0.7184896 0.7339844 0.0192708 0.0320312
5 0.3174479 0.6957031 0.0161458 0.0320312
0 0.3635417 0.8871094 0.0197917 0.0289063
4 0.4869792 0.6339844 0.0125000 0.0351562
3 0.4510417 0.6738281 0.0208333 0.0195312
2 0.3669271 0.5605469 0.0203125 0.0351562
1 0.3257813 0.5605469 0.0140625 0.0210938
4 0.6320313 0.1753906 0.0130208 0.0179687
2 0.4924479 0.5480469 0.0203125 0.0164063
5 0.6218750 0.6800781 0.0197917 0.0367188
0 0.3966146 0.4683594 0.0203125 0.0304687
5 0.4937500 0.5703125 0.0166667 0.0343750
4 0.6054688 0.5035156 0.0265625 0.0164063
1 0.5903646 0.3613281 0.0171875 0.0351562
8 0.4242187 0.2734375 0.0223958 0.0234375
7 0.6177083 0.3281250 0.0229167 0.0281250
9 0.5104167 0.8285156 0.0166667 0.0367188
9 0.6937500 0.5531250 0.0239583 0.0343750
8 0.4057292 0.2804687 0.0250000 0.0265625
8 0.6437500 0.6417969 0.0166667 0.0382813
6 0.6898437 0.1949219 0.0244792 0.0242188
9 0.5718750 0.2191406 0.0239583 0.0242188
6 0.3802083 0.8218750 0.0239583 0.0343750
11 0.4104167 0.6746094 0.0208333 0.0382813
7 0.7122396 0.1902344 0.0161458 0.0382813
6 0.4270833 0.8652344 0.0229167 0.0257812
7 0.4619792 0.2253906 0.0260417 0.0320312
11 0.4182292 0.4847656 0.0166667 0.0242188
8 0.6312500 0.7289062 0.0260417 0.0281250
7 0.4752604 0.6761719 0.0244792 0.0242188
10 0.6075521 0.6554688 0.0234375 0.0265625
11 0.5572917 0.4511719 0.0208333 0.0226562
7 0.4825521 0.5859375 0.0223958 0.0250000
9 0.6302083 0.3367188 0.0239583 0.0281250
