1 0.8281250 0.5765625 0.0427083 0.0343750
4 0.6117187 0.3753906 0.0390625 0.0476562
1 0.2942708 0.7574219 0.0229167 0.0257812
0 0.6252604 0.3261719 0.0390625 0.0554687
1 0.4395833 0.8585938 0.0270833 0.0468750
4 0.3356771 0.3468750 0.0317708 0.0296875
2 0.6523438 0.4343750 0.0473958 0.0343750
5 0.5747396 0.1214844 0.0317708 0.0554687
0 0.4708333 0.3355469 0.0312500 0.0601563
1 0.3273437 0.5101562 0.0213542 0.0296875
10 0.5630208 0.0957031 0.0343750 0.0601563
8 0.3403646 0.2617188 0.0442708 0.0500000
11 0.3880208 0.7074219 0.0302083 0.0695313
9 0.3445313 0.3679688 0.0473958 0.0500000
8 0.6177083 0.8261719 0.0437500 0.0648438
