0 0.6156250 0.3210938 0.0156250 0.0343750
3 0.4486979 0.8281250 0.0213542 0.0218750
2 0.2804687 0.3808594 0.0265625 0.0210938
0 0.5976562 0.2281250 0.0151042 0.0406250
0 0.7109375 0.3535156 0.0229167 0.0210938
3 0.4385417 0.4902344 0.0177083 0.0320312
4 0.5861979 0.4601562 0.0182292 0.0343750
3 0.3130208 0.3730469 0.0156250 0.0242188
3 0.5557292 0.3941406 0.0156250 0.0195312
9 0.4468750 0.7218750 0.0156250 0.0234375
10 0.4174479 0.8511719 0.0223958 0.0226562
10 0.5213542 0.6375000 0.0135417 0.0296875
11 0.5669271 0.3578125 0.0213542 0.0312500
6 0.2502604 0.2726562 0.0161458 0.0359375
6 0.5315104 0.3605469 0.0161458 0.0367188
11 0.3338542 0.2976563 0.0239583 0.0234375
6 0.5440104 0.4230469 0.0213542 0.0351562
6 0.5437500 0.2460938 0.0208333 0.0218750
11 0.4143229 0.5027344 0.0255208 0.0320312
6 0.6450521 0.2351563 0.0223958 0.0234375
8 0.7132812 0.3710938 0.0213542 0.0265625
9 0.4343750 0.2769531 0.0250000 0.0242188
6 0.6445312 0.2625000 0.0234375 0.0250000
8 0.5598958 0.6070313 0.0218750 0.0218750
6 0.4747396 0.8742188 0.0182292 0.0328125
9 0.4093750 0.5621094 0.0197917 0.0226562
