1 0.4575521 0.8195313 0.0432292 0.0765625
5 0.4002604 0.2253906 0.0369792 0.1117188
4 0.5333333 0.6089844 0.0385417 0.1179687
2 0.5802083 0.8464844 0.0520833 0.0570312
0 0.2161458 0.6777344 0.0802083 0.0679687
5 0.6520833 0.6199219 0.0510417 0.0601563
3 0.4744792 0.3707031 0.0427083 0.0523438
5 0.4598958 0.2425781 0.0708333 0.0773438
2 0.4851563 0.8632812 0.0703125 0.0671875
5 0.5591146 0.6671875 0.0390625 0.1031250
4 0.4309896 0.3058594 0.0776042 0.0601563
0 0.2984375 0.6152344 0.0468750 0.0476562
3 0.5390625 0.1253906 0.0593750 0.0570312
5 0.4593750 0.2742188 0.0770833 0.0640625
1 0.5520833 0.3617187 0.0458333 0.0531250
5 0.4492188 0.5285156 0.0703125 0.0710937
5 0.2580729 0.3492188 0.0432292 0.1078125
3 0.5028646 0.2367188 0.0713542 0.0531250
3 0.4312500 0.6816406 0.0406250 0.0617188
4 0.4523437 0.4492188 0.0692708 0.0718750
4 0.5627604 0.8316406 0.0546875 0.0960938
1 0.6411458 0.2320312 0.0375000 0.0500000
0 0.5070313 0.7867188 0.0744792 0.0609375
4 0.6531250 0.1824219 0.0708333 0.0523438
3 0.6851563 0.3156250 0.0723958 0.0515625
3 0.7437500 0.8222656 0.0802083 0.0632812
4 0.6911458 0.4808594 0.0760417 0.0695313
3 0.5632812 0.2148438 0.0505208 0.0828125
4 0.4622396 0.3554688 0.0651042 0.0625000
1 0.5606771 0.2777344 0.0401042 0.0789062
4 0.5710937 0.4750000 0.0807292 0.0515625
3 0.6661458 0.3820312 0.0687500 0.0625000
6 0.3562500 0.7460938 0.0697917 0.0687500
