5 0.5942708 0.5343750 0.0364583 0.0421875
5 0.4513021 0.1558594 0.0203125 0.0351562
5 0.3757813 0.1371094 0.0265625 0.0304687
2 0.6554688 0.4726562 0.0401042 0.0312500
5 0.4882812 0.3449219 0.0421875 0.0289063
5 0.3523438 0.7050781 0.0369792 0.0335937
0 0.5398437 0.9187500 0.0390625 0.0421875
1 0.4380208 0.8980469 0.0333333 0.0398437
1 0.3919271 0.6800781 0.0265625 0.0617188
0 0.5549479 0.6042969 0.0411458 0.0242188
0 0.5583333 0.3855469 0.0416667 0.0242188
0 0.3414063 0.5453125 0.0432292 0.0328125
3 0.5111979 0.7550781 0.0223958 0.0398437
2 0.5041667 0.3808594 0.0406250 0.0351562
1 0.4427083 0.7546875 0.0322917 0.0531250
5 0.2765625 0.2226562 0.0385417 0.0406250
1 0.5036458 0.7234375 0.0239583 0.0468750
2 0.4375000 0.2761719 0.0197917 0.0273438
4 0.6479167 0.3324219 0.0333333 0.0367188
4 0.4651042 0.8269531 0.0312500 0.0539063
4 0.7523437 0.2523437 0.0411458 0.0312500
1 0.2721354 0.4992187 0.0411458 0.0375000
0 0.5572917 0.2820313 0.0354167 0.0296875
3 0.4596354 0.2660156 0.0348958 0.0304687
2 0.4651042 0.1519531 0.0375000 0.0460938
5 0.3265625 0.6511719 0.0322917 0.0523438
2 0.5929688 0.6437500 0.0244792 0.0484375
2 0.4760417 0.5296875 0.0281250 0.0406250
1 0.4033854 0.4511719 0.0234375 0.0304687
0 0.6273437 0.4328125 0.0234375 0.0671875
11 0.5674479 0.3554688 0.0432292 0.0421875
6 0.2789063 0.4378906 0.0265625 0.0507812
8 0.7341146 0.5722656 0.0432292 0.0414062
10 0.5716146 0.6519531 0.0380208 0.0523438
