4 0.4164062 0.3820312 0.0244792 0.0203125
5 0.6958333 0.6355469 0.0187500 0.0195312
2 0.3924479 0.5433594 0.0203125 0.0179687
4 0.3307292 0.4140625 0.0250000 0.0265625
1 0.3122396 0.2257812 0.0255208 0.0171875
5 0.3812500 0.4996094 0.0156250 0.0195312
5 0.6757812 0.4347656 0.0213542 0.0273438
0 0.4351563 0.1574219 0.0234375 0.0242188
2 0.4744792 0.1105469 0.0208333 0.0195312
4 0.3841146 0.3054688 0.0130208 0.0375000
5 0.7156250 0.5640625 0.0135417 0.0359375
2 0.4921875 0.2511719 0.0197917 0.0351562
5 0.5609375 0.8687500 0.0145833 0.0312500
2 0.5072917 0.6695313 0.0239583 0.0218750
0 0.5723958 0.5214844 0.0125000 0.0289063
3 0.2580729 0.7089844 0.0182292 0.0351562
3 0.5335937 0.8289062 0.0255208 0.0250000
4 0.4742188 0.3281250 0.0244792 0.0281250
4 0.3429687 0.2593750 0.0161458 0.0375000
5 0.5617188 0.4707031 0.0255208 0.0164063
0 0.2427083 0.3535156 0.0250000 0.0210938
5 0.4578125 0.4632812 0.0229167 0.0171875
1 0.4213542 0.2535156 0.0197917 0.0304687
3 0.6416667 0.2515625 0.0229167 0.0265625
3 0.6359375 0.5667969 0.0229167 0.0179687
2 0.4101562 0.7101563 0.0161458 0.0390625
5 0.5070313 0.2546875 0.0213542 0.0343750
5 0.6750000 0.6574219 0.0239583 0.0195312
2 0.5942708 0.5378906 0.0187500 0.0367188
2 0.6093750 0.7109375 0.0260417 0.0171875
2 0.4765625 0.6425781 0.0239583 0.0179687
1 0.3742187 0.7601562 0.0161458 0.0375000
11 0.5223958 0.5183594 0.0197917 0.0289063
9 0.7093750 0.7785156 0.0239583 0.0242188
8 0.6533854 0.2511719 0.0244792 0.0242188
11 0.5653646 0.6183594 0.0161458 0.0382813
11 0.3578125 0.7136719 0.0197917 0.0289063
10 0.3091146 0.5203125 0.0213542 0.0218750
6 0.5364583 0.6699219 0.0239583 0.0304687
7 0.5359375 0.3316406 0.0229167 0.0226562
7 0.6130208 0.3503906 0.0187500 0.0226562
9 0.6125000 0.5585938 0.0260417 0.0250000
6 0.4453125 0.7261719 0.0156250 0.0226562
11 0.6062500 0.2398437 0.0156250 0.0234375
7 0.5085937 0.5566406 0.0161458 0.0226562
10 0.7049479 0.5355469 0.0234375 0.0226562
