1 0.5885417 0.6527344 0.0375000 0.0320312
2 0.6145833 0.2859375 0.0250000 0.0734375
2 0.6705729 0.1968750 0.0463542 0.0312500
2 0.5382813 0.3082031 0.0348958 0.0414062
4 0.4445312 0.3875000 0.0453125 0.0359375
3 0.5479167 0.7074219 0.0250000 0.0679687
0 0.6544271 0.8351563 0.0328125 0.0375000
5 0.3078125 0.8785156 0.0447917 0.0304687
0 0.7296875 0.3738281 0.0302083 0.0648438
1 0.5218750 0.1789062 0.0437500 0.0468750
2 0.6674479 0.3269531 0.0473958 0.0476562
2 0.7062500 0.8433594 0.0229167 0.0664062
1 0.5122396 0.1074219 0.0296875 0.0554687
5 0.6315104 0.4468750 0.0432292 0.0343750
1 0.3638021 0.8417969 0.0182292 0.0710937
0 0.7140625 0.6808594 0.0354167 0.0539063
3 0.6583333 0.4585938 0.0416667 0.0390625
7 0.5552083 0.8031250 0.0479167 0.0671875
6 0.5098958 0.5144531 0.0364583 0.0648438
7 0.2096354 0.5574219 0.0484375 0.0492187
7 0.3364583 0.7652344 0.0447917 0.0476562
