0 0.4890625 0.1093750 0.1072917 0.1718750
1 0.4932292 0.1910156 0.0697917 0.0976562
1 0.6302083 0.3597656 0.0604167 0.2085937
3 0.6872396 0.8218750 0.0901042 0.2218750
4 0.7531250 0.5820312 0.0718750 0.2234375
2 0.3578125 0.7566406 0.1437500 0.1117188
3 0.8140625 0.5523438 0.1177083 0.1765625
0 0.6442708 0.1035156 0.0781250 0.2070312
0 0.7085938 0.3433594 0.1390625 0.1664063
5 0.7364583 0.5453125 0.1583333 0.1187500
3 0.4625000 0.3703125 0.1020833 0.1671875
5 0.6294271 0.6792969 0.1109375 0.1210938
4 0.4445312 0.3183594 0.1119792 0.0851563
1 0.5645833 0.3203125 0.0822917 0.2281250
5 0.4406250 0.4343750 0.1437500 0.1265625
1 0.7033854 0.1449219 0.1453125 0.1039063
2 0.7341146 0.1578125 0.0786458 0.0765625
5 0.6263021 0.7875000 0.1369792 0.1109375
5 0.5843750 0.5015625 0.1447917 0.1031250
2 0.2799479 0.2929688 0.1557292 0.1156250
2 0.3989583 0.3910156 0.1281250 0.1367188
5 0.5223958 0.8468750 0.1208333 0.0921875
1 0.6526042 0.2011719 0.0906250 0.2242187
2 0.6361979 0.2789063 0.1432292 0.1515625
4 0.7427083 0.6625000 0.1375000 0.1000000
5 0.7781250 0.4898438 0.1395833 0.1531250
5 0.6169271 0.4800781 0.1213542 0.1132812
4 0.2856771 0.5667969 0.1119792 0.1335938
4 0.7434896 0.5308594 0.0942708 0.1804688
2 0.6106771 0.4164062 0.0869792 0.0937500
3 0.6005208 0.5722656 0.1156250 0.1242188
2 0.6583333 0.6519531 0.1375000 0.1039063
3 0.4726562 0.5101562 0.0921875 0.1328125
1 0.4028646 0.3292969 0.0796875 0.1070312
10 0.3372396 0.2781250 0.0942708 0.2171875
8 0.4406250 0.1710937 0.1114583 0.1687500
9 0.5393229 0.8871094 0.0984375 0.2007812
6 0.7481771 0.6398438 0.1296875 0.1296875
11 0.5000000 0.4246094 0.1250000 0.1679688
8 0.3947917 0.4710937 0.1354167 0.1343750
6 0.3281250 0.4941406 0.1552083 0.1851562
8 0.3763021 0.4078125 0.1140625 0.2234375
6 0.2882812 0.7011719 0.1546875 0.2414062
9 0.3221354 0.7804688 0.1484375 0.1625000
10 0.5729167 0.7277344 0.1406250 0.1679688
6 0.5005208 0.5296875 0.1187500 0.1265625
9 0.3721354 0.5449219 0.1192708 0.1523438
9 0.6695313 0.7171875 0.0994792 0.1781250
10 0.5075521 0.2683594 0.0890625 0.1664063
10 0.4117188 0.8597656 0.1192708 0.1710937
