5 0.7388021 0.8339844 0.1078125 0.1117188
5 0.3955729 0.4574219 0.0567708 0.1695312
1 0.7341146 0.8722656 0.1140625 0.0867187
4 0.5921875 0.7042969 0.0572917 0.1492188
0 0.3325521 0.8320312 0.0651042 0.1859375
4 0.3291667 0.3101563 0.0979167 0.1140625
0 0.3916667 0.9261719 0.0583333 0.1460937
4 0.5234375 0.7917969 0.0947917 0.1226562
3 0.3244792 0.4003906 0.0604167 0.1101562
2 0.5567708 0.5210938 0.0604167 0.1187500
4 0.7158854 0.6960937 0.1203125 0.0765625
4 0.3781250 0.5195312 0.0802083 0.1156250
5 0.5091146 0.8335938 0.0640625 0.1343750
3 0.5804687 0.2285156 0.1067708 0.1195313
2 0.6148438 0.4855469 0.0557292 0.1539062
4 0.3666667 0.3847656 0.0625000 0.1367188
2 0.6421875 0.7054687 0.0770833 0.1562500
0 0.6247396 0.5324219 0.0994792 0.0851563
5 0.3994792 0.8152344 0.0989583 0.1507813
2 0.5968750 0.3960938 0.0562500 0.1875000
5 0.4187500 0.5332031 0.1250000 0.0726563
3 0.3492188 0.2085937 0.0932292 0.0843750
1 0.4408854 0.4574219 0.1182292 0.1429688
5 0.4794271 0.4261719 0.0661458 0.1585938
0 0.8244792 0.2894531 0.0562500 0.1210938
1 0.3781250 0.7113281 0.0666667 0.1101562
4 0.6932292 0.5246094 0.1104167 0.0789062
3 0.6656250 0.7730469 0.0531250 0.1695312
0 0.6434896 0.7804688 0.0682292 0.1375000
1 0.5450521 0.2058594 0.1223958 0.0773438
5 0.5966146 0.6988281 0.0546875 0.0882813
4 0.6348958 0.8976563 0.0979167 0.1437500
5 0.4880208 0.4812500 0.0625000 0.0906250
5 0.6908854 0.6527344 0.0911458 0.0632812
0 0.4440104 0.2566406 0.0661458 0.1085938
5 0.7492188 0.1441406 0.0671875 0.1664063
4 0.7072917 0.5703125 0.0979167 0.1140625
5 0.3763021 0.8144531 0.1036458 0.1148437
5 0.3117187 0.5441406 0.1119792 0.0820312
2 0.4161458 0.7121094 0.0437500 0.0960938
1 0.3445313 0.7082031 0.0734375 0.1492188
2 0.5380208 0.5644531 0.0802083 0.0742188
5 0.5388021 0.8390625 0.0432292 0.0718750
5 0.5916667 0.5484375 0.0822917 0.1296875
3 0.5559896 0.2476562 0.1234375 0.1109375
4 0.5026042 0.3339844 0.0760417 0.0960938
5 0.3919271 0.7578125 0.0828125 0.1453125
0 0.5135417 0.1777344 0.0500000 0.0726563
3 0.6567708 0.0781250 0.0583333 0.1562500
5 0.5997396 0.2535156 0.0651042 0.0882813
3 0.4312500 0.2835937 0.1197917 0.0843750
3 0.4614583 0.4074219 0.0833333 0.0867187
3 0.5156250 0.3398438 0.0750000 0.1312500
2 0.5809896 0.7503906 0.0963542 0.1242188
3 0.6976562 0.2363281 0.1286458 0.0882813
2 0.2812500 0.3269531 0.1010417 0.1148437
5 0.4354167 0.5324219 0.0593750 0.1460937
4 0.2458333 0.2929688 0.1135417 0.0718750
0 0.5138021 0.3316406 0.0557292 0.1632812
2 0.3726563 0.1742188 0.0432292 0.0781250
5 0.5651042 0.7761719 0.1041667 0.1039063
1 0.3466146 0.4167969 0.0817708 0.1195313
1 0.6778646 0.6406250 0.1015625 0.0875000
5 0.2580729 0.4183594 0.1244792 0.0945312
4 0.4757812 0.6253906 0.0640625 0.1632812
0 0.5622396 0.7515625 0.0505208 0.0781250
3 0.6299479 0.1773437 0.0796875 0.1406250
0 0.8221354 0.4582031 0.1161458 0.0945312
2 0.5919271 0.6351562 0.1182292 0.0875000
5 0.4992187 0.1980469 0.0505208 0.1539062
1 0.4742188 0.6933594 0.0786458 0.1304687
1 0.6283854 0.4191406 0.1244792 0.1226562
2 0.4976563 0.7714844 0.0796875 0.1429688
10 0.6304688 0.4234375 0.1046875 0.1031250
10 0.6234375 0.8945312 0.0812500 0.1671875
9 0.5093750 0.6414062 0.0979167 0.1875000
8 0.3197917 0.5656250 0.1020833 0.1500000
10 0.3695312 0.7496094 0.0755208 0.1773437
9 0.7494792 0.5539063 0.1083333 0.1187500
11 0.6658854 0.7792969 0.1067708 0.1210938
6 0.5815104 0.6371094 0.1192708 0.1179687
