0 0.5130208 0.3738281 0.0708333 0.0492187
1 0.5559896 0.5992188 0.0484375 0.0625000
4 0.4565104 0.7757812 0.0369792 0.0656250
5 0.5104167 0.6320313 0.0645833 0.0640625
0 0.3216146 0.4597656 0.0442708 0.0773438
2 0.6687500 0.8214844 0.0739583 0.0460938
2 0.6817708 0.7164063 0.0656250 0.0921875
0 0.5492187 0.1839844 0.0734375 0.0476562
3 0.2750000 0.6675781 0.0437500 0.0570312
0 0.7109375 0.7375000 0.0822917 0.0578125
3 0.7617188 0.4964844 0.0609375 0.0742188
4 0.5380208 0.1468750 0.0750000 0.0671875
2 0.4723958 0.3617187 0.0447917 0.0796875
0 0.6216146 0.5875000 0.0734375 0.0578125
4 0.4489583 0.5292969 0.0625000 0.0710937
4 0.2307292 0.6843750 0.0614583 0.0687500
4 0.3567708 0.7117187 0.0677083 0.0609375
0 0.7049479 0.3128906 0.0786458 0.0554687
2 0.6864583 0.3480469 0.0770833 0.0539063
2 0.6742187 0.4035156 0.0744792 0.0648438
0 0.3841146 0.4125000 0.0348958 0.0437500
4 0.2934896 0.2980469 0.0328125 0.0460938
1 0.4588542 0.3617187 0.0458333 0.0843750
5 0.3677083 0.4664063 0.0635417 0.0609375
4 0.5393229 0.6367188 0.0848958 0.0625000
3 0.5776042 0.6269531 0.0479167 0.0554687
5 0.6557292 0.6109375 0.0750000 0.0609375
1 0.7833333 0.7046875 0.0645833 0.0625000
0 0.5976562 0.3351562 0.0640625 0.1015625
4 0.3604167 0.4042969 0.0645833 0.0648438
4 0.7106771 0.5730469 0.0734375 0.0601563
5 0.5471354 0.4554687 0.0557292 0.0828125
0 0.6388021 0.7507812 0.0661458 0.0640625
3 0.6679688 0.7226562 0.0619792 0.0781250
2 0.4591146 0.5207031 0.0432292 0.0664062
4 0.4533854 0.7324219 0.0786458 0.0507812
0 0.5632812 0.7832031 0.0609375 0.0867187
4 0.3059896 0.4246094 0.0734375 0.0507812
3 0.4890625 0.4257812 0.0395833 0.0640625
2 0.5934896 0.3523438 0.0703125 0.0453125
0 0.4833333 0.1285156 0.0583333 0.1023437
5 0.3578125 0.3613281 0.0416667 0.0632812
2 0.5765625 0.6714844 0.0791667 0.0632812
5 0.5674479 0.3761719 0.0734375 0.0601563
0 0.6052083 0.2441406 0.0760417 0.0507812
4 0.5822917 0.4609375 0.0750000 0.0843750
3 0.7559896 0.7777344 0.0765625 0.0632812
1 0.4687500 0.6894531 0.0427083 0.0492187
4 0.5888021 0.8140625 0.0807292 0.0593750
4 0.3776042 0.2703125 0.0416667 0.1265625
4 0.5981771 0.8183594 0.0765625 0.0679687
0 0.4960938 0.3992188 0.0348958 0.0765625
4 0.2414062 0.3984375 0.0682292 0.0625000
1 0.2229167 0.4511719 0.0458333 0.0960938
5 0.7596354 0.6148438 0.0442708 0.0750000
3 0.2864583 0.1941406 0.0739583 0.0539063
7 0.7250000 0.7113281 0.0718750 0.0679687
6 0.4817708 0.8984375 0.0562500 0.1062500
7 0.4440104 0.3878906 0.0692708 0.0742188
11 0.4966146 0.5156250 0.0661458 0.0687500
6 0.5635417 0.5136719 0.0562500 0.1007813
6 0.6315104 0.8097656 0.0494792 0.0742188
