4 0.5289063 0.3675781 0.0473958 0.0617188
0 0.5716146 0.3675781 0.0463542 0.0914062
4 0.2966146 0.3425781 0.0380208 0.0726563
2 0.4799479 0.1574219 0.0494792 0.1351563
4 0.2393229 0.2953125 0.0401042 0.0515625
2 0.3726563 0.6902344 0.0734375 0.0710937
5 0.5726562 0.4664063 0.0838542 0.0890625
1 0.4356771 0.2300781 0.0380208 0.0664062
0 0.2921875 0.8074219 0.0666667 0.0804688
2 0.5695313 0.8171875 0.0807292 0.0687500
0 0.3054688 0.2992187 0.0640625 0.0625000
4 0.4789062 0.2367188 0.0682292 0.0890625
5 0.2848958 0.6636719 0.0760417 0.0617188
3 0.3440104 0.8671875 0.0390625 0.0984375
0 0.6046875 0.9746094 0.0635417 0.0492187
4 0.4549479 0.2097656 0.0505208 0.1085938
4 0.3606771 0.3312500 0.0328125 0.0515625
5 0.7049479 0.5960937 0.0713542 0.0687500
5 0.3572917 0.6652344 0.0406250 0.1289062
2 0.3924479 0.5976562 0.0786458 0.0609375
0 0.4846354 0.3949219 0.0473958 0.0539063
3 0.4593750 0.5378906 0.0781250 0.0648438
0 0.6164063 0.4496094 0.0755208 0.0914062
5 0.4372396 0.2468750 0.0380208 0.0671875
4 0.5351562 0.7847656 0.0567708 0.0664062
0 0.3398438 0.3718750 0.0776042 0.0625000
4 0.5973958 0.6765625 0.0750000 0.0687500
2 0.3080729 0.3074219 0.0359375 0.1210938
5 0.5867187 0.2191406 0.0817708 0.0679687
5 0.4408854 0.4464844 0.0734375 0.0554687
1 0.2843750 0.5289063 0.0843750 0.0546875
5 0.6398438 0.2046875 0.0796875 0.0562500
5 0.4986979 0.8085938 0.0317708 0.1203125
1 0.6005208 0.8187500 0.0562500 0.1203125
4 0.5825521 0.5515625 0.0359375 0.1171875
3 0.5710937 0.4988281 0.0807292 0.0554687
5 0.4937500 0.3003906 0.0500000 0.1210938
4 0.5265625 0.6785156 0.0718750 0.0679687
1 0.5687500 0.8742188 0.0395833 0.0750000
5 0.6950521 0.1484375 0.0588542 0.0656250
1 0.4744792 0.6289062 0.0479167 0.1171875
3 0.3184896 0.3378906 0.0859375 0.0695313
2 0.2898438 0.3453125 0.0348958 0.0531250
5 0.6703125 0.3488281 0.0791667 0.0570312
1 0.6619792 0.6589844 0.0510417 0.0882813
3 0.6343750 0.1894531 0.0666667 0.0726563
2 0.4002604 0.4226563 0.0848958 0.0609375
5 0.6973958 0.1542969 0.0802083 0.0742188
2 0.6122396 0.2910156 0.0838542 0.0742188
1 0.2697917 0.2089844 0.0781250 0.0539063
2 0.3111979 0.3316406 0.0411458 0.0710937
1 0.6546875 0.6968750 0.0416667 0.0703125
4 0.4835937 0.6472656 0.0390625 0.0664062
0 0.2539062 0.6820312 0.0911458 0.0562500
4 0.4455729 0.3027344 0.0838542 0.0804688
2 0.4653646 0.4613281 0.0796875 0.0492187
0 0.4898438 0.4890625 0.0578125 0.1265625
0 0.3567708 0.2425781 0.0447917 0.1117188
5 0.5119792 0.5179687 0.0489583 0.0890625
4 0.7221354 0.6593750 0.0807292 0.0515625
1 0.4598958 0.3484375 0.0479167 0.1078125
4 0.5786458 0.3285156 0.0729167 0.0601563
5 0.4851563 0.6351562 0.0463542 0.1015625
11 0.2739583 0.3394531 0.0729167 0.0710937
11 0.6455729 0.2242187 0.0473958 0.0718750
7 0.3463542 0.2191406 0.0750000 0.1179687
8 0.6151042 0.5691406 0.0770833 0.0835937
6 0.4942708 0.6269531 0.0479167 0.0898438
6 0.4893229 0.5109375 0.0703125 0.1046875
10 0.4161458 0.5910156 0.0708333 0.0804688
7 0.3830729 0.4031250 0.0671875 0.0937500
6 0.4864583 0.3515625 0.0677083 0.0796875
6 0.4888021 0.7140625 0.0557292 0.1031250
8 0.4557292 0.4539063 0.0468750 0.0906250
