3 0.6203125 0.4699219 0.0239583 0.0492187
0 0.4937500 0.7457031 0.0572917 0.0367188
4 0.5179687 0.6367188 0.0411458 0.0500000
3 0.6716146 0.3550781 0.0390625 0.0398437
1 0.2565104 0.5707031 0.0578125 0.0523438
4 0.4703125 0.9382812 0.0531250 0.0625000
1 0.4442708 0.3132813 0.0541667 0.0453125
4 0.5223958 0.5632812 0.0385417 0.0343750
0 0.5031250 0.5300781 0.0385417 0.0695313
2 0.5713542 0.7832031 0.0447917 0.0710937
4 0.6289062 0.2945313 0.0619792 0.0390625
4 0.5257812 0.3031250 0.0515625 0.0343750
1 0.6591146 0.2304688 0.0546875 0.0390625
0 0.6171875 0.2253906 0.0562500 0.0492187
5 0.6557292 0.4101562 0.0302083 0.0609375
3 0.6390625 0.5039062 0.0604167 0.0406250
4 0.6177083 0.2488281 0.0583333 0.0398437
0 0.6554688 0.3535156 0.0526042 0.0382813
4 0.5291667 0.5878906 0.0260417 0.0835937
5 0.5815104 0.1742188 0.0505208 0.0500000
2 0.5559896 0.5195312 0.0567708 0.0375000
0 0.6937500 0.7933594 0.0406250 0.0898438
5 0.3302083 0.2968750 0.0416667 0.0921875
3 0.3984375 0.4687500 0.0250000 0.0421875
5 0.5869792 0.6378906 0.0468750 0.0429688
4 0.3635417 0.2371094 0.0322917 0.0601563
1 0.5028646 0.0398437 0.0401042 0.0765625
0 0.8330729 0.3621094 0.0546875 0.0570312
5 0.5578125 0.1351563 0.0260417 0.0609375
4 0.7195312 0.4050781 0.0536458 0.0398437
6 0.6171875 0.2773438 0.0583333 0.0562500
9 0.6427083 0.6941406 0.0510417 0.0523438
6 0.6960937 0.4761719 0.0526042 0.0617188
8 0.5750000 0.6613281 0.0479167 0.0789062
7 0.6398438 0.2632813 0.0338542 0.0781250
