4 0.6489583 0.5269531 0.0239583 0.0226562
5 0.3223958 0.6695313 0.0177083 0.0468750
1 0.6080729 0.5148438 0.0140625 0.0453125
4 0.5354167 0.2160156 0.0187500 0.0507812
2 0.5687500 0.8214844 0.0270833 0.0367188
2 0.2434896 0.6492187 0.0380208 0.0265625
0 0.3377604 0.5578125 0.0265625 0.0328125
4 0.3966146 0.2253906 0.0192708 0.0179687
1 0.6679688 0.4214844 0.0307292 0.0195312
5 0.5518229 0.5996094 0.0307292 0.0304687
1 0.5132813 0.5457031 0.0276042 0.0382813
3 0.5171875 0.4417969 0.0166667 0.0226562
4 0.7223958 0.3980469 0.0312500 0.0398437
2 0.5929688 0.5750000 0.0307292 0.0234375
1 0.5515625 0.3640625 0.0208333 0.0250000
0 0.3984375 0.5847656 0.0291667 0.0304687
5 0.3932292 0.7054687 0.0364583 0.0296875
5 0.5585938 0.6320313 0.0213542 0.0250000
3 0.4799479 0.7375000 0.0151042 0.0390625
4 0.5630208 0.3441406 0.0312500 0.0273438
0 0.4632812 0.3960938 0.0171875 0.0468750
0 0.5330729 0.6175781 0.0317708 0.0226562
1 0.6348958 0.6277344 0.0354167 0.0257812
4 0.5226563 0.1773437 0.0234375 0.0406250
5 0.4289062 0.3675781 0.0244792 0.0351562
2 0.4494792 0.3562500 0.0229167 0.0515625
1 0.6481771 0.8132812 0.0348958 0.0218750
4 0.2953125 0.1261719 0.0343750 0.0242188
2 0.5221354 0.2832031 0.0244792 0.0398437
5 0.5403646 0.0207031 0.0244792 0.0414062
3 0.6809896 0.7730469 0.0348958 0.0257812
3 0.5911458 0.1027344 0.0197917 0.0367188
2 0.4716146 0.9664063 0.0223958 0.0328125
4 0.5424479 0.2390625 0.0328125 0.0328125
4 0.6481771 0.1882813 0.0328125 0.0203125
1 0.4869792 0.8101563 0.0302083 0.0218750
3 0.4479167 0.2445313 0.0187500 0.0312500
3 0.5083333 0.4386719 0.0312500 0.0257812
1 0.5885417 0.3433594 0.0375000 0.0289063
1 0.5106771 0.1343750 0.0328125 0.0312500
2 0.5169271 0.5906250 0.0234375 0.0234375
5 0.4955729 0.6800781 0.0182292 0.0445313
1 0.6713542 0.5765625 0.0197917 0.0265625
4 0.5208333 0.3750000 0.0333333 0.0250000
5 0.5104167 0.5210938 0.0197917 0.0359375
1 0.3770833 0.8382812 0.0229167 0.0453125
4 0.5466146 0.7625000 0.0328125 0.0234375
3 0.3361979 0.4582031 0.0286458 0.0273438
4 0.6664062 0.3050781 0.0255208 0.0445313
4 0.6356771 0.6468750 0.0317708 0.0171875
3 0.4963542 0.7000000 0.0281250 0.0234375
1 0.5721354 0.6695313 0.0307292 0.0328125
2 0.3742187 0.3957031 0.0223958 0.0492187
0 0.4070313 0.4191406 0.0307292 0.0210938
4 0.4583333 0.4996094 0.0208333 0.0460938
0 0.7669271 0.5199219 0.0369792 0.0304687
2 0.4822917 0.3253906 0.0260417 0.0257812
2 0.5322917 0.1035156 0.0333333 0.0257812
0 0.3898437 0.7750000 0.0140625 0.0421875
4 0.5989583 0.5898438 0.0364583 0.0281250
2 0.4403646 0.5792969 0.0244792 0.0289063
4 0.5546875 0.5316406 0.0260417 0.0320312
2 0.5463542 0.8757812 0.0322917 0.0265625
3 0.6924479 0.4773438 0.0296875 0.0421875
3 0.7174479 0.5039062 0.0338542 0.0250000
3 0.7468750 0.3878906 0.0364583 0.0195312
1 0.6765625 0.2644531 0.0333333 0.0367188
4 0.5268229 0.9375000 0.0328125 0.0296875
10 0.3039062 0.5628906 0.0296875 0.0289063
7 0.7000000 0.3054688 0.0229167 0.0328125
10 0.3390625 0.3820312 0.0333333 0.0390625
7 0.4192708 0.3289063 0.0291667 0.0343750
9 0.6645833 0.4867187 0.0312500 0.0453125
6 0.5520833 0.1996094 0.0291667 0.0320312
9 0.5223958 0.6257812 0.0208333 0.0500000
10 0.5294271 0.7132812 0.0203125 0.0484375
8 0.6104167 0.4730469 0.0229167 0.0335937
10 0.4325521 0.3941406 0.0244792 0.0492187
7 0.5276042 0.6117187 0.0187500 0.0437500
8 0.6065104 0.7777344 0.0317708 0.0335937
