0 0.3882813 0.4023438 0.0192708 0.0265625
0 0.5739583 0.6957031 0.0187500 0.0304687
1 0.5315104 0.4855469 0.0234375 0.0164063
1 0.4020833 0.3160156 0.0114583 0.0367188
2 0.3994792 0.4960938 0.0166667 0.0140625
2 0.5304688 0.3437500 0.0130208 0.0218750
0 0.3070312 0.8699219 0.0234375 0.0179687
0 0.7536458 0.6101562 0.0239583 0.0156250
3 0.6257812 0.6449219 0.0130208 0.0195312
4 0.2833333 0.6023437 0.0166667 0.0218750
2 0.5151042 0.4542969 0.0229167 0.0148437
2 0.6088542 0.5566406 0.0218750 0.0179687
3 0.4333333 0.4910156 0.0135417 0.0226562
5 0.7528646 0.5265625 0.0255208 0.0171875
1 0.6604167 0.4984375 0.0135417 0.0328125
0 0.4070313 0.2535156 0.0265625 0.0195312
3 0.4458333 0.4808594 0.0166667 0.0164063
3 0.5593750 0.4570312 0.0177083 0.0171875
2 0.6036458 0.0546875 0.0229167 0.0250000
5 0.5760417 0.2074219 0.0156250 0.0257812
2 0.4710937 0.3207031 0.0203125 0.0273438
5 0.3630208 0.5949219 0.0250000 0.0179687
4 0.5286458 0.7691406 0.0250000 0.0164063
2 0.4403646 0.6472656 0.0140625 0.0304687
3 0.5065104 0.6554688 0.0130208 0.0390625
3 0.5125000 0.5332031 0.0145833 0.0195312
0 0.5916667 0.6796875 0.0166667 0.0343750
1 0.6312500 0.3855469 0.0250000 0.0179687
5 0.4848958 0.9277344 0.0229167 0.0273438
4 0.4408854 0.4394531 0.0119792 0.0164063
1 0.3976562 0.7300781 0.0255208 0.0195312
0 0.5203125 0.2210938 0.0135417 0.0359375
5 0.5809896 0.5660156 0.0109375 0.0179687
0 0.4856771 0.2285156 0.0244792 0.0210938
1 0.2789063 0.4503906 0.0244792 0.0179687
0 0.5718750 0.8097656 0.0114583 0.0367188
8 0.6244792 0.4406250 0.0208333 0.0312500
6 0.5460938 0.6910156 0.0161458 0.0242188
7 0.7007813 0.4453125 0.0223958 0.0343750
9 0.3403646 0.4750000 0.0213542 0.0234375
10 0.5130208 0.4925781 0.0229167 0.0226562
11 0.4325521 0.2941406 0.0151042 0.0351562
8 0.2710938 0.2960937 0.0234375 0.0250000
10 0.5760417 0.8796875 0.0208333 0.0203125
7 0.3927083 0.3781250 0.0218750 0.0296875
11 0.5338542 0.4417969 0.0229167 0.0304687
9 0.5684896 0.5503906 0.0192708 0.0335937
8 0.7611979 0.6417969 0.0234375 0.0351562
7 0.4692708 0.8695312 0.0177083 0.0343750
11 0.4002604 0.2839844 0.0203125 0.0320312
8 0.3705729 0.4675781 0.0265625 0.0257812
11 0.5908854 0.6058594 0.0161458 0.0367188
