1 0.4390625 0.6527344 0.1645833 0.1070312
5 0.7059896 0.2375000 0.1390625 0.1390625
0 0.2338542 0.3472656 0.1312500 0.1460937
3 0.3723958 0.1894531 0.0645833 0.2226562
1 0.5942708 0.2566406 0.0812500 0.1648438
4 0.3169271 0.4109375 0.0755208 0.1062500
4 0.6872396 0.4472656 0.1098958 0.1117188
3 0.6437500 0.0328125 0.1052083 0.0656250
4 0.5432292 0.0785156 0.1531250 0.0976562
4 0.6677083 0.2593750 0.1343750 0.1203125
5 0.7218750 0.6992188 0.1385417 0.1468750
0 0.3036458 0.3683594 0.1593750 0.1085938
5 0.3494792 0.4515625 0.0583333 0.2000000
1 0.5851563 0.3269531 0.0765625 0.1289062
0 0.5901042 0.7468750 0.0572917 0.1828125
0 0.4036458 0.1957031 0.1135417 0.1132812
0 0.2341146 0.2578125 0.0765625 0.1375000
4 0.1453125 0.4285156 0.0979167 0.1148437
0 0.3536458 0.4335938 0.0822917 0.2078125
0 0.1830729 0.2671875 0.1453125 0.1000000
4 0.5768229 0.2503906 0.1401042 0.1039063
3 0.5468750 0.2105469 0.1531250 0.1304687
5 0.6304688 0.5535156 0.1182292 0.1664063
0 0.6138021 0.9042969 0.0973958 0.1898438
2 0.3638021 0.4867187 0.1348958 0.1265625
3 0.6195312 0.8441406 0.0796875 0.1585938
4 0.7656250 0.2750000 0.1375000 0.1187500
4 0.4270833 0.4253906 0.0906250 0.1039063
1 0.2877604 0.7437500 0.1338542 0.1343750
4 0.5132813 0.2937500 0.0755208 0.2437500
5 0.5408854 0.6566406 0.0828125 0.1382812
9 0.7083333 0.0957031 0.1302083 0.1710937
10 0.6182292 0.2859375 0.1447917 0.1421875
9 0.6067708 0.4253906 0.1406250 0.1851562
6 0.4026042 0.8460937 0.1312500 0.2156250
6 0.2562500 0.2503906 0.1437500 0.1492188
7 0.2169271 0.5375000 0.1286458 0.1328125
8 0.3052083 0.5531250 0.1437500 0.1953125
6 0.6645833 0.3027344 0.1385417 0.1398437
8 0.6328125 0.9179688 0.1385417 0.1343750
8 0.8216146 0.2906250 0.1494792 0.1468750
7 0.4489583 0.4441406 0.1145833 0.1257813
