0 0.6166667 0.5687500 0.0208333 0.0218750
3 0.4828125 0.1875000 0.0302083 0.0203125
1 0.6700521 0.4320312 0.0140625 0.0250000
1 0.6841146 0.7812500 0.0276042 0.0171875
2 0.2750000 0.7539062 0.0270833 0.0250000
2 0.6447917 0.3339844 0.0270833 0.0257812
4 0.2481771 0.3582031 0.0255208 0.0351562
1 0.3601563 0.7621094 0.0192708 0.0398437
2 0.5028646 0.4859375 0.0171875 0.0234375
2 0.6666667 0.2820313 0.0166667 0.0234375
5 0.4973958 0.4718750 0.0312500 0.0203125
0 0.5304688 0.5148438 0.0296875 0.0265625
1 0.3867188 0.5273438 0.0307292 0.0328125
3 0.6036458 0.5917969 0.0270833 0.0320312
0 0.6718750 0.5859375 0.0197917 0.0406250
2 0.6096354 0.6441406 0.0286458 0.0210938
5 0.5169271 0.4714844 0.0161458 0.0304687
5 0.4414062 0.8156250 0.0171875 0.0390625
4 0.5531250 0.4878906 0.0187500 0.0367188
1 0.5507812 0.7386719 0.0265625 0.0257812
4 0.5653646 0.6804687 0.0296875 0.0281250
1 0.3270833 0.8738281 0.0291667 0.0257812
3 0.5796875 0.1128906 0.0239583 0.0351562
3 0.6861979 0.7675781 0.0182292 0.0460938
0 0.6322917 0.6859375 0.0281250 0.0234375
5 0.5817708 0.5488281 0.0260417 0.0195312
3 0.5070313 0.4519531 0.0151042 0.0226562
2 0.3179688 0.5007812 0.0151042 0.0453125
5 0.6440104 0.3609375 0.0130208 0.0296875
4 0.5122396 0.6804687 0.0317708 0.0250000
2 0.5981771 0.4484375 0.0307292 0.0312500
0 0.6877604 0.3683594 0.0276042 0.0335937
3 0.3369792 0.3871094 0.0239583 0.0304687
4 0.5070313 0.1121094 0.0151042 0.0273438
1 0.3643229 0.7296875 0.0255208 0.0375000
0 0.4338542 0.9269531 0.0197917 0.0429688
3 0.6151042 0.4183594 0.0156250 0.0351562
0 0.3726563 0.5980469 0.0182292 0.0226562
3 0.4351563 0.5277344 0.0286458 0.0320312
2 0.4460938 0.8121094 0.0234375 0.0351562
3 0.6802083 0.4656250 0.0322917 0.0218750
3 0.5739583 0.4640625 0.0291667 0.0296875
1 0.6562500 0.8832031 0.0145833 0.0429688
0 0.2536458 0.3605469 0.0333333 0.0289063
4 0.3643229 0.4386719 0.0296875 0.0179687
3 0.5882812 0.5593750 0.0171875 0.0421875
0 0.4377604 0.4218750 0.0307292 0.0312500
5 0.3924479 0.3199219 0.0192708 0.0335937
5 0.3588542 0.4074219 0.0125000 0.0320312
5 0.3880208 0.4406250 0.0156250 0.0437500
0 0.6278646 0.4339844 0.0276042 0.0242188
3 0.2552083 0.5265625 0.0208333 0.0390625
1 0.6460938 0.6824219 0.0317708 0.0226562
1 0.6075521 0.4097656 0.0255208 0.0320312
1 0.4106771 0.8988281 0.0244792 0.0257812
0 0.5046875 0.4878906 0.0145833 0.0445313
2 0.6174479 0.2550781 0.0338542 0.0257812
4 0.5341146 0.3855469 0.0244792 0.0242188
5 0.6812500 0.5269531 0.0291667 0.0195312
5 0.3861979 0.3523438 0.0182292 0.0390625
4 0.3981771 0.5304688 0.0161458 0.0375000
1 0.4466146 0.3976562 0.0276042 0.0187500
4 0.4234375 0.5949219 0.0270833 0.0210938
5 0.4804688 0.4238281 0.0161458 0.0382813
2 0.2875000 0.6886719 0.0333333 0.0242188
3 0.5817708 0.5222656 0.0260417 0.0257812
2 0.3658854 0.2789063 0.0307292 0.0234375
5 0.5705729 0.3929687 0.0192708 0.0265625
5 0.4908854 0.4179688 0.0223958 0.0453125
1 0.6083333 0.4765625 0.0281250 0.0328125
11 0.6250000 0.5261719 0.0260417 0.0382813
6 0.6968750 0.4304688 0.0177083 0.0312500
6 0.5289063 0.4355469 0.0203125 0.0398437
7 0.3231771 0.3574219 0.0307292 0.0398437
9 0.6515625 0.4804688 0.0218750 0.0453125
6 0.5101562 0.8488281 0.0223958 0.0289063
9 0.7369792 0.6437500 0.0281250 0.0343750
6 0.6559896 0.7359375 0.0307292 0.0296875
7 0.6614583 0.3093750 0.0197917 0.0390625
6 0.6815104 0.6734375 0.0213542 0.0468750
9 0.7135417 0.6210938 0.0291667 0.0296875
8 0.5549479 0.5914063 0.0265625 0.0265625
7 0.4833333 0.5710937 0.0270833 0.0281250
11 0.5632812 0.3546875 0.0286458 0.0296875
6 0.4861979 0.5433594 0.0192708 0.0429688
7 0.7432292 0.5195312 0.0270833 0.0312500
10 0.3302083 0.4402344 0.0197917 0.0398437
6 0.6828125 0.2882812 0.0239583 0.0437500
6 0.5541667 0.8363281 0.0229167 0.0273438
