0 0.6981771 0.6640625 0.0776042 0.0578125
4 0.3747396 0.5855469 0.0432292 0.1054688
2 0.3208333 0.5457031 0.0822917 0.0445313
4 0.7393229 0.7355469 0.0828125 0.0648438
5 0.7356771 0.6898437 0.0755208 0.0546875
1 0.6760417 0.1925781 0.0802083 0.0601563
5 0.5281250 0.6945313 0.0677083 0.0500000
2 0.2630208 0.5300781 0.0791667 0.0695313
0 0.5192708 0.3945312 0.0541667 0.0703125
0 0.5023437 0.7406250 0.0401042 0.0843750
3 0.5622396 0.6417969 0.0828125 0.0585938
0 0.2888021 0.6085938 0.0473958 0.1218750
5 0.5890625 0.3019531 0.0593750 0.1085938
5 0.5132813 0.4785156 0.0807292 0.0804688
5 0.4643229 0.5367188 0.0640625 0.0578125
0 0.6955729 0.2601562 0.0755208 0.0531250
3 0.3869792 0.3320312 0.0572917 0.1140625
1 0.2984375 0.8703125 0.0833333 0.0578125
5 0.5247396 0.7796875 0.0494792 0.0468750
3 0.5596354 0.5500000 0.0817708 0.0812500
4 0.2572917 0.5226563 0.0427083 0.1000000
3 0.7179688 0.6546875 0.0588542 0.1046875
2 0.4903646 0.9558594 0.0526042 0.0867187
3 0.7062500 0.5710937 0.0718750 0.0578125
1 0.3549479 0.2507813 0.0713542 0.1015625
1 0.5348958 0.9773437 0.0625000 0.0437500
2 0.4427083 0.4421875 0.0468750 0.0812500
5 0.5398437 0.2238281 0.0453125 0.1148437
4 0.4132812 0.2156250 0.0473958 0.1109375
4 0.4776042 0.8738281 0.0385417 0.1085938
0 0.6968750 0.3964844 0.0822917 0.0867187
5 0.4736979 0.7511719 0.0765625 0.0601563
1 0.5906250 0.2492187 0.0385417 0.1109375
3 0.4135417 0.5542969 0.0770833 0.0523438
5 0.6208333 0.7292969 0.0875000 0.0632812
1 0.2614583 0.6531250 0.0510417 0.1078125
0 0.6052083 0.4593750 0.0750000 0.0546875
5 0.6476563 0.2316406 0.0755208 0.0523438
2 0.6221354 0.2765625 0.0786458 0.0656250
2 0.3690104 0.4468750 0.0817708 0.0640625
3 0.2869792 0.4933594 0.0614583 0.0664062
4 0.5572917 0.7238281 0.0479167 0.0726563
0 0.6484375 0.6875000 0.0739583 0.0640625
5 0.3963542 0.7246094 0.0489583 0.1242188
0 0.6088542 0.8136719 0.0687500 0.0570312
4 0.3973958 0.3109375 0.0333333 0.1250000
1 0.7283854 0.5277344 0.0619792 0.0601563
3 0.6619792 0.2855469 0.0447917 0.0929688
5 0.6039062 0.5429688 0.0630208 0.0671875
3 0.4145833 0.7812500 0.0791667 0.0531250
2 0.4361979 0.8535156 0.0380208 0.1210938
4 0.6026042 0.2007812 0.0739583 0.0468750
1 0.4750000 0.3050781 0.0677083 0.0554687
3 0.7380208 0.2035156 0.0812500 0.0476562
4 0.4320312 0.5761719 0.0817708 0.0648438
0 0.6690104 0.4199219 0.0588542 0.0742188
5 0.6507812 0.2652344 0.0463542 0.0960938
5 0.5080729 0.1437500 0.0463542 0.1343750
0 0.5653646 0.5226563 0.0411458 0.0906250
0 0.2950521 0.2921875 0.0838542 0.0593750
0 0.5390625 0.2304688 0.0500000 0.0906250
0 0.5630208 0.6710938 0.0427083 0.1093750
1 0.5916667 0.0433594 0.0406250 0.0867187
10 0.3278646 0.6199219 0.0765625 0.0898438
9 0.7291667 0.2128906 0.0760417 0.0789062
8 0.4919271 0.2761719 0.0588542 0.1085938
6 0.5664062 0.6160156 0.0848958 0.1007813
7 0.7312500 0.4289062 0.0677083 0.0671875
10 0.4835937 0.6644531 0.0671875 0.1039063
8 0.4856771 0.7160156 0.0463542 0.0976562
11 0.6669271 0.6046875 0.0765625 0.0734375
9 0.5783854 0.6687500 0.0630208 0.1015625
9 0.6593750 0.8671875 0.0520833 0.1218750
9 0.6039062 0.6781250 0.0505208 0.0921875
8 0.3809896 0.7027344 0.0671875 0.1242188
8 0.3705729 0.7839844 0.0494792 0.0960938
10 0.5721354 0.4761719 0.0473958 0.0773438
