4 0.5184896 0.2531250 0.0276042 0.0234375
1 0.4299479 0.7558594 0.0276042 0.0242188
5 0.5822917 0.6628906 0.0197917 0.0335937
5 0.3114583 0.5421875 0.0177083 0.0156250
4 0.6429687 0.5792969 0.0119792 0.0414062
2 0.4630208 0.7101563 0.0177083 0.0234375
5 0.5901042 0.5433594 0.0281250 0.0210938
1 0.3851562 0.2027344 0.0255208 0.0210938
0 0.6263021 0.4390625 0.0161458 0.0296875
2 0.4750000 0.5554687 0.0229167 0.0203125
2 0.3934896 0.3980469 0.0276042 0.0210938
0 0.6125000 0.2132813 0.0187500 0.0375000
3 0.2192708 0.4343750 0.0218750 0.0203125
0 0.2528646 0.3441406 0.0151042 0.0289063
1 0.3401042 0.5242187 0.0281250 0.0203125
0 0.4348958 0.6902344 0.0197917 0.0320312
4 0.2976563 0.6066406 0.0234375 0.0304687
4 0.3684896 0.5894531 0.0203125 0.0304687
0 0.3200521 0.1082031 0.0140625 0.0179687
2 0.5619792 0.6371094 0.0260417 0.0179687
4 0.5966146 0.3562500 0.0234375 0.0156250
5 0.6893229 0.3699219 0.0171875 0.0242188
4 0.6557292 0.3515625 0.0166667 0.0250000
3 0.6000000 0.3433594 0.0177083 0.0289063
5 0.3500000 0.2925781 0.0250000 0.0195312
4 0.3731771 0.2937500 0.0192708 0.0390625
5 0.3049479 0.2738281 0.0265625 0.0210938
3 0.6190104 0.2011719 0.0265625 0.0195312
5 0.4239583 0.3968750 0.0197917 0.0234375
4 0.5932292 0.7199219 0.0229167 0.0226562
5 0.4231771 0.7089844 0.0203125 0.0242188
5 0.5098958 0.5246094 0.0229167 0.0195312
1 0.6294271 0.3660156 0.0255208 0.0210938
1 0.5109375 0.3324219 0.0135417 0.0210938
5 0.3257813 0.7542969 0.0171875 0.0335937
4 0.3830729 0.6484375 0.0255208 0.0218750
5 0.4716146 0.8035156 0.0234375 0.0257812
1 0.4895833 0.4539063 0.0145833 0.0234375
4 0.7505208 0.2976563 0.0156250 0.0187500
5 0.6320313 0.4230469 0.0130208 0.0367188
0 0.6132812 0.7285156 0.0244792 0.0210938
3 0.6333333 0.6828125 0.0229167 0.0265625
3 0.4734375 0.5140625 0.0197917 0.0234375
2 0.5960937 0.2941406 0.0255208 0.0335937
5 0.4020833 0.6191406 0.0135417 0.0398437
1 0.3822917 0.6855469 0.0260417 0.0210938
3 0.4502604 0.3601563 0.0109375 0.0359375
2 0.5604167 0.5449219 0.0197917 0.0320312
4 0.6307292 0.8304687 0.0229167 0.0343750
2 0.6492187 0.7371094 0.0140625 0.0382813
0 0.4713542 0.2398437 0.0145833 0.0375000
4 0.4697917 0.5734375 0.0187500 0.0296875
0 0.6338542 0.6285156 0.0125000 0.0320312
0 0.6054688 0.4554687 0.0130208 0.0328125
5 0.6369792 0.7167969 0.0270833 0.0195312
0 0.7661458 0.5476562 0.0145833 0.0281250
2 0.3541667 0.4437500 0.0114583 0.0250000
4 0.5651042 0.3199219 0.0145833 0.0382813
2 0.6315104 0.7378906 0.0234375 0.0257812
0 0.4184896 0.6394531 0.0192708 0.0226562
1 0.5505208 0.5175781 0.0125000 0.0226562
2 0.6033854 0.3597656 0.0223958 0.0242188
3 0.3286458 0.4339844 0.0260417 0.0179687
0 0.4153646 0.3542969 0.0192708 0.0382813
4 0.6497396 0.2796875 0.0161458 0.0328125
1 0.6802083 0.4902344 0.0260417 0.0179687
4 0.7098958 0.6859375 0.0187500 0.0328125
7 0.5380208 0.4734375 0.0239583 0.0234375
11 0.3270833 0.3578125 0.0177083 0.0375000
11 0.3466146 0.6667969 0.0244792 0.0367188
8 0.4664063 0.4085937 0.0265625 0.0375000
10 0.5341146 0.6839844 0.0161458 0.0382813
7 0.6476563 0.7175781 0.0161458 0.0304687
11 0.4153646 0.8320312 0.0255208 0.0312500
11 0.5007812 0.2625000 0.0244792 0.0265625
10 0.7046875 0.6949219 0.0260417 0.0273438
9 0.4515625 0.4863281 0.0177083 0.0304687
6 0.4091146 0.7316406 0.0213542 0.0382813
11 0.5877604 0.3484375 0.0255208 0.0343750
11 0.4776042 0.3800781 0.0270833 0.0304687
11 0.4791667 0.7628906 0.0208333 0.0351562
7 0.6294271 0.3019531 0.0234375 0.0226562
11 0.5002604 0.3050781 0.0255208 0.0289063
10 0.7830729 0.5484375 0.0223958 0.0281250
