1 0.5864583 0.5941406 0.1802083 0.1257813
4 0.4713542 0.9207031 0.1739583 0.1335938
5 0.7231771 0.1621094 0.1640625 0.1085938
2 0.7065104 0.7847656 0.1817708 0.1335938
4 0.3690104 0.2742188 0.1567708 0.1531250
3 0.6572917 0.6671875 0.1520833 0.1843750
3 0.5632812 0.6210938 0.1578125 0.1328125
4 0.5789062 0.8207031 0.1057292 0.2492187
1 0.6742187 0.8464844 0.0890625 0.2445313
0 0.4161458 0.7703125 0.0802083 0.2546875
4 0.5119792 0.6152344 0.1729167 0.1367188
4 0.7661458 0.4789062 0.1739583 0.1156250
3 0.7515625 0.6390625 0.1604167 0.1125000
4 0.3544271 0.4312500 0.1057292 0.1109375
11 0.2348958 0.8832031 0.1572917 0.1976563
6 0.4052083 0.6253906 0.1854167 0.1789062
10 0.6104167 0.8945312 0.1687500 0.1906250
6 0.7067708 0.2652344 0.1656250 0.1679688
10 0.6684896 0.1031250 0.1046875 0.2062500
6 0.6000000 0.5921875 0.1406250 0.1593750
11 0.5604167 0.5609375 0.1270833 0.2609375
10 0.4104167 0.9175781 0.1041667 0.1632812
9 0.5575521 0.3632812 0.1151042 0.1625000
8 0.7661458 0.6203125 0.1739583 0.2062500
11 0.7739583 0.4464844 0.1375000 0.2445313
