0 0.3666667 0.6875000 0.0562500 0.0953125
3 0.4455729 0.1750000 0.0828125 0.0843750
4 0.4828125 0.6757812 0.0656250 0.0890625
4 0.5263021 0.7792969 0.0682292 0.0507812
3 0.6984375 0.6730469 0.0604167 0.0882813
0 0.6911458 0.3675781 0.0760417 0.0523438
3 0.6294271 0.6886719 0.0619792 0.0945312
4 0.6713542 0.4554687 0.0760417 0.0546875
3 0.7138021 0.3628906 0.0932292 0.0539063
2 0.3911458 0.3917969 0.0656250 0.0945312
3 0.5984375 0.7828125 0.0677083 0.0765625
0 0.7838542 0.3308594 0.0468750 0.0523438
5 0.5830729 0.1789062 0.0723958 0.0750000
0 0.5992188 0.3300781 0.0411458 0.0835937
4 0.6554688 0.3605469 0.0807292 0.0617188
5 0.5057292 0.5742188 0.0677083 0.0718750
2 0.4598958 0.5113281 0.0593750 0.0945312
5 0.3640625 0.5988281 0.0791667 0.0648438
5 0.5023437 0.9296875 0.0890625 0.0703125
2 0.5065104 0.8277344 0.0484375 0.1257813
2 0.2169271 0.3238281 0.0671875 0.1179687
2 0.6515625 0.5648437 0.0697917 0.0968750
2 0.3611979 0.2847656 0.0557292 0.1179687
2 0.7393229 0.4257812 0.0817708 0.0796875
5 0.6940104 0.7074219 0.0692708 0.1070312
5 0.6023437 0.5214844 0.0411458 0.0914062
5 0.4664063 0.5328125 0.0390625 0.1234375
5 0.7260417 0.2773438 0.0552083 0.1046875
5 0.6023437 0.5726562 0.0578125 0.0843750
5 0.5489583 0.4035156 0.0666667 0.0882813
0 0.2968750 0.7101563 0.0791667 0.0515625
1 0.4559896 0.8695312 0.0817708 0.0593750
1 0.7143229 0.4921875 0.0536458 0.1218750
5 0.6052083 0.5046875 0.0781250 0.0593750
4 0.6549479 0.7039062 0.0432292 0.1234375
2 0.6205729 0.7195312 0.0838542 0.0578125
3 0.6143229 0.4804688 0.0380208 0.0921875
5 0.5476562 0.2539062 0.0473958 0.1171875
4 0.6544271 0.4449219 0.0734375 0.0570312
5 0.3317708 0.8296875 0.0427083 0.0796875
3 0.5601563 0.2125000 0.0713542 0.0859375
4 0.5190104 0.3671875 0.0515625 0.0812500
2 0.3614583 0.7992187 0.0604167 0.1234375
5 0.5091146 0.2781250 0.0744792 0.1015625
0 0.7226562 0.5164062 0.0786458 0.0671875
2 0.5539063 0.6371094 0.0432292 0.1164063
0 0.7489583 0.3093750 0.0416667 0.1203125
0 0.3937500 0.6785156 0.0437500 0.1257813
1 0.5421875 0.6402344 0.0322917 0.0695313
4 0.7273437 0.7621094 0.0859375 0.0585938
2 0.4223958 0.4421875 0.0739583 0.0546875
3 0.4867187 0.1289062 0.0828125 0.0531250
5 0.4747396 0.1750000 0.0671875 0.0718750
0 0.5414062 0.5605469 0.0744792 0.0617188
3 0.3687500 0.7531250 0.0729167 0.0593750
0 0.5861979 0.2414062 0.0807292 0.0625000
0 0.5223958 0.2234375 0.0583333 0.1015625
5 0.4174479 0.5277344 0.0380208 0.0585938
0 0.6549479 0.5613281 0.0765625 0.0507812
3 0.2906250 0.6832031 0.0750000 0.0804688
5 0.5296875 0.9578125 0.0708333 0.0828125
2 0.7611979 0.2757812 0.0859375 0.0609375
0 0.4481771 0.4601562 0.0567708 0.0765625
0 0.4807292 0.1199219 0.0770833 0.0539063
3 0.2770833 0.5003906 0.0531250 0.1179687
5 0.6614583 0.7890625 0.0802083 0.0796875
4 0.7447917 0.2710938 0.0458333 0.0593750
2 0.4567708 0.3964844 0.0635417 0.0601563
4 0.5299479 0.8925781 0.0713542 0.0867187
5 0.7091146 0.2265625 0.0744792 0.0781250
1 0.3903646 0.8015625 0.0442708 0.1250000
4 0.4260417 0.6382813 0.0812500 0.0609375
5 0.5252604 0.4015625 0.0453125 0.0750000
2 0.6723958 0.8058594 0.0885417 0.0695313
4 0.4984375 0.2234375 0.0510417 0.1046875
2 0.4158854 0.5929688 0.0786458 0.0593750
9 0.5825521 0.7898437 0.0703125 0.1000000
