3 0.5513021 0.1503906 0.0213542 0.0320312
0 0.7013021 0.3750000 0.0286458 0.0265625
0 0.2239583 0.3390625 0.0302083 0.0250000
1 0.4835937 0.2800781 0.0296875 0.0179687
4 0.4713542 0.1652344 0.0145833 0.0226562
3 0.6651042 0.2691406 0.0166667 0.0289063
3 0.4979167 0.4843750 0.0270833 0.0296875
0 0.4354167 0.3929687 0.0208333 0.0171875
0 0.6294271 0.6144531 0.0213542 0.0242188
5 0.6598958 0.5285156 0.0135417 0.0289063
0 0.5992188 0.2085937 0.0140625 0.0421875
4 0.6549479 0.4460938 0.0223958 0.0203125
0 0.6880208 0.4925781 0.0229167 0.0304687
4 0.3111979 0.2984375 0.0276042 0.0265625
5 0.5583333 0.5585938 0.0166667 0.0453125
4 0.3632812 0.3320312 0.0296875 0.0203125
2 0.4736979 0.5296875 0.0255208 0.0281250
2 0.3424479 0.4898438 0.0255208 0.0281250
0 0.5919271 0.5625000 0.0265625 0.0296875
1 0.4192708 0.6824219 0.0208333 0.0335937
3 0.6192708 0.2273438 0.0302083 0.0218750
3 0.5218750 0.7765625 0.0312500 0.0234375
5 0.6091146 0.2246094 0.0140625 0.0351562
5 0.7143229 0.4316406 0.0140625 0.0242188
2 0.3656250 0.6160156 0.0197917 0.0273438
0 0.3820312 0.3683594 0.0151042 0.0257812
2 0.5328125 0.5328125 0.0291667 0.0187500
2 0.4973958 0.8144531 0.0281250 0.0226562
1 0.6567708 0.6917969 0.0260417 0.0195312
1 0.4148438 0.4285156 0.0223958 0.0226562
1 0.4463542 0.5480469 0.0135417 0.0414062
5 0.2791667 0.5140625 0.0281250 0.0265625
0 0.5546875 0.2582031 0.0187500 0.0382813
5 0.7445312 0.5878906 0.0255208 0.0382813
3 0.4143229 0.4468750 0.0255208 0.0359375
5 0.6703125 0.5878906 0.0229167 0.0289063
2 0.5552083 0.8191406 0.0156250 0.0289063
10 0.5122396 0.2523437 0.0192708 0.0265625
9 0.5158854 0.4222656 0.0265625 0.0414062
7 0.7091146 0.7593750 0.0276042 0.0265625
10 0.3375000 0.1273438 0.0260417 0.0250000
6 0.3804688 0.5101562 0.0203125 0.0296875
11 0.6255208 0.4523437 0.0218750 0.0375000
7 0.5890625 0.8421875 0.0250000 0.0250000
9 0.6479167 0.6449219 0.0270833 0.0304687
8 0.7093750 0.3363281 0.0250000 0.0335937
6 0.5976562 0.6257812 0.0265625 0.0265625
