2 0.5018229 0.5152344 0.0213542 0.0179687
0 0.5583333 0.2007812 0.0208333 0.0187500
5 0.6164063 0.4558594 0.0151042 0.0320312
4 0.5315104 0.6847656 0.0192708 0.0289063
0 0.5401042 0.5546875 0.0229167 0.0187500
0 0.4309896 0.5683594 0.0109375 0.0351562
1 0.5083333 0.5000000 0.0218750 0.0171875
2 0.6768229 0.3667969 0.0223958 0.0226562
3 0.5552083 0.2867188 0.0125000 0.0187500
5 0.6468750 0.4210937 0.0197917 0.0187500
4 0.7757812 0.6898437 0.0244792 0.0187500
10 0.4315104 0.2085937 0.0213542 0.0234375
8 0.5125000 0.9050781 0.0197917 0.0226562
10 0.4692708 0.3457031 0.0177083 0.0195312
7 0.4458333 0.5730469 0.0218750 0.0304687
11 0.4580729 0.3730469 0.0182292 0.0210938
11 0.6231771 0.6675781 0.0234375 0.0289063
8 0.5317708 0.3804688 0.0208333 0.0250000
8 0.5947917 0.6527344 0.0166667 0.0382813
8 0.5179687 0.4812500 0.0203125 0.0203125
10 0.5315104 0.2382812 0.0203125 0.0265625
