4 0.5403646 0.4183594 0.0328125 0.0242188
1 0.3455729 0.4890625 0.0348958 0.0250000
0 0.6427083 0.7523437 0.0364583 0.0265625
5 0.6049479 0.2515625 0.0140625 0.0406250
1 0.4250000 0.4171875 0.0333333 0.0218750
1 0.5625000 0.9210938 0.0177083 0.0515625
5 0.4684896 0.5433594 0.0317708 0.0210938
0 0.4799479 0.3414063 0.0307292 0.0390625
4 0.6286458 0.7964844 0.0250000 0.0460938
4 0.2158854 0.3390625 0.0140625 0.0453125
2 0.7098958 0.3292969 0.0218750 0.0476562
3 0.3596354 0.3855469 0.0192708 0.0226562
5 0.2528646 0.5289063 0.0171875 0.0468750
5 0.5190104 0.5425781 0.0265625 0.0429688
5 0.6276042 0.4218750 0.0270833 0.0390625
2 0.6565104 0.4238281 0.0307292 0.0273438
1 0.3593750 0.8144531 0.0156250 0.0476562
2 0.5528646 0.3562500 0.0244792 0.0375000
3 0.3502604 0.3746094 0.0286458 0.0429688
3 0.3721354 0.3941406 0.0171875 0.0460938
0 0.3984375 0.5976562 0.0187500 0.0390625
1 0.6187500 0.3722656 0.0312500 0.0210938
3 0.5750000 0.9660156 0.0229167 0.0492187
5 0.5260417 0.7023438 0.0312500 0.0218750
0 0.4343750 0.4121094 0.0177083 0.0367188
4 0.5328125 0.7187500 0.0187500 0.0500000
3 0.6653646 0.2261719 0.0265625 0.0257812
3 0.6322917 0.3484375 0.0177083 0.0484375
2 0.6140625 0.7925781 0.0281250 0.0414062
1 0.4289062 0.4488281 0.0234375 0.0351562
0 0.5346354 0.3171875 0.0276042 0.0218750
10 0.2705729 0.2656250 0.0307292 0.0312500
8 0.2885417 0.4367187 0.0322917 0.0343750
