2 0.8276042 0.3890625 0.1302083 0.1578125
0 0.2398437 0.5367188 0.0838542 0.1812500
5 0.6041667 0.7343750 0.1197917 0.1312500
3 0.6794271 0.5648437 0.1203125 0.1937500
2 0.7601562 0.2839844 0.1161458 0.1179687
3 0.5802083 0.3054688 0.0854167 0.1937500
4 0.5046875 0.1468750 0.0958333 0.1593750
2 0.5916667 0.0929688 0.1020833 0.1859375
3 0.6164063 0.4867187 0.1255208 0.1218750
0 0.5554687 0.7160156 0.1067708 0.1195313
4 0.5304688 0.0921875 0.1401042 0.1546875
5 0.4736979 0.8343750 0.0859375 0.1671875
4 0.7682292 0.3488281 0.0906250 0.2101562
0 0.3645833 0.4750000 0.1250000 0.1218750
3 0.6604167 0.4644531 0.0729167 0.1101562
3 0.6312500 0.3445313 0.1125000 0.1421875
3 0.4973958 0.2003906 0.1020833 0.1648438
4 0.6697917 0.2777344 0.0843750 0.1773437
5 0.5515625 0.7464844 0.1114583 0.1007813
4 0.5658854 0.5636719 0.1161458 0.0914062
1 0.4903646 0.3757813 0.0630208 0.2078125
0 0.2609375 0.3179688 0.1354167 0.0890625
3 0.4489583 0.7820312 0.0833333 0.2218750
3 0.6562500 0.2476562 0.0927083 0.1937500
1 0.4570312 0.8839844 0.0848958 0.1039063
2 0.6507812 0.7152344 0.0713542 0.2242187
0 0.7442708 0.6601562 0.0677083 0.1953125
4 0.4651042 0.2914062 0.1604167 0.1265625
5 0.4770833 0.2878906 0.1447917 0.1804688
3 0.3341146 0.2757812 0.0630208 0.0953125
1 0.4716146 0.0691406 0.1453125 0.1117188
0 0.3583333 0.4781250 0.1552083 0.1390625
1 0.6609375 0.6785156 0.0520833 0.1101562
3 0.4835937 0.6945313 0.0630208 0.2187500
3 0.3872396 0.8011719 0.0776042 0.1070312
5 0.7278646 0.4500000 0.1192708 0.1437500
2 0.2796875 0.5000000 0.1239583 0.1812500
2 0.2627604 0.2226562 0.1411458 0.0890625
5 0.5518229 0.7566406 0.1473958 0.0914062
4 0.6091146 0.5957031 0.1171875 0.0976562
1 0.4403646 0.5816406 0.1442708 0.0835937
1 0.3244792 0.2953125 0.1322917 0.1140625
4 0.4013021 0.1691406 0.0703125 0.1851562
4 0.1320312 0.6265625 0.1390625 0.1609375
5 0.6703125 0.2496094 0.1000000 0.1601562
5 0.5861979 0.3218750 0.1109375 0.1843750
0 0.3875000 0.3167969 0.1093750 0.1726563
2 0.8018229 0.4261719 0.1609375 0.1226562
4 0.5057292 0.7996094 0.0625000 0.1023437
0 0.6328125 0.6851563 0.1239583 0.1296875
5 0.4434896 0.5246094 0.0953125 0.1429688
0 0.2518229 0.5628906 0.1578125 0.1085938
3 0.4278646 0.8148437 0.0723958 0.1187500
5 0.3427083 0.4507813 0.0697917 0.1484375
4 0.5645833 0.2394531 0.0864583 0.2039063
4 0.6429687 0.2269531 0.0817708 0.1929687
9 0.5734375 0.2476562 0.0833333 0.1250000
9 0.6937500 0.5980469 0.1270833 0.1585938
10 0.6895833 0.2449219 0.1281250 0.1742188
9 0.5197917 0.0679687 0.0875000 0.1359375
11 0.4921875 0.8000000 0.1072917 0.2046875
10 0.3950521 0.2578125 0.0932292 0.2140625
8 0.3966146 0.6203125 0.1151042 0.1578125
11 0.6130208 0.3285156 0.1125000 0.2195313
8 0.3804688 0.4589844 0.0994792 0.1523438
6 0.3351562 0.5203125 0.1317708 0.1437500
9 0.3820312 0.9339844 0.1328125 0.1304687
10 0.6445312 0.7597656 0.1307292 0.1382812
