0 0.6484375 0.1257813 0.0187500 0.0359375
0 0.5106771 0.1835938 0.0296875 0.0546875
4 0.6927083 0.6320313 0.0406250 0.0281250
3 0.4533854 0.8761719 0.0192708 0.0476562
5 0.6302083 0.4828125 0.0322917 0.0312500
5 0.5000000 0.5675781 0.0229167 0.0335937
3 0.3455729 0.7265625 0.0369792 0.0312500
0 0.4458333 0.2984375 0.0260417 0.0562500
0 0.6096354 0.4738281 0.0255208 0.0445313
2 0.7255208 0.3941406 0.0354167 0.0289063
4 0.5067708 0.8109375 0.0208333 0.0250000
5 0.4786458 0.3917969 0.0208333 0.0445313
5 0.5031250 0.8507813 0.0197917 0.0437500
4 0.5544271 0.3906250 0.0359375 0.0265625
0 0.4197917 0.8285156 0.0229167 0.0414062
0 0.6723958 0.4785156 0.0291667 0.0351562
1 0.5453125 0.6832031 0.0302083 0.0367188
0 0.3809896 0.5914063 0.0390625 0.0375000
0 0.5531250 0.5570312 0.0343750 0.0203125
1 0.4635417 0.6300781 0.0208333 0.0476562
3 0.4330729 0.5453125 0.0213542 0.0328125
0 0.6005208 0.4718750 0.0229167 0.0375000
3 0.6692708 0.3539062 0.0354167 0.0375000
3 0.3963542 0.6902344 0.0166667 0.0335937
3 0.6981771 0.7507812 0.0369792 0.0281250
1 0.8351563 0.4417969 0.0286458 0.0320312
0 0.7315104 0.3093750 0.0380208 0.0250000
1 0.5046875 0.6937500 0.0187500 0.0546875
2 0.4838542 0.7773438 0.0260417 0.0531250
4 0.4270833 0.7636719 0.0333333 0.0398437
1 0.6145833 0.2472656 0.0166667 0.0289063
3 0.5406250 0.3667969 0.0354167 0.0398437
3 0.3460937 0.2960937 0.0223958 0.0609375
5 0.6486979 0.6324219 0.0401042 0.0351562
4 0.4109375 0.3957031 0.0218750 0.0539063
5 0.5242187 0.5500000 0.0348958 0.0359375
3 0.5552083 0.5906250 0.0302083 0.0390625
2 0.6289062 0.7039062 0.0203125 0.0468750
8 0.3049479 0.6574219 0.0223958 0.0335937
10 0.4872396 0.3480469 0.0348958 0.0351562
8 0.6200521 0.4339844 0.0348958 0.0382813
8 0.2976563 0.5183594 0.0380208 0.0398437
6 0.3890625 0.6191406 0.0229167 0.0382813
9 0.4973958 0.3515625 0.0322917 0.0359375
6 0.6614583 0.8199219 0.0354167 0.0351562
10 0.4744792 0.9109375 0.0281250 0.0546875
6 0.2541667 0.7097656 0.0229167 0.0445313
