5 0.5963542 0.7996094 0.0947917 0.0632812
4 0.5203125 0.6652344 0.0791667 0.0835937
4 0.3229167 0.6296875 0.0427083 0.1343750
1 0.2614583 0.4394531 0.0833333 0.0695313
4 0.5286458 0.7214844 0.0854167 0.0632812
0 0.7572917 0.5347656 0.0843750 0.0585938
5 0.6096354 0.3320312 0.0901042 0.0640625
0 0.5398437 0.6847656 0.0828125 0.0867187
3 0.5617188 0.1835938 0.0640625 0.0937500
1 0.7216146 0.4652344 0.0473958 0.1242188
2 0.6820312 0.6093750 0.0911458 0.0828125
5 0.6927083 0.5648437 0.0875000 0.0656250
0 0.5723958 0.4214844 0.0677083 0.0976562
2 0.5757813 0.7566406 0.0932292 0.0695313
4 0.5427083 0.3566406 0.0406250 0.1007813
2 0.3408854 0.2179687 0.0807292 0.0656250
4 0.6567708 0.4843750 0.0666667 0.0781250
5 0.5716146 0.4105469 0.0567708 0.1523438
1 0.3994792 0.3593750 0.0718750 0.0875000
4 0.6776042 0.7101563 0.0854167 0.0515625
5 0.4890625 0.1449219 0.0875000 0.0632812
5 0.5343750 0.6242188 0.0750000 0.0640625
0 0.4070313 0.4554687 0.0901042 0.0781250
2 0.6692708 0.4464844 0.0697917 0.0757812
4 0.3682292 0.2828125 0.0593750 0.1015625
0 0.5406250 0.6339844 0.0385417 0.1257813
0 0.5643229 0.4117188 0.0755208 0.0578125
3 0.8075521 0.4796875 0.0505208 0.0750000
1 0.4109375 0.3359375 0.0645833 0.1234375
3 0.3395833 0.5992188 0.0583333 0.0703125
0 0.3768229 0.2527344 0.0848958 0.0617188
0 0.2072917 0.5761719 0.0458333 0.0757812
1 0.7533854 0.2359375 0.0411458 0.0500000
1 0.7442708 0.6843750 0.0791667 0.0781250
5 0.3734375 0.3800781 0.0781250 0.0648438
1 0.5223958 0.2972656 0.0843750 0.0585938
3 0.6033854 0.9050781 0.0494792 0.0789062
2 0.6869792 0.7757812 0.0791667 0.0484375
2 0.1950521 0.3160156 0.0463542 0.1039063
3 0.4570312 0.8417969 0.0401042 0.1242188
1 0.5281250 0.4812500 0.0885417 0.0609375
4 0.7023438 0.4269531 0.0390625 0.0851563
2 0.3559896 0.6335937 0.0557292 0.0531250
4 0.6484375 0.1718750 0.0510417 0.1281250
0 0.4776042 0.5800781 0.0906250 0.0695313
4 0.4593750 0.3171875 0.0604167 0.0531250
5 0.6872396 0.3652344 0.0817708 0.0648438
2 0.5044271 0.2417969 0.0390625 0.1054688
4 0.6304688 0.3785156 0.0713542 0.0929688
5 0.4231771 0.5445313 0.0723958 0.0718750
0 0.4559896 0.1406250 0.0578125 0.0765625
0 0.5190104 0.5906250 0.0953125 0.0609375
2 0.2708333 0.6996094 0.0927083 0.0632812
4 0.3343750 0.1585938 0.0562500 0.1296875
0 0.6312500 0.2144531 0.0739583 0.0960938
3 0.7119792 0.7265625 0.0687500 0.0687500
5 0.2351563 0.5363281 0.0578125 0.0554687
4 0.5583333 0.8285156 0.0718750 0.0867187
3 0.2385417 0.4648438 0.0854167 0.0906250
3 0.5604167 0.3437500 0.0729167 0.0859375
4 0.6122396 0.8175781 0.0848958 0.0507812
3 0.5242187 0.1945312 0.0588542 0.0828125
5 0.3109375 0.5710937 0.0781250 0.1078125
3 0.6031250 0.7292969 0.0604167 0.0867187
3 0.3304687 0.4277344 0.0921875 0.0851563
0 0.4747396 0.7882813 0.0661458 0.1000000
1 0.5546875 0.4386719 0.0656250 0.0929688
1 0.2585938 0.2429688 0.0880208 0.0578125
7 0.7322917 0.1667969 0.0739583 0.1242188
6 0.6033854 0.6085938 0.0526042 0.0984375
6 0.5979167 0.6824219 0.0510417 0.0757812
8 0.4875000 0.5910156 0.0854167 0.0898438
6 0.4440104 0.8464844 0.0598958 0.1226562
10 0.6919271 0.2671875 0.0921875 0.0875000
8 0.3841146 0.4140625 0.0526042 0.1156250
7 0.3546875 0.3328125 0.0760417 0.0765625
9 0.7125000 0.5183594 0.0895833 0.1007813
6 0.3750000 0.4371094 0.0656250 0.1070312
11 0.6911458 0.7136719 0.0812500 0.0945312
