2 0.7236979 0.4343750 0.0307292 0.0500000
2 0.6442708 0.6371094 0.0322917 0.0351562
1 0.3604167 0.6906250 0.0197917 0.0531250
4 0.6919271 0.8531250 0.0359375 0.0250000
4 0.4489583 0.5410156 0.0364583 0.0226562
5 0.4742188 0.8265625 0.0338542 0.0265625
2 0.5395833 0.3074219 0.0375000 0.0257812
1 0.5677083 0.5234375 0.0406250 0.0296875
1 0.5031250 0.3250000 0.0208333 0.0546875
4 0.5807292 0.4714844 0.0312500 0.0320312
5 0.6505208 0.2281250 0.0250000 0.0421875
5 0.4684896 0.7617188 0.0401042 0.0296875
4 0.6098958 0.5929688 0.0343750 0.0265625
5 0.5044271 0.4820313 0.0265625 0.0359375
5 0.4619792 0.2031250 0.0260417 0.0546875
4 0.5223958 0.8816406 0.0302083 0.0398437
2 0.6843750 0.6050781 0.0343750 0.0257812
5 0.5002604 0.3425781 0.0348958 0.0367188
3 0.4416667 0.6023437 0.0218750 0.0531250
1 0.3177083 0.5484375 0.0375000 0.0343750
5 0.5544271 0.3652344 0.0338542 0.0273438
5 0.5585938 0.8148437 0.0265625 0.0546875
5 0.5872396 0.7750000 0.0182292 0.0453125
4 0.4252604 0.7175781 0.0161458 0.0492187
11 0.5341146 0.6226563 0.0223958 0.0328125
11 0.4864583 0.7753906 0.0291667 0.0460938
11 0.6286458 0.4503906 0.0218750 0.0492187
7 0.3013021 0.7410156 0.0234375 0.0539063
7 0.7276042 0.5542969 0.0322917 0.0320312
7 0.4604167 0.8167969 0.0333333 0.0335937
11 0.5458333 0.2847656 0.0385417 0.0367188
11 0.5059896 0.4253906 0.0244792 0.0414062
10 0.4604167 0.4281250 0.0322917 0.0312500
11 0.3593750 0.5441406 0.0343750 0.0367188
6 0.5854167 0.4089844 0.0364583 0.0507812
11 0.2617188 0.5976562 0.0307292 0.0468750
7 0.6346354 0.5027344 0.0328125 0.0460938
7 0.6080729 0.1523438 0.0359375 0.0390625
11 0.5250000 0.6789063 0.0312500 0.0437500
10 0.7309896 0.3988281 0.0286458 0.0539063
11 0.4088542 0.6468750 0.0218750 0.0328125
