3 0.3598958 0.3000000 0.1458333 0.1031250
3 0.6802083 0.6390625 0.1645833 0.1390625
2 0.2265625 0.4261719 0.1458333 0.1351563
3 0.4307292 0.3625000 0.0687500 0.1093750
3 0.4033854 0.6558594 0.1338542 0.1570313
5 0.4239583 0.9410156 0.0937500 0.1164063
1 0.3593750 0.8453125 0.0885417 0.1203125
2 0.3971354 0.7746094 0.1661458 0.1148437
1 0.4419271 0.2460938 0.1578125 0.1187500
3 0.5539063 0.7496094 0.1119792 0.1257813
5 0.6705729 0.3730469 0.0786458 0.2226562
1 0.4356771 0.8167969 0.1026042 0.1226562
3 0.5046875 0.7496094 0.1583333 0.1523438
4 0.4763021 0.4500000 0.0911458 0.1781250
1 0.6429687 0.8179688 0.0869792 0.2515625
3 0.6541667 0.5250000 0.1406250 0.1562500
0 0.4375000 0.6863281 0.1114583 0.2242187
1 0.4278646 0.5386719 0.1005208 0.1648438
4 0.6940104 0.5203125 0.0796875 0.1765625
8 0.2317708 0.3019531 0.1416667 0.1382812
8 0.4562500 0.0437500 0.0895833 0.0875000
8 0.6979167 0.4082031 0.1677083 0.1585938
