4 0.5739583 0.3335938 0.0250000 0.0187500
1 0.6692708 0.4382813 0.0239583 0.0171875
5 0.5283854 0.2933594 0.0119792 0.0382813
3 0.3828125 0.3128906 0.0250000 0.0195312
3 0.4059896 0.4511719 0.0109375 0.0273438
1 0.4458333 0.6644531 0.0114583 0.0179687
3 0.5963542 0.2261719 0.0177083 0.0195312
0 0.5937500 0.3796875 0.0166667 0.0187500
0 0.3908854 0.6953125 0.0276042 0.0171875
4 0.7054687 0.5269531 0.0234375 0.0195312
5 0.6432292 0.5179687 0.0135417 0.0187500
4 0.6427083 0.1628906 0.0239583 0.0195312
2 0.4523437 0.5550781 0.0203125 0.0289063
3 0.5317708 0.6886719 0.0125000 0.0226562
1 0.5755208 0.5125000 0.0197917 0.0281250
2 0.3145833 0.3636719 0.0218750 0.0242188
5 0.4364583 0.4398437 0.0239583 0.0187500
1 0.5611979 0.4429688 0.0109375 0.0359375
5 0.7557292 0.3253906 0.0260417 0.0304687
3 0.6854167 0.4906250 0.0145833 0.0390625
2 0.5817708 0.3929687 0.0145833 0.0343750
5 0.7005208 0.2144531 0.0135417 0.0179687
4 0.4075521 0.5234375 0.0234375 0.0187500
5 0.5127604 0.5433594 0.0192708 0.0226562
4 0.5510417 0.3144531 0.0239583 0.0148437
0 0.5906250 0.5429688 0.0125000 0.0250000
0 0.5052083 0.1933594 0.0125000 0.0414062
0 0.6119792 0.2875000 0.0229167 0.0218750
0 0.2932292 0.6449219 0.0187500 0.0304687
4 0.6468750 0.5121094 0.0208333 0.0320312
3 0.5257812 0.6187500 0.0171875 0.0296875
4 0.5570312 0.5945312 0.0140625 0.0359375
4 0.6567708 0.4445312 0.0250000 0.0171875
3 0.6190104 0.3480469 0.0255208 0.0210938
1 0.5078125 0.8296875 0.0156250 0.0265625
5 0.5007812 0.8683594 0.0151042 0.0289063
0 0.6541667 0.2226562 0.0250000 0.0156250
5 0.5010417 0.4542969 0.0135417 0.0210938
1 0.5255208 0.5562500 0.0250000 0.0171875
4 0.5424479 0.8343750 0.0244792 0.0187500
2 0.4901042 0.6238281 0.0197917 0.0257812
5 0.5981771 0.5281250 0.0255208 0.0265625
4 0.5653646 0.8156250 0.0151042 0.0359375
3 0.7067708 0.7640625 0.0156250 0.0250000
1 0.3072917 0.3531250 0.0104167 0.0281250
0 0.4513021 0.4570312 0.0213542 0.0218750
4 0.5083333 0.7554688 0.0145833 0.0140625
1 0.7130208 0.2570312 0.0281250 0.0156250
1 0.5078125 0.2656250 0.0229167 0.0187500
4 0.6067708 0.5277344 0.0260417 0.0210938
1 0.2463542 0.3734375 0.0260417 0.0218750
2 0.5059896 0.8921875 0.0213542 0.0343750
2 0.7065104 0.4707031 0.0182292 0.0320312
5 0.5872396 0.4000000 0.0203125 0.0265625
5 0.6815104 0.3167969 0.0234375 0.0210938
3 0.5500000 0.4050781 0.0239583 0.0195312
0 0.7510417 0.5324219 0.0166667 0.0351562
5 0.4364583 0.5613281 0.0187500 0.0351562
2 0.3843750 0.7046875 0.0208333 0.0218750
2 0.5005208 0.4687500 0.0218750 0.0296875
5 0.6750000 0.6359375 0.0260417 0.0234375
5 0.4583333 0.3789062 0.0156250 0.0328125
4 0.5007812 0.7218750 0.0203125 0.0234375
1 0.2460938 0.4851563 0.0151042 0.0343750
0 0.5888021 0.4273438 0.0234375 0.0234375
2 0.5932292 0.5253906 0.0156250 0.0351562
3 0.7085938 0.6000000 0.0244792 0.0171875
5 0.6119792 0.8304687 0.0229167 0.0250000
4 0.7562500 0.4406250 0.0239583 0.0171875
5 0.4401042 0.4773438 0.0166667 0.0343750
1 0.2872396 0.7058594 0.0171875 0.0320312
0 0.5007812 0.5121094 0.0255208 0.0273438
0 0.4361979 0.4488281 0.0151042 0.0289063
0 0.4812500 0.9089844 0.0177083 0.0273438
2 0.3684896 0.4750000 0.0265625 0.0234375
5 0.4153646 0.7253906 0.0140625 0.0320312
2 0.5869792 0.6980469 0.0250000 0.0164063
8 0.6023437 0.5867187 0.0203125 0.0296875
10 0.6664062 0.5246094 0.0223958 0.0226562
