0 0.6653646 0.7085938 0.0640625 0.0453125
0 0.3885417 0.5964844 0.0531250 0.0382813
4 0.3455729 0.3726563 0.0546875 0.0328125
4 0.5893229 0.2531250 0.0609375 0.0390625
4 0.3252604 0.4996094 0.0338542 0.0414062
4 0.4528646 0.5320312 0.0223958 0.0734375
3 0.4161458 0.7652344 0.0406250 0.0601563
5 0.2843750 0.6250000 0.0583333 0.0500000
3 0.5424479 0.2792969 0.0255208 0.0445313
0 0.3041667 0.6167969 0.0385417 0.0632812
0 0.5786458 0.2566406 0.0479167 0.0570312
0 0.5854167 0.2207031 0.0406250 0.0601563
3 0.7481771 0.6394531 0.0494792 0.0476562
3 0.6192708 0.8546875 0.0614583 0.0531250
0 0.6536458 0.7707031 0.0583333 0.0414062
5 0.7203125 0.3562500 0.0229167 0.0593750
4 0.5158854 0.9250000 0.0453125 0.0781250
4 0.6791667 0.7562500 0.0489583 0.0515625
0 0.6638021 0.6945313 0.0578125 0.0437500
1 0.3481771 0.8621094 0.0578125 0.0429688
9 0.5127604 0.3457031 0.0526042 0.0617188
9 0.6065104 0.8175781 0.0505208 0.0679687
8 0.6184896 0.7078125 0.0380208 0.0578125
11 0.6736979 0.5085937 0.0473958 0.0703125
6 0.5890625 0.2796875 0.0510417 0.0500000
6 0.4390625 0.8132812 0.0531250 0.0609375
8 0.2929688 0.5445313 0.0536458 0.0515625
10 0.7598958 0.7761719 0.0468750 0.0804688
10 0.3520833 0.6375000 0.0354167 0.0656250
6 0.6692708 0.8480469 0.0520833 0.0585938
10 0.6476563 0.3660156 0.0359375 0.0664062
