1 0.6205729 0.6429687 0.0234375 0.0421875
5 0.5484375 0.8339844 0.0260417 0.0257812
0 0.4877604 0.5160156 0.0182292 0.0351562
5 0.6132812 0.1832031 0.0296875 0.0429688
2 0.4138021 0.5753906 0.0276042 0.0445313
1 0.3679688 0.2253906 0.0317708 0.0242188
5 0.7372396 0.6652344 0.0338542 0.0351562
7 0.5888021 0.6937500 0.0317708 0.0359375
9 0.5333333 0.5585938 0.0312500 0.0296875
9 0.7286458 0.3539062 0.0322917 0.0375000
8 0.4440104 0.6187500 0.0286458 0.0312500
9 0.5940104 0.6058594 0.0328125 0.0320312
6 0.6377604 0.4476562 0.0286458 0.0343750
8 0.6976562 0.5195312 0.0234375 0.0390625
