5 0.7463542 0.1839844 0.0937500 0.0679687
0 0.6445312 0.2273438 0.0453125 0.1375000
1 0.6414062 0.7011719 0.0880208 0.0710937
4 0.5028646 0.1714844 0.0786458 0.0679687
4 0.4380208 0.6582031 0.0875000 0.0570312
8 0.5294271 0.4492188 0.0484375 0.0890625
11 0.5632812 0.6562500 0.0630208 0.0875000
11 0.3828125 0.6628906 0.0781250 0.0773438
9 0.5343750 0.6953125 0.0666667 0.0765625
10 0.7799479 0.5910156 0.0828125 0.1257813
9 0.6265625 0.4070313 0.0687500 0.1062500
8 0.5533854 0.7949219 0.0682292 0.1039063
8 0.5171875 0.7082031 0.0520833 0.1210938
10 0.5872396 0.2300781 0.0515625 0.0742188
9 0.8013021 0.2078125 0.0848958 0.0828125
8 0.3393229 0.4687500 0.0755208 0.0734375
7 0.3841146 0.8113281 0.0723958 0.0773438
9 0.7322917 0.5511719 0.0489583 0.1007813
9 0.7359375 0.4855469 0.0750000 0.0742188
11 0.6783854 0.2164062 0.0838542 0.0812500
9 0.7494792 0.2738281 0.0697917 0.1179687
7 0.7567708 0.6621094 0.0843750 0.0960938
11 0.6617188 0.3421875 0.0630208 0.1171875
11 0.5101562 0.8847656 0.0744792 0.0867187
9 0.4635417 0.6531250 0.0885417 0.0859375
