3 0.5669271 0.4679687 0.0140625 0.0328125
5 0.7583333 0.5507812 0.0239583 0.0171875
3 0.4096354 0.3378906 0.0140625 0.0210938
3 0.3674479 0.3277344 0.0151042 0.0179687
4 0.4752604 0.5273438 0.0203125 0.0187500
3 0.6533854 0.3355469 0.0182292 0.0179687
4 0.6640625 0.6644531 0.0145833 0.0210938
0 0.5893229 0.4507813 0.0244792 0.0234375
0 0.5132813 0.6128906 0.0223958 0.0164063
5 0.4375000 0.1171875 0.0239583 0.0171875
0 0.5585938 0.5355469 0.0119792 0.0179687
0 0.4812500 0.4656250 0.0125000 0.0312500
1 0.5437500 0.7109375 0.0145833 0.0281250
5 0.5234375 0.4695313 0.0197917 0.0187500
1 0.5861979 0.9773437 0.0151042 0.0281250
2 0.4335938 0.4355469 0.0098958 0.0320312
5 0.6692708 0.7558594 0.0187500 0.0257812
7 0.8239583 0.6312500 0.0229167 0.0265625
6 0.5018229 0.6480469 0.0223958 0.0210938
6 0.3023438 0.4710937 0.0223958 0.0265625
9 0.3679688 0.4066406 0.0182292 0.0226562
10 0.5658854 0.5718750 0.0192708 0.0328125
6 0.5046875 0.5000000 0.0229167 0.0328125
9 0.4049479 0.5207031 0.0223958 0.0226562
9 0.5476562 0.7066406 0.0223958 0.0226562
