3 0.4492188 0.4070313 0.0328125 0.0421875
2 0.4598958 0.5996094 0.0437500 0.0320312
5 0.5869792 0.5886719 0.0447917 0.0289063
4 0.6611979 0.4777344 0.0182292 0.0335937
0 0.5932292 0.4539063 0.0427083 0.0296875
3 0.7221354 0.1175781 0.0442708 0.0304687
4 0.6601562 0.4425781 0.0296875 0.0632812
1 0.4302083 0.6679688 0.0229167 0.0500000
5 0.4627604 0.6460938 0.0369792 0.0406250
3 0.5966146 0.3218750 0.0213542 0.0468750
4 0.5143229 0.1687500 0.0369792 0.0312500
4 0.7278646 0.6269531 0.0453125 0.0335937
0 0.5057292 0.8097656 0.0281250 0.0523438
0 0.3723958 0.4148438 0.0385417 0.0468750
5 0.4059896 0.3269531 0.0369792 0.0289063
5 0.4575521 0.5937500 0.0328125 0.0312500
1 0.6093750 0.2988281 0.0302083 0.0601563
1 0.6434896 0.8546875 0.0380208 0.0359375
5 0.6421875 0.8148437 0.0291667 0.0453125
2 0.3184896 0.2496094 0.0442708 0.0304687
3 0.4859375 0.2210938 0.0187500 0.0609375
3 0.6664062 0.4164062 0.0453125 0.0375000
0 0.4179688 0.3609375 0.0286458 0.0484375
2 0.4684896 0.5902344 0.0411458 0.0445313
0 0.3578125 0.7648438 0.0437500 0.0359375
1 0.3494792 0.7261719 0.0437500 0.0289063
2 0.4971354 0.7800781 0.0286458 0.0664062
2 0.5708333 0.3601563 0.0479167 0.0328125
2 0.6505208 0.4777344 0.0281250 0.0695313
0 0.6497396 0.5511719 0.0213542 0.0476562
0 0.6497396 0.4851563 0.0223958 0.0671875
3 0.5390625 0.3304687 0.0250000 0.0687500
0 0.7122396 0.2113281 0.0484375 0.0335937
5 0.5955729 0.1746094 0.0276042 0.0679687
4 0.5677083 0.2542969 0.0302083 0.0601563
1 0.3403646 0.6460938 0.0432292 0.0328125
0 0.4026042 0.4312500 0.0406250 0.0281250
0 0.7104167 0.3312500 0.0437500 0.0359375
2 0.4661458 0.6125000 0.0385417 0.0500000
2 0.4713542 0.7234375 0.0343750 0.0562500
0 0.6888021 0.2984375 0.0473958 0.0390625
3 0.5283854 0.1378906 0.0265625 0.0617188
4 0.7226562 0.3531250 0.0442708 0.0265625
3 0.4296875 0.2789063 0.0385417 0.0578125
4 0.4161458 0.8457031 0.0239583 0.0351562
3 0.5078125 0.5796875 0.0479167 0.0296875
2 0.6815104 0.2722656 0.0453125 0.0382813
4 0.3786458 0.5773438 0.0395833 0.0359375
3 0.4794271 0.2746094 0.0390625 0.0570312
5 0.4656250 0.8343750 0.0437500 0.0312500
3 0.4135417 0.0789062 0.0468750 0.0328125
2 0.7406250 0.2453125 0.0458333 0.0359375
2 0.5726562 0.4253906 0.0286458 0.0335937
2 0.4132812 0.5289063 0.0369792 0.0343750
5 0.7109375 0.6121094 0.0197917 0.0632812
0 0.7039062 0.3257813 0.0296875 0.0500000
4 0.5101562 0.6593750 0.0244792 0.0312500
5 0.5281250 0.1519531 0.0395833 0.0429688
3 0.6242188 0.3089844 0.0411458 0.0398437
4 0.4486979 0.4066406 0.0286458 0.0445313
3 0.5158854 0.8980469 0.0213542 0.0523438
2 0.3531250 0.3484375 0.0385417 0.0515625
5 0.6692708 0.4113281 0.0500000 0.0429688
0 0.3356771 0.2742188 0.0494792 0.0359375
1 0.5046875 0.6773438 0.0364583 0.0468750
3 0.5078125 0.2289063 0.0239583 0.0609375
0 0.5518229 0.8468750 0.0401042 0.0468750
5 0.6286458 0.4191406 0.0395833 0.0320312
3 0.3289063 0.4183594 0.0432292 0.0320312
2 0.3106771 0.4250000 0.0484375 0.0328125
1 0.4729167 0.2558594 0.0291667 0.0570312
5 0.5291667 0.8722656 0.0270833 0.0335937
5 0.5093750 0.6828125 0.0197917 0.0500000
5 0.5869792 0.3667969 0.0354167 0.0429688
4 0.4700521 0.1949219 0.0411458 0.0382813
0 0.3565104 0.7523437 0.0359375 0.0578125
0 0.6450521 0.7234375 0.0421875 0.0390625
5 0.4226563 0.4035156 0.0380208 0.0320312
3 0.3671875 0.3902344 0.0406250 0.0289063
2 0.6752604 0.5199219 0.0213542 0.0617188
7 0.6661458 0.7613281 0.0385417 0.0382813
11 0.6854167 0.4878906 0.0458333 0.0585938
11 0.6395833 0.6953125 0.0385417 0.0375000
11 0.5278646 0.3996094 0.0432292 0.0445313
8 0.2236979 0.3578125 0.0421875 0.0515625
10 0.4718750 0.7449219 0.0427083 0.0507812
11 0.5843750 0.1691406 0.0406250 0.0460938
6 0.7033854 0.5171875 0.0411458 0.0406250
10 0.7208333 0.4996094 0.0458333 0.0492187
6 0.5669271 0.8464844 0.0411458 0.0398437
8 0.5315104 0.6496094 0.0380208 0.0382813
