5 0.6960937 0.1914062 0.1223958 0.0953125
4 0.3812500 0.3398438 0.0979167 0.1187500
4 0.7065104 0.6406250 0.0546875 0.0812500
4 0.2786458 0.4679687 0.1229167 0.1125000
5 0.5666667 0.1160156 0.1072917 0.0976562
1 0.5106771 0.8359375 0.0671875 0.0921875
2 0.4471354 0.4347656 0.0598958 0.1070312
4 0.4859375 0.4363281 0.0927083 0.1257813
5 0.7125000 0.6644531 0.1062500 0.0914062
1 0.5705729 0.4933594 0.0567708 0.1789062
4 0.6799479 0.7261719 0.1015625 0.1601562
1 0.6518229 0.2679687 0.1213542 0.0828125
4 0.5807292 0.1886719 0.1062500 0.0945312
0 0.5854167 0.6605469 0.1281250 0.1164063
4 0.5002604 0.1355469 0.0953125 0.1351563
3 0.4606771 0.6058594 0.0755208 0.1226562
2 0.4075521 0.3957031 0.1119792 0.0820312
4 0.3963542 0.5503906 0.1197917 0.0960938
3 0.2486979 0.4339844 0.0984375 0.1242188
2 0.6861979 0.7730469 0.1286458 0.0945312
5 0.4966146 0.4238281 0.0994792 0.0945312
3 0.7208333 0.7316406 0.1229167 0.0789062
3 0.6781250 0.3574219 0.0958333 0.1195313
3 0.5158854 0.2308594 0.1234375 0.1242188
1 0.5565104 0.1582031 0.1182292 0.1507813
5 0.6700521 0.3726563 0.1192708 0.1265625
0 0.7593750 0.6023437 0.0843750 0.1093750
0 0.4710937 0.6433594 0.1213542 0.0914062
5 0.5388021 0.4695313 0.0994792 0.1031250
0 0.5695313 0.1777344 0.1140625 0.0882813
0 0.4398437 0.5621094 0.0807292 0.0773438
4 0.6591146 0.6117187 0.1223958 0.0687500
5 0.4437500 0.5750000 0.1229167 0.1031250
2 0.8617187 0.7210937 0.1234375 0.1281250
3 0.3041667 0.4027344 0.1208333 0.0789062
1 0.6401042 0.5371094 0.0885417 0.0945312
1 0.2653646 0.6875000 0.1171875 0.0812500
3 0.6679688 0.3167969 0.1109375 0.0914062
0 0.4458333 0.5605469 0.0614583 0.0960938
4 0.7054687 0.4546875 0.1255208 0.0906250
5 0.7234375 0.7164063 0.1187500 0.0890625
4 0.6687500 0.6246094 0.1083333 0.0804688
2 0.6341146 0.7097656 0.1109375 0.1054688
5 0.6406250 0.0601563 0.1208333 0.0859375
2 0.2309896 0.6250000 0.0661458 0.0906250
2 0.6625000 0.8125000 0.0583333 0.1000000
4 0.5812500 0.1226562 0.1020833 0.1093750
4 0.7023438 0.4144531 0.1380208 0.1164063
1 0.6218750 0.7421875 0.1083333 0.0921875
0 0.6427083 0.5910156 0.0593750 0.1242188
0 0.2307292 0.7187500 0.1333333 0.0843750
4 0.3419271 0.3835938 0.1161458 0.0859375
0 0.3976562 0.3199219 0.0619792 0.1445312
5 0.6101562 0.6964844 0.0515625 0.1710937
2 0.4046875 0.8117188 0.0687500 0.1796875
0 0.6710938 0.4781250 0.1067708 0.0812500
0 0.4770833 0.0976562 0.0937500 0.0812500
4 0.6296875 0.3460937 0.1156250 0.1015625
1 0.2713542 0.5066406 0.1218750 0.1523438
2 0.6476563 0.8324219 0.1234375 0.0898438
2 0.5484375 0.6824219 0.1125000 0.0664062
5 0.6708333 0.1695312 0.1177083 0.0812500
0 0.3518229 0.1871094 0.0671875 0.1992188
10 0.4427083 0.6238281 0.0927083 0.1757812
10 0.7640625 0.6015625 0.0791667 0.1828125
6 0.7093750 0.9128906 0.0822917 0.1726563
6 0.6138021 0.2851562 0.1119792 0.1093750
7 0.4820313 0.1281250 0.0953125 0.1437500
11 0.7390625 0.6199219 0.1156250 0.1382812
7 0.6992188 0.3597656 0.0723958 0.1664063
6 0.6174479 0.4312500 0.0786458 0.1703125
10 0.7026042 0.4542969 0.0718750 0.1601562
