0 0.4236979 0.8171875 0.0234375 0.0500000
2 0.5000000 0.5640625 0.0291667 0.0343750
3 0.4445312 0.2375000 0.0328125 0.0375000
4 0.5916667 0.3753906 0.0385417 0.0257812
0 0.3401042 0.5359375 0.0322917 0.0218750
4 0.2872396 0.5406250 0.0286458 0.0359375
0 0.3437500 0.7425781 0.0354167 0.0273438
0 0.3390625 0.3554688 0.0364583 0.0234375
5 0.3671875 0.1863281 0.0177083 0.0335937
2 0.6635417 0.4531250 0.0187500 0.0515625
3 0.3593750 0.6007813 0.0177083 0.0250000
4 0.6580729 0.8230469 0.0182292 0.0304687
3 0.4252604 0.2664063 0.0276042 0.0296875
4 0.3617187 0.5816406 0.0338542 0.0226562
0 0.4700521 0.7410156 0.0192708 0.0242188
4 0.4705729 0.7636719 0.0255208 0.0539063
3 0.6247396 0.3191406 0.0276042 0.0320312
1 0.6658854 0.4937500 0.0223958 0.0406250
0 0.7455729 0.2125000 0.0328125 0.0328125
5 0.6158854 0.5292969 0.0338542 0.0289063
3 0.4388021 0.2855469 0.0380208 0.0273438
5 0.5757813 0.8308594 0.0338542 0.0335937
0 0.5536458 0.5937500 0.0270833 0.0500000
4 0.5325521 0.1839844 0.0348958 0.0273438
0 0.3289063 0.5777344 0.0223958 0.0460938
1 0.4442708 0.0867187 0.0343750 0.0281250
1 0.3955729 0.6511719 0.0192708 0.0476562
0 0.5497396 0.3968750 0.0276042 0.0328125
3 0.6645833 0.2660156 0.0364583 0.0242188
1 0.7039062 0.5421875 0.0328125 0.0250000
2 0.5664062 0.7500000 0.0223958 0.0312500
1 0.6184896 0.3593750 0.0192708 0.0359375
4 0.3750000 0.6003906 0.0166667 0.0335937
4 0.6713542 0.7144531 0.0375000 0.0257812
0 0.4953125 0.3410156 0.0291667 0.0351562
2 0.6406250 0.5972656 0.0281250 0.0382813
0 0.6513021 0.3984375 0.0296875 0.0421875
2 0.5763021 0.1691406 0.0213542 0.0335937
0 0.2653646 0.3589844 0.0348958 0.0289063
0 0.4638021 0.0558594 0.0328125 0.0367188
1 0.5679688 0.0140625 0.0192708 0.0281250
4 0.3955729 0.3179688 0.0338542 0.0234375
1 0.6601562 0.3593750 0.0328125 0.0281250
4 0.6192708 0.3429687 0.0364583 0.0250000
2 0.6369792 0.4042969 0.0187500 0.0476562
4 0.3554688 0.3675781 0.0401042 0.0304687
2 0.4226563 0.3003906 0.0182292 0.0460938
4 0.5364583 0.4421875 0.0166667 0.0468750
1 0.6192708 0.1984375 0.0281250 0.0375000
3 0.7052083 0.3906250 0.0354167 0.0296875
5 0.4367187 0.3136719 0.0369792 0.0289063
1 0.5817708 0.3585937 0.0197917 0.0453125
2 0.2747396 0.6210938 0.0203125 0.0234375
5 0.3367188 0.5492187 0.0182292 0.0343750
1 0.5497396 0.2820313 0.0338542 0.0250000
1 0.5458333 0.9062500 0.0270833 0.0500000
0 0.2471354 0.8203125 0.0307292 0.0250000
4 0.6041667 0.6449219 0.0291667 0.0242188
0 0.6666667 0.6835938 0.0177083 0.0281250
2 0.5661458 0.5222656 0.0364583 0.0398437
5 0.6526042 0.6039062 0.0364583 0.0296875
5 0.5570312 0.6003906 0.0234375 0.0351562
4 0.6867188 0.7039062 0.0328125 0.0250000
5 0.4205729 0.3867188 0.0317708 0.0312500
2 0.5585938 0.7339844 0.0296875 0.0382813
1 0.2067708 0.7398438 0.0260417 0.0375000
2 0.3666667 0.5117188 0.0270833 0.0375000
3 0.4658854 0.4628906 0.0380208 0.0304687
3 0.6283854 0.6183594 0.0182292 0.0367188
0 0.5432292 0.0363281 0.0364583 0.0273438
4 0.6065104 0.8417969 0.0307292 0.0382813
1 0.6231771 0.7898437 0.0244792 0.0390625
1 0.5559896 0.8996094 0.0348958 0.0273438
2 0.6067708 0.7585937 0.0197917 0.0437500
4 0.6859375 0.3597656 0.0343750 0.0226562
4 0.7260417 0.1253906 0.0281250 0.0367188
6 0.6583333 0.3964844 0.0218750 0.0460938
10 0.6190104 0.6925781 0.0234375 0.0539063
6 0.5838542 0.1710937 0.0281250 0.0500000
6 0.5583333 0.3089844 0.0312500 0.0320312
11 0.3731771 0.3097656 0.0223958 0.0351562
8 0.5955729 0.7535156 0.0369792 0.0523438
9 0.4552083 0.2859375 0.0218750 0.0375000
