2 0.5809896 0.1832031 0.0411458 0.0523438
2 0.5695313 0.3550781 0.0328125 0.0335937
5 0.6044271 0.7382812 0.0234375 0.0312500
5 0.7145833 0.6777344 0.0333333 0.0539063
2 0.4692708 0.2082031 0.0458333 0.0320312
5 0.4739583 0.5750000 0.0270833 0.0343750
0 0.7609375 0.4000000 0.0385417 0.0515625
5 0.6148438 0.2355469 0.0307292 0.0585938
1 0.3031250 0.3796875 0.0468750 0.0343750
5 0.5648437 0.7183594 0.0307292 0.0617188
7 0.5281250 0.1484375 0.0343750 0.0593750
9 0.5916667 0.3648438 0.0385417 0.0531250
10 0.4250000 0.1410156 0.0447917 0.0476562
10 0.6052083 0.6066406 0.0427083 0.0664062
7 0.7294271 0.6320313 0.0442708 0.0421875
