2 0.4213542 0.4214844 0.0187500 0.0367188
0 0.4911458 0.7457031 0.0166667 0.0257812
2 0.4361979 0.2601562 0.0192708 0.0218750
2 0.6218750 0.5593750 0.0250000 0.0234375
5 0.4703125 0.2722656 0.0250000 0.0304687
3 0.4031250 0.7691406 0.0208333 0.0382813
5 0.5463542 0.4644531 0.0166667 0.0429688
5 0.5549479 0.8367187 0.0234375 0.0343750
0 0.5567708 0.4417969 0.0177083 0.0210938
4 0.5078125 0.7039062 0.0218750 0.0281250
3 0.6078125 0.3871094 0.0187500 0.0179687
3 0.4065104 0.5734375 0.0151042 0.0437500
2 0.4421875 0.6921875 0.0218750 0.0218750
4 0.7200521 0.6000000 0.0286458 0.0203125
4 0.2752604 0.3867188 0.0307292 0.0203125
2 0.6424479 0.5722656 0.0265625 0.0195312
1 0.3997396 0.7011719 0.0276042 0.0195312
4 0.4182292 0.6144531 0.0281250 0.0148437
4 0.4322917 0.2925781 0.0187500 0.0414062
1 0.2880208 0.5785156 0.0218750 0.0242188
3 0.5791667 0.1859375 0.0260417 0.0250000
1 0.4059896 0.5242187 0.0119792 0.0390625
3 0.3851562 0.7042969 0.0203125 0.0398437
1 0.6002604 0.2839844 0.0265625 0.0195312
3 0.5895833 0.3804688 0.0208333 0.0390625
2 0.5325521 0.4359375 0.0265625 0.0343750
3 0.7526042 0.5664062 0.0322917 0.0218750
4 0.5382813 0.4734375 0.0151042 0.0187500
3 0.6651042 0.3761719 0.0291667 0.0257812
4 0.3598958 0.6843750 0.0177083 0.0281250
0 0.6062500 0.3898437 0.0156250 0.0234375
2 0.5479167 0.6167969 0.0156250 0.0429688
1 0.4351563 0.4308594 0.0265625 0.0273438
1 0.4432292 0.5664062 0.0229167 0.0187500
0 0.6723958 0.1726563 0.0239583 0.0218750
0 0.6153646 0.3613281 0.0296875 0.0179687
1 0.3885417 0.5238281 0.0281250 0.0226562
1 0.5671875 0.8050781 0.0302083 0.0210938
4 0.6684896 0.6968750 0.0286458 0.0187500
8 0.5932292 0.7542969 0.0250000 0.0414062
10 0.6130208 0.6089844 0.0197917 0.0242188
6 0.5908854 0.6863281 0.0307292 0.0382813
7 0.4890625 0.5964844 0.0208333 0.0289063
11 0.6760417 0.3539062 0.0270833 0.0343750
