0 0.5286458 0.2410156 0.0312500 0.0523438
0 0.3463542 0.8472656 0.0531250 0.0414062
3 0.4817708 0.9183594 0.0364583 0.0601563
5 0.4171875 0.5554687 0.0479167 0.0281250
2 0.4299479 0.6824219 0.0494792 0.0320312
3 0.5026042 0.6718750 0.0343750 0.0750000
3 0.6992188 0.4343750 0.0359375 0.0468750
0 0.6281250 0.4605469 0.0541667 0.0460938
1 0.2289063 0.5769531 0.0484375 0.0351562
0 0.6265625 0.4011719 0.0458333 0.0367188
3 0.3864583 0.4882812 0.0302083 0.0750000
0 0.4322917 0.3445313 0.0427083 0.0640625
2 0.6307292 0.6402344 0.0406250 0.0335937
4 0.5828125 0.5410156 0.0312500 0.0367188
3 0.3856771 0.6414062 0.0494792 0.0343750
4 0.6471354 0.5777344 0.0494792 0.0335937
3 0.4653646 0.1292969 0.0494792 0.0335937
2 0.7531250 0.2007812 0.0510417 0.0328125
0 0.4820313 0.4960938 0.0338542 0.0375000
2 0.5088542 0.3867188 0.0302083 0.0531250
4 0.3304687 0.3503906 0.0276042 0.0476562
2 0.6286458 0.2257812 0.0395833 0.0437500
5 0.5041667 0.2484375 0.0333333 0.0343750
5 0.3932292 0.6871094 0.0375000 0.0476562
5 0.5171875 0.2593750 0.0343750 0.0578125
4 0.6924479 0.5167969 0.0526042 0.0367188
5 0.2906250 0.2964844 0.0343750 0.0757812
4 0.6533854 0.7289062 0.0473958 0.0453125
2 0.5557292 0.4289062 0.0239583 0.0484375
0 0.5638021 0.1085938 0.0442708 0.0421875
5 0.3343750 0.3648438 0.0281250 0.0343750
1 0.4000000 0.2382812 0.0281250 0.0671875
1 0.3114583 0.7906250 0.0427083 0.0406250
5 0.7190104 0.2550781 0.0328125 0.0757812
4 0.2815104 0.4402344 0.0494792 0.0382813
0 0.5187500 0.5535156 0.0218750 0.0382813
1 0.4669271 0.1597656 0.0338542 0.0679687
2 0.6010417 0.4902344 0.0552083 0.0382813
5 0.7007813 0.7949219 0.0484375 0.0460938
1 0.3135417 0.7519531 0.0520833 0.0304687
4 0.7223958 0.4750000 0.0479167 0.0343750
1 0.4674479 0.3042969 0.0338542 0.0617188
5 0.2434896 0.5984375 0.0484375 0.0437500
4 0.4848958 0.6203125 0.0375000 0.0515625
1 0.3763021 0.1988281 0.0265625 0.0492187
1 0.5752604 0.6062500 0.0494792 0.0343750
3 0.5153646 0.5578125 0.0286458 0.0406250
5 0.6476563 0.6531250 0.0473958 0.0390625
3 0.6437500 0.8230469 0.0458333 0.0367188
5 0.3322917 0.4972656 0.0364583 0.0414062
2 0.4859375 0.3406250 0.0312500 0.0500000
6 0.4947917 0.8714844 0.0416667 0.0648438
8 0.4421875 0.9148437 0.0395833 0.0687500
9 0.2156250 0.4304688 0.0406250 0.0609375
9 0.4666667 0.3562500 0.0427083 0.0500000
7 0.5268229 0.3246094 0.0286458 0.0523438
8 0.6096354 0.1546875 0.0338542 0.0734375
10 0.5815104 0.5230469 0.0421875 0.0460938
7 0.6630208 0.4574219 0.0479167 0.0648438
