4 0.4111979 0.6480469 0.0223958 0.0273438
2 0.7005208 0.6589844 0.0281250 0.0351562
0 0.2520833 0.6324219 0.0239583 0.0367188
3 0.4002604 0.3445313 0.0296875 0.0218750
4 0.4382813 0.7761719 0.0203125 0.0414062
0 0.4838542 0.4660156 0.0270833 0.0242188
4 0.3096354 0.5785156 0.0213542 0.0382813
2 0.6583333 0.7363281 0.0156250 0.0414062
1 0.4520833 0.3246094 0.0125000 0.0226562
0 0.5783854 0.2906250 0.0296875 0.0218750
5 0.6747396 0.6261719 0.0286458 0.0273438
0 0.5997396 0.5296875 0.0328125 0.0250000
2 0.7093750 0.4402344 0.0312500 0.0210938
5 0.2473958 0.8148437 0.0333333 0.0203125
0 0.4684896 0.2085937 0.0171875 0.0468750
2 0.3572917 0.6578125 0.0281250 0.0281250
5 0.4148438 0.4289062 0.0151042 0.0218750
4 0.6635417 0.6585937 0.0312500 0.0203125
0 0.6960937 0.6246094 0.0223958 0.0273438
5 0.5322917 0.1339844 0.0166667 0.0460938
3 0.4312500 0.4851563 0.0291667 0.0218750
0 0.2822917 0.4835937 0.0208333 0.0343750
4 0.5317708 0.3933594 0.0291667 0.0195312
2 0.5557292 0.5695313 0.0197917 0.0296875
3 0.5343750 0.2234375 0.0145833 0.0203125
0 0.6614583 0.3968750 0.0291667 0.0234375
0 0.6276042 0.7382812 0.0281250 0.0203125
5 0.7203125 0.5085937 0.0291667 0.0187500
1 0.2197917 0.5828125 0.0343750 0.0312500
2 0.5044271 0.7832031 0.0203125 0.0382813
4 0.4067708 0.2375000 0.0177083 0.0437500
1 0.6713542 0.4734375 0.0270833 0.0218750
2 0.3177083 0.6972656 0.0291667 0.0195312
2 0.5632812 0.6707031 0.0213542 0.0273438
0 0.5205729 0.4839844 0.0151042 0.0398437
5 0.4531250 0.5433594 0.0302083 0.0257812
5 0.7533854 0.3792969 0.0286458 0.0289063
4 0.2861979 0.4675781 0.0140625 0.0304687
5 0.7346354 0.4199219 0.0307292 0.0257812
2 0.5497396 0.6363281 0.0265625 0.0242188
0 0.4903646 0.2816406 0.0296875 0.0210938
3 0.6630208 0.3886719 0.0312500 0.0257812
2 0.5739583 0.7265625 0.0250000 0.0187500
1 0.3927083 0.6082031 0.0208333 0.0398437
3 0.6468750 0.7207031 0.0239583 0.0226562
1 0.7007813 0.8625000 0.0307292 0.0203125
1 0.4940104 0.6562500 0.0244792 0.0281250
3 0.6611979 0.6761719 0.0182292 0.0429688
2 0.6416667 0.6625000 0.0166667 0.0250000
3 0.3447917 0.3531250 0.0197917 0.0281250
7 0.7031250 0.2597656 0.0270833 0.0320312
11 0.6348958 0.2984375 0.0229167 0.0375000
7 0.3252604 0.2687500 0.0265625 0.0328125
11 0.3494792 0.7867188 0.0302083 0.0328125
8 0.3221354 0.6671875 0.0276042 0.0296875
6 0.6447917 0.5566406 0.0322917 0.0304687
8 0.5703125 0.4503906 0.0260417 0.0398437
8 0.6393229 0.2101562 0.0203125 0.0453125
7 0.3437500 0.5359375 0.0239583 0.0390625
