0 0.6210938 0.6730469 0.0213542 0.0492187
4 0.5984375 0.7085938 0.0333333 0.0421875
2 0.6057292 0.3820312 0.0343750 0.0250000
5 0.4893229 0.4558594 0.0338542 0.0304687
2 0.5117188 0.2679687 0.0234375 0.0265625
5 0.4617188 0.4023438 0.0213542 0.0484375
3 0.4674479 0.3125000 0.0203125 0.0375000
0 0.4226563 0.5691406 0.0338542 0.0320312
0 0.5757813 0.2015625 0.0182292 0.0578125
4 0.3286458 0.7976562 0.0354167 0.0265625
5 0.5476562 0.3562500 0.0171875 0.0296875
2 0.5851563 0.5820312 0.0151042 0.0250000
1 0.5572917 0.5773438 0.0322917 0.0234375
0 0.6091146 0.2812500 0.0161458 0.0484375
5 0.4697917 0.2117188 0.0260417 0.0250000
1 0.6434896 0.4914062 0.0390625 0.0250000
1 0.5255208 0.4289062 0.0208333 0.0343750
1 0.5796875 0.5835938 0.0322917 0.0234375
3 0.6164063 0.1859375 0.0348958 0.0234375
0 0.3281250 0.5710937 0.0375000 0.0265625
1 0.6986979 0.2089844 0.0161458 0.0445313
0 0.4382813 0.4636719 0.0348958 0.0273438
1 0.7218750 0.5257812 0.0250000 0.0343750
3 0.6208333 0.3066406 0.0291667 0.0429688
4 0.3750000 0.7351562 0.0218750 0.0359375
3 0.5536458 0.5714844 0.0218750 0.0429688
0 0.2721354 0.3613281 0.0348958 0.0242188
0 0.5065104 0.4621094 0.0203125 0.0289063
2 0.6747396 0.4546875 0.0328125 0.0234375
0 0.4385417 0.1437500 0.0375000 0.0265625
1 0.3179688 0.3410156 0.0348958 0.0273438
1 0.3859375 0.7656250 0.0177083 0.0453125
5 0.5945312 0.6503906 0.0359375 0.0351562
8 0.2927083 0.6519531 0.0239583 0.0507812
11 0.4153646 0.5207031 0.0223958 0.0320312
7 0.7276042 0.5632812 0.0260417 0.0515625
9 0.3408854 0.3023438 0.0328125 0.0328125
10 0.4864583 0.2355469 0.0333333 0.0320312
9 0.6000000 0.6226563 0.0354167 0.0343750
10 0.3395833 0.8453125 0.0229167 0.0500000
9 0.4934896 0.2707031 0.0213542 0.0507812
7 0.6494792 0.2933594 0.0322917 0.0398437
6 0.6039062 0.7449219 0.0234375 0.0539063
8 0.5351562 0.2242187 0.0369792 0.0406250
8 0.3257813 0.6472656 0.0317708 0.0367188
11 0.4557292 0.3914063 0.0322917 0.0390625
10 0.4979167 0.5078125 0.0239583 0.0515625
6 0.4914062 0.7308594 0.0348958 0.0351562
11 0.5835938 0.5687500 0.0338542 0.0343750
9 0.4919271 0.7726563 0.0255208 0.0359375
7 0.7299479 0.5972656 0.0338542 0.0460938
