5 0.5125000 0.6152344 0.0250000 0.0179687
2 0.5742188 0.7261719 0.0244792 0.0179687
3 0.5033854 0.7437500 0.0192708 0.0203125
5 0.5739583 0.3281250 0.0250000 0.0281250
4 0.2549479 0.3929687 0.0119792 0.0187500
5 0.6372396 0.3464844 0.0130208 0.0398437
2 0.5190104 0.1261719 0.0140625 0.0273438
1 0.6351562 0.3242188 0.0203125 0.0250000
1 0.2770833 0.6535156 0.0281250 0.0210938
0 0.7213542 0.6429687 0.0135417 0.0390625
5 0.3742187 0.2648437 0.0203125 0.0265625
1 0.2895833 0.5835938 0.0270833 0.0203125
3 0.5356771 0.2644531 0.0161458 0.0414062
4 0.5552083 0.2113281 0.0229167 0.0273438
5 0.6187500 0.4015625 0.0291667 0.0203125
0 0.5361979 0.5015625 0.0130208 0.0375000
2 0.6697917 0.4117188 0.0218750 0.0218750
3 0.7494792 0.6089844 0.0260417 0.0210938
3 0.5841146 0.8140625 0.0255208 0.0156250
3 0.3583333 0.1261719 0.0260417 0.0195312
1 0.3479167 0.9367188 0.0177083 0.0375000
5 0.6505208 0.3382812 0.0145833 0.0296875
4 0.4317708 0.5355469 0.0125000 0.0398437
0 0.5875000 0.6828125 0.0270833 0.0218750
1 0.5757813 0.2644531 0.0140625 0.0273438
3 0.4731771 0.3234375 0.0192708 0.0218750
1 0.5705729 0.3703125 0.0213542 0.0218750
3 0.5174479 0.7582031 0.0171875 0.0382813
4 0.6809896 0.6046875 0.0151042 0.0406250
5 0.6442708 0.7714844 0.0197917 0.0195312
3 0.5450521 0.2820313 0.0255208 0.0203125
4 0.6257812 0.5910156 0.0119792 0.0242188
1 0.3986979 0.4542969 0.0203125 0.0367188
3 0.6377604 0.1730469 0.0140625 0.0351562
5 0.6390625 0.3671875 0.0270833 0.0250000
3 0.5208333 0.3488281 0.0166667 0.0382813
4 0.6549479 0.6773438 0.0171875 0.0250000
1 0.5067708 0.6886719 0.0281250 0.0195312
5 0.5705729 0.6460938 0.0265625 0.0203125
1 0.4906250 0.5765625 0.0114583 0.0140625
3 0.5343750 0.5476562 0.0145833 0.0218750
5 0.7658854 0.7023438 0.0265625 0.0265625
5 0.5799479 0.4445312 0.0151042 0.0218750
3 0.5304688 0.5570312 0.0151042 0.0250000
2 0.6697917 0.3972656 0.0229167 0.0242188
4 0.6864583 0.4332031 0.0197917 0.0289063
5 0.5091146 0.5367188 0.0255208 0.0234375
2 0.4098958 0.7289062 0.0250000 0.0187500
1 0.6539063 0.4800781 0.0244792 0.0242188
2 0.4760417 0.1976563 0.0260417 0.0203125
0 0.6906250 0.7308594 0.0104167 0.0351562
2 0.2583333 0.6417969 0.0125000 0.0273438
1 0.7437500 0.3457031 0.0145833 0.0210938
0 0.6117187 0.5972656 0.0223958 0.0179687
1 0.6854167 0.4457031 0.0270833 0.0179687
1 0.5218750 0.7453125 0.0187500 0.0312500
0 0.3093750 0.6300781 0.0291667 0.0195312
2 0.5625000 0.5324219 0.0260417 0.0195312
4 0.4960938 0.3734375 0.0171875 0.0359375
0 0.5765625 0.5324219 0.0281250 0.0242188
3 0.5013021 0.5179687 0.0192708 0.0156250
3 0.7041667 0.3070312 0.0229167 0.0250000
1 0.6190104 0.6117187 0.0119792 0.0250000
4 0.4236979 0.8031250 0.0255208 0.0187500
2 0.4630208 0.7566406 0.0156250 0.0335937
1 0.3036458 0.4070313 0.0270833 0.0187500
3 0.6408854 0.3554688 0.0151042 0.0421875
2 0.6794271 0.5511719 0.0244792 0.0164063
0 0.6039062 0.4183594 0.0151042 0.0242188
3 0.4807292 0.7742187 0.0260417 0.0203125
5 0.2994792 0.7433594 0.0208333 0.0289063
11 0.6177083 0.4171875 0.0187500 0.0359375
10 0.4500000 0.4242187 0.0156250 0.0234375
6 0.5692708 0.7195312 0.0239583 0.0250000
10 0.4723958 0.6765625 0.0218750 0.0234375
11 0.6770833 0.7230469 0.0260417 0.0257812
9 0.4895833 0.7632813 0.0239583 0.0265625
8 0.4299479 0.7589844 0.0244792 0.0304687
7 0.4643229 0.3292969 0.0151042 0.0257812
11 0.5429688 0.6183594 0.0244792 0.0242188
7 0.5898438 0.5015625 0.0182292 0.0218750
11 0.4020833 0.3578125 0.0270833 0.0390625
11 0.3317708 0.5988281 0.0218750 0.0304687
6 0.3403646 0.3660156 0.0265625 0.0351562
8 0.6200521 0.7507812 0.0244792 0.0250000
11 0.4468750 0.4085937 0.0239583 0.0296875
6 0.4203125 0.8500000 0.0229167 0.0296875
8 0.7083333 0.7593750 0.0208333 0.0375000
8 0.5768229 0.7324219 0.0171875 0.0289063
