2 0.4825521 0.4156250 0.0161458 0.0218750
5 0.7164063 0.4476562 0.0244792 0.0312500
1 0.5471354 0.7152344 0.0140625 0.0398437
3 0.4216146 0.3140625 0.0109375 0.0421875
5 0.5455729 0.1785156 0.0182292 0.0320312
2 0.6692708 0.6359375 0.0270833 0.0218750
0 0.1828125 0.6644531 0.0239583 0.0257812
4 0.3348958 0.4988281 0.0125000 0.0273438
3 0.4963542 0.8390625 0.0270833 0.0218750
0 0.5562500 0.7144531 0.0218750 0.0335937
1 0.5916667 0.7136719 0.0145833 0.0195312
4 0.3828125 0.8078125 0.0156250 0.0343750
5 0.7080729 0.6117187 0.0255208 0.0171875
1 0.5276042 0.5820312 0.0177083 0.0187500
4 0.4750000 0.7445312 0.0229167 0.0156250
1 0.5833333 0.2996094 0.0135417 0.0242188
3 0.4598958 0.8589844 0.0197917 0.0367188
4 0.2859375 0.4250000 0.0187500 0.0265625
3 0.6557292 0.6804687 0.0229167 0.0250000
5 0.4088542 0.5039062 0.0281250 0.0218750
4 0.5416667 0.5457031 0.0250000 0.0257812
6 0.5453125 0.7937500 0.0208333 0.0359375
6 0.5510417 0.4292969 0.0177083 0.0320312
11 0.5049479 0.8804688 0.0171875 0.0406250
10 0.3815104 0.4882812 0.0223958 0.0218750
7 0.7026042 0.7300781 0.0229167 0.0335937
9 0.4880208 0.3304687 0.0166667 0.0250000
6 0.4000000 0.8375000 0.0156250 0.0359375
11 0.2820313 0.3316406 0.0223958 0.0289063
10 0.6911458 0.4625000 0.0239583 0.0234375
10 0.6104167 0.3816406 0.0229167 0.0226562
6 0.6997396 0.6070313 0.0265625 0.0250000
11 0.3236979 0.3308594 0.0161458 0.0257812
