3 0.4645833 0.2441406 0.0572917 0.0898438
5 0.3895833 0.4785156 0.0729167 0.0492187
4 0.4500000 0.6121094 0.0510417 0.0757812
2 0.3940104 0.6214844 0.0734375 0.0539063
3 0.5299479 0.6882812 0.0734375 0.0453125
5 0.4627604 0.5925781 0.0703125 0.0695313
4 0.7151042 0.3097656 0.0760417 0.0507812
3 0.5901042 0.7058594 0.0562500 0.1210938
4 0.5773438 0.2605469 0.0598958 0.0585938
4 0.6072917 0.5402344 0.0770833 0.0476562
1 0.5598958 0.4792969 0.0822917 0.0664062
2 0.5536458 0.4632812 0.0729167 0.0796875
3 0.6270833 0.2414062 0.0812500 0.0640625
1 0.6255208 0.4480469 0.0750000 0.0585938
5 0.4830729 0.7789063 0.0682292 0.0718750
1 0.4671875 0.8054687 0.0489583 0.1015625
0 0.7536458 0.4929688 0.0635417 0.0750000
0 0.7361979 0.3054688 0.0567708 0.0562500
4 0.3039062 0.7136719 0.0807292 0.0554687
0 0.7234375 0.6906250 0.0812500 0.0640625
2 0.6023437 0.3281250 0.0828125 0.0640625
1 0.3885417 0.7425781 0.0687500 0.0539063
2 0.5098958 0.5046875 0.0458333 0.0406250
5 0.5221354 0.3656250 0.0776042 0.0437500
2 0.5309896 0.6742187 0.0546875 0.0546875
4 0.3127604 0.7359375 0.0671875 0.0718750
0 0.5552083 0.3074219 0.0760417 0.0492187
5 0.7791667 0.2191406 0.0770833 0.0710937
4 0.7429687 0.4898438 0.0609375 0.0796875
1 0.6484375 0.6210938 0.0447917 0.0953125
5 0.4218750 0.2019531 0.0468750 0.0929688
2 0.6453125 0.5378906 0.0593750 0.0585938
4 0.6916667 0.1847656 0.0760417 0.0445313
5 0.3549479 0.4359375 0.0338542 0.0609375
3 0.6455729 0.8750000 0.0526042 0.0546875
4 0.4151042 0.3265625 0.0354167 0.1046875
2 0.2341146 0.4183594 0.0609375 0.0539063
9 0.6562500 0.4105469 0.0614583 0.1070312
6 0.6960937 0.3800781 0.0671875 0.0804688
6 0.5828125 0.5167969 0.0437500 0.0960938
11 0.4510417 0.7273437 0.0687500 0.0703125
11 0.2179687 0.1921875 0.0713542 0.0796875
7 0.4619792 0.9367188 0.0427083 0.1015625
8 0.4992187 0.5984375 0.0557292 0.1171875
8 0.5388021 0.2871094 0.0744792 0.0804688
6 0.7114583 0.3949219 0.0770833 0.1007813
