0 0.6403646 0.6417969 0.0640625 0.0492187
0 0.3520833 0.1542969 0.0625000 0.0445313
4 0.5958333 0.4691406 0.0385417 0.0398437
5 0.4843750 0.4000000 0.0531250 0.0484375
5 0.6424479 0.3984375 0.0296875 0.0484375
1 0.7940104 0.7441406 0.0609375 0.0445313
1 0.7882813 0.1882813 0.0484375 0.0484375
3 0.5549479 0.5683594 0.0411458 0.0710937
3 0.3330729 0.5265625 0.0307292 0.0640625
5 0.5359375 0.7847656 0.0541667 0.0679687
4 0.5859375 0.3230469 0.0583333 0.0476562
5 0.6171875 0.2808594 0.0375000 0.0960938
1 0.6335937 0.8101563 0.0598958 0.0390625
0 0.5708333 0.5675781 0.0270833 0.0867187
4 0.5044271 0.8070312 0.0526042 0.0515625
1 0.5528646 0.7601562 0.0307292 0.0765625
0 0.7817708 0.5476562 0.0541667 0.0531250
5 0.6783854 0.4179688 0.0557292 0.0406250
2 0.5609375 0.2050781 0.0583333 0.0429688
5 0.6067708 0.7902344 0.0406250 0.0648438
2 0.3859375 0.4265625 0.0312500 0.0921875
0 0.3885417 0.7226562 0.0322917 0.0781250
2 0.7950521 0.4449219 0.0557292 0.0492187
3 0.4197917 0.1476562 0.0343750 0.0421875
0 0.5643229 0.4761719 0.0578125 0.0382813
3 0.3229167 0.5101562 0.0468750 0.0640625
0 0.4416667 0.3820312 0.0260417 0.0609375
1 0.4544271 0.1691406 0.0380208 0.0679687
2 0.5700521 0.2929688 0.0494792 0.0625000
0 0.6140625 0.5882812 0.0302083 0.0796875
1 0.3513021 0.8339844 0.0432292 0.0679687
1 0.7106771 0.3375000 0.0421875 0.0625000
5 0.6640625 0.3605469 0.0364583 0.0882813
2 0.4132812 0.8386719 0.0307292 0.0851563
2 0.4859375 0.4957031 0.0333333 0.0335937
4 0.5406250 0.9203125 0.0343750 0.0656250
5 0.4593750 0.6082031 0.0218750 0.0523438
1 0.5656250 0.7628906 0.0572917 0.0398437
1 0.7028646 0.9468750 0.0598958 0.0406250
2 0.5375000 0.4617188 0.0239583 0.0687500
1 0.5190104 0.8339844 0.0432292 0.0742188
3 0.3473958 0.5343750 0.0260417 0.0562500
5 0.5013021 0.4875000 0.0536458 0.0625000
6 0.4757812 0.6503906 0.0348958 0.0710937
9 0.8046875 0.5886719 0.0541667 0.0523438
8 0.3768229 0.3269531 0.0421875 0.0851563
8 0.6625000 0.4984375 0.0510417 0.0812500
6 0.5622396 0.6296875 0.0505208 0.0484375
7 0.2971354 0.6773438 0.0546875 0.0546875
9 0.5583333 0.6742187 0.0447917 0.0546875
10 0.4343750 0.7121094 0.0437500 0.0726563
9 0.6166667 0.8152344 0.0500000 0.0679687
