4 0.5794271 0.6648437 0.0286458 0.0187500
5 0.4552083 0.1957031 0.0322917 0.0210938
1 0.6559896 0.2847656 0.0161458 0.0273438
4 0.6549479 0.4402344 0.0296875 0.0242188
2 0.5559896 0.4140625 0.0296875 0.0218750
3 0.6635417 0.6230469 0.0322917 0.0242188
2 0.3481771 0.3324219 0.0328125 0.0273438
0 0.5867187 0.2582031 0.0203125 0.0492187
4 0.7239583 0.4125000 0.0281250 0.0265625
3 0.6447917 0.5730469 0.0291667 0.0382813
3 0.3898437 0.3093750 0.0171875 0.0453125
4 0.6533854 0.6113281 0.0296875 0.0289063
4 0.6513021 0.6042969 0.0244792 0.0335937
3 0.2294271 0.3347656 0.0161458 0.0492187
5 0.5093750 0.3695312 0.0291667 0.0218750
5 0.5361979 0.2832031 0.0182292 0.0289063
3 0.6434896 0.3128906 0.0213542 0.0445313
0 0.5218750 0.7085938 0.0145833 0.0203125
3 0.6187500 0.5382813 0.0291667 0.0218750
3 0.6286458 0.2785156 0.0166667 0.0242188
2 0.3385417 0.6300781 0.0166667 0.0445313
4 0.4247396 0.5062500 0.0203125 0.0390625
1 0.6174479 0.5777344 0.0213542 0.0242188
1 0.4484375 0.1929687 0.0187500 0.0250000
3 0.5877604 0.5480469 0.0140625 0.0289063
1 0.6130208 0.3730469 0.0208333 0.0398437
3 0.4786458 0.7468750 0.0187500 0.0453125
3 0.6309896 0.5273438 0.0182292 0.0281250
1 0.5070313 0.6468750 0.0140625 0.0250000
4 0.6346354 0.7542969 0.0307292 0.0257812
3 0.7747396 0.4093750 0.0307292 0.0250000
1 0.5252604 0.3074219 0.0234375 0.0382813
1 0.3932292 0.5414062 0.0270833 0.0312500
3 0.4507813 0.7246094 0.0265625 0.0351562
3 0.5244792 0.1191406 0.0145833 0.0367188
4 0.4276042 0.3554688 0.0218750 0.0312500
0 0.5104167 0.7132812 0.0343750 0.0296875
4 0.5049479 0.2183594 0.0307292 0.0210938
3 0.5010417 0.5363281 0.0197917 0.0367188
4 0.5817708 0.1773437 0.0145833 0.0296875
5 0.5489583 0.7402344 0.0177083 0.0476562
4 0.6083333 0.4332031 0.0281250 0.0179687
1 0.4682292 0.5949219 0.0208333 0.0367188
3 0.6302083 0.7808594 0.0239583 0.0398437
4 0.5429688 0.6574219 0.0182292 0.0476562
4 0.5221354 0.5644531 0.0151042 0.0445313
3 0.7570313 0.7234375 0.0296875 0.0234375
5 0.5408854 0.6164063 0.0276042 0.0343750
3 0.2361979 0.3265625 0.0244792 0.0203125
1 0.5427083 0.5527344 0.0187500 0.0210938
1 0.5382813 0.8250000 0.0151042 0.0406250
5 0.7763021 0.5875000 0.0286458 0.0343750
4 0.3890625 0.4917969 0.0312500 0.0289063
2 0.5291667 0.7695312 0.0291667 0.0171875
4 0.5424479 0.2292969 0.0307292 0.0210938
5 0.7575521 0.3308594 0.0171875 0.0320312
1 0.3802083 0.4273438 0.0312500 0.0312500
3 0.5786458 0.4292969 0.0229167 0.0242188
0 0.5794271 0.4871094 0.0328125 0.0320312
3 0.6351562 0.7265625 0.0296875 0.0328125
3 0.5127604 0.4945312 0.0244792 0.0203125
4 0.3859375 0.6191406 0.0208333 0.0476562
4 0.6054688 0.5945312 0.0276042 0.0359375
4 0.6513021 0.2195313 0.0317708 0.0265625
2 0.5335937 0.3699219 0.0286458 0.0226562
1 0.4104167 0.3914063 0.0197917 0.0265625
1 0.5830729 0.7402344 0.0338542 0.0242188
0 0.5828125 0.4898438 0.0322917 0.0234375
3 0.5041667 0.8527344 0.0208333 0.0382813
3 0.5942708 0.6800781 0.0302083 0.0226562
2 0.4736979 0.6757812 0.0151042 0.0421875
4 0.4812500 0.7386719 0.0229167 0.0460938
0 0.7026042 0.1511719 0.0312500 0.0210938
2 0.6059896 0.2593750 0.0338542 0.0250000
0 0.5437500 0.4859375 0.0229167 0.0281250
4 0.3187500 0.7234375 0.0218750 0.0406250
5 0.3903646 0.5089844 0.0171875 0.0257812
7 0.3111979 0.2785156 0.0203125 0.0429688
9 0.3927083 0.4480469 0.0250000 0.0382813
9 0.5296875 0.2890625 0.0177083 0.0281250
8 0.3500000 0.3789062 0.0187500 0.0375000
7 0.5528646 0.4015625 0.0203125 0.0421875
8 0.5033854 0.3390625 0.0192708 0.0421875
8 0.6223958 0.8140625 0.0302083 0.0437500
9 0.5351562 0.7683594 0.0244792 0.0398437
8 0.3440104 0.5078125 0.0213542 0.0390625
9 0.5380208 0.5539063 0.0270833 0.0390625
11 0.4062500 0.7683594 0.0291667 0.0320312
9 0.5307292 0.6824219 0.0218750 0.0445313
6 0.3643229 0.4632812 0.0182292 0.0359375
