4 0.5484375 0.6539063 0.0270833 0.0687500
5 0.3447917 0.5808594 0.0291667 0.0367188
0 0.6278646 0.5929688 0.0484375 0.0296875
5 0.4002604 0.3328125 0.0234375 0.0625000
2 0.6513021 0.2957031 0.0348958 0.0632812
0 0.3265625 0.4089844 0.0437500 0.0460938
1 0.2677083 0.2656250 0.0458333 0.0484375
0 0.5729167 0.4230469 0.0458333 0.0335937
2 0.4322917 0.5031250 0.0458333 0.0296875
4 0.4765625 0.5792969 0.0260417 0.0710937
1 0.4958333 0.3386719 0.0239583 0.0539063
1 0.4257812 0.2726562 0.0244792 0.0687500
5 0.5835938 0.2816406 0.0546875 0.0445313
0 0.7208333 0.3355469 0.0500000 0.0429688
0 0.3229167 0.3144531 0.0281250 0.0804688
5 0.5809896 0.2539062 0.0484375 0.0343750
4 0.6182292 0.6210938 0.0479167 0.0453125
1 0.5794271 0.5308594 0.0328125 0.0710937
2 0.4989583 0.4929688 0.0437500 0.0531250
3 0.4622396 0.7316406 0.0421875 0.0492187
3 0.4054687 0.5566406 0.0390625 0.0320312
4 0.5085937 0.4082031 0.0286458 0.0617188
1 0.5791667 0.4203125 0.0489583 0.0390625
2 0.5039062 0.7960938 0.0494792 0.0515625
3 0.6200521 0.2585938 0.0328125 0.0453125
4 0.4255208 0.5277344 0.0302083 0.0789062
0 0.6325521 0.3929687 0.0286458 0.0531250
3 0.5359375 0.6195312 0.0281250 0.0500000
0 0.3528646 0.3566406 0.0348958 0.0585938
0 0.5531250 0.3910156 0.0406250 0.0335937
0 0.6039062 0.8078125 0.0432292 0.0328125
1 0.4046875 0.5074219 0.0322917 0.0570312
2 0.4875000 0.3300781 0.0500000 0.0445313
2 0.3229167 0.6406250 0.0531250 0.0343750
3 0.2536458 0.6246094 0.0541667 0.0382813
5 0.5760417 0.7894531 0.0354167 0.0804688
4 0.4473958 0.5421875 0.0427083 0.0437500
4 0.6708333 0.7152344 0.0552083 0.0367188
5 0.3864583 0.2652344 0.0520833 0.0382813
1 0.6507812 0.5843750 0.0463542 0.0390625
2 0.6510417 0.6238281 0.0447917 0.0523438
1 0.7197917 0.5167969 0.0552083 0.0382813
4 0.6312500 0.7570313 0.0239583 0.0515625
3 0.6309896 0.6324219 0.0369792 0.0398437
0 0.3700521 0.3785156 0.0223958 0.0570312
5 0.6401042 0.4824219 0.0458333 0.0507812
1 0.6723958 0.6441406 0.0552083 0.0398437
1 0.4473958 0.5726562 0.0437500 0.0421875
0 0.5755208 0.4902344 0.0500000 0.0351562
4 0.4481771 0.4589844 0.0453125 0.0304687
1 0.3018229 0.1386719 0.0296875 0.0695313
0 0.4731771 0.4796875 0.0234375 0.0765625
3 0.4335938 0.5449219 0.0223958 0.0726563
2 0.7966146 0.4179688 0.0557292 0.0437500
4 0.6236979 0.2601562 0.0234375 0.0437500
1 0.6111979 0.5753906 0.0432292 0.0523438
3 0.7424479 0.5406250 0.0255208 0.0687500
4 0.4500000 0.3480469 0.0375000 0.0335937
3 0.3559896 0.7738281 0.0328125 0.0398437
0 0.3664062 0.6371094 0.0432292 0.0460938
5 0.4945312 0.3769531 0.0463542 0.0414062
0 0.4380208 0.6980469 0.0427083 0.0539063
0 0.5778646 0.6593750 0.0296875 0.0328125
1 0.4752604 0.4480469 0.0421875 0.0507812
9 0.6132812 0.3289063 0.0463542 0.0500000
9 0.6299479 0.6539063 0.0484375 0.0468750
8 0.6723958 0.5976562 0.0520833 0.0531250
7 0.5598958 0.2625000 0.0395833 0.0437500
8 0.6492187 0.1664063 0.0421875 0.0484375
8 0.7367187 0.4796875 0.0432292 0.0531250
6 0.4002604 0.7453125 0.0369792 0.0703125
