0 0.3364583 0.3296875 0.0125000 0.0218750
2 0.5651042 0.2765625 0.0197917 0.0390625
2 0.4695313 0.6808594 0.0182292 0.0257812
1 0.4942708 0.7621094 0.0156250 0.0398437
5 0.4195313 0.6863281 0.0171875 0.0257812
4 0.3315104 0.4609375 0.0255208 0.0187500
1 0.6770833 0.7828125 0.0260417 0.0218750
3 0.5960937 0.3753906 0.0265625 0.0226562
0 0.5718750 0.7503906 0.0197917 0.0382813
5 0.6059896 0.7105469 0.0223958 0.0351562
1 0.6580729 0.6832031 0.0244792 0.0289063
3 0.6111979 0.6136719 0.0171875 0.0242188
5 0.6278646 0.5562500 0.0244792 0.0171875
0 0.6054688 0.9726562 0.0244792 0.0265625
4 0.4455729 0.4496094 0.0255208 0.0242188
5 0.5416667 0.5710937 0.0187500 0.0218750
5 0.6510417 0.3531250 0.0260417 0.0203125
4 0.5627604 0.3085938 0.0182292 0.0234375
4 0.6210938 0.4738281 0.0255208 0.0179687
4 0.5992188 0.3984375 0.0182292 0.0343750
0 0.6174479 0.6230469 0.0182292 0.0351562
2 0.4963542 0.5835938 0.0187500 0.0234375
4 0.6434896 0.6882812 0.0265625 0.0234375
0 0.4895833 0.2187500 0.0177083 0.0343750
3 0.5828125 0.5753906 0.0218750 0.0398437
5 0.6070313 0.2148438 0.0130208 0.0359375
0 0.7156250 0.9015625 0.0281250 0.0203125
5 0.4369792 0.3417969 0.0156250 0.0351562
4 0.5276042 0.9289063 0.0125000 0.0312500
1 0.4570312 0.7382812 0.0171875 0.0281250
2 0.3005208 0.6882812 0.0291667 0.0203125
1 0.5734375 0.1476562 0.0218750 0.0296875
1 0.6015625 0.5992188 0.0260417 0.0171875
0 0.6416667 0.7300781 0.0125000 0.0179687
3 0.2950521 0.5261719 0.0161458 0.0210938
5 0.4554687 0.5097656 0.0244792 0.0210938
0 0.6148438 0.6527344 0.0286458 0.0226562
5 0.6341146 0.5894531 0.0286458 0.0195312
0 0.5835938 0.4089844 0.0192708 0.0226562
2 0.4854167 0.7414063 0.0145833 0.0250000
5 0.5515625 0.3035156 0.0135417 0.0414062
0 0.5510417 0.6312500 0.0208333 0.0187500
0 0.6182292 0.7656250 0.0187500 0.0203125
0 0.4390625 0.6917969 0.0239583 0.0210938
2 0.6049479 0.2355469 0.0182292 0.0320312
0 0.3317708 0.3128906 0.0177083 0.0257812
0 0.3164062 0.5648437 0.0286458 0.0265625
2 0.4338542 0.5570312 0.0166667 0.0203125
1 0.5851563 0.6617188 0.0171875 0.0156250
4 0.6354167 0.8703125 0.0270833 0.0281250
5 0.6989583 0.7457031 0.0302083 0.0242188
0 0.3700521 0.6187500 0.0286458 0.0218750
4 0.4341146 0.3531250 0.0119792 0.0296875
4 0.4630208 0.5921875 0.0156250 0.0328125
0 0.4661458 0.3761719 0.0270833 0.0226562
5 0.3997396 0.5492187 0.0151042 0.0187500
4 0.5049479 0.5386719 0.0265625 0.0195312
0 0.6604167 0.7281250 0.0260417 0.0250000
3 0.6213542 0.1976563 0.0260417 0.0187500
0 0.4554687 0.6257812 0.0151042 0.0234375
5 0.4635417 0.3480469 0.0250000 0.0226562
2 0.3333333 0.1746094 0.0145833 0.0382813
2 0.2835937 0.5453125 0.0286458 0.0203125
4 0.5848958 0.4691406 0.0197917 0.0382813
7 0.4247396 0.2500000 0.0213542 0.0359375
8 0.4471354 0.3566406 0.0234375 0.0398437
10 0.5184896 0.4699219 0.0244792 0.0382813
8 0.4315104 0.4609375 0.0203125 0.0421875
7 0.5294271 0.5175781 0.0255208 0.0335937
11 0.5460938 0.4359375 0.0255208 0.0359375
7 0.6075521 0.1886719 0.0244792 0.0351562
