5 0.6833333 0.2304688 0.0468750 0.0328125
4 0.4835937 0.6078125 0.0401042 0.0328125
5 0.4510417 0.5687500 0.0322917 0.0593750
2 0.5822917 0.4433594 0.0260417 0.0367188
1 0.6364583 0.6078125 0.0468750 0.0500000
5 0.6195312 0.5449219 0.0453125 0.0351562
3 0.6815104 0.3906250 0.0338542 0.0390625
0 0.3718750 0.3414063 0.0395833 0.0453125
5 0.7138021 0.7769531 0.0234375 0.0617188
4 0.4958333 0.4988281 0.0447917 0.0398437
1 0.3268229 0.2285156 0.0463542 0.0351562
2 0.5885417 0.5832031 0.0375000 0.0304687
0 0.2809896 0.3289063 0.0276042 0.0375000
2 0.6138021 0.6453125 0.0473958 0.0359375
0 0.7109375 0.1890625 0.0489583 0.0359375
0 0.6179687 0.2835937 0.0484375 0.0421875
2 0.2971354 0.4539063 0.0463542 0.0328125
0 0.5317708 0.3191406 0.0510417 0.0414062
0 0.5635417 0.4460938 0.0427083 0.0312500
1 0.5802083 0.1679688 0.0416667 0.0312500
1 0.2440104 0.3976562 0.0265625 0.0734375
5 0.7507812 0.5949219 0.0515625 0.0382813
0 0.6065104 0.0292969 0.0338542 0.0445313
5 0.2070312 0.3554688 0.0432292 0.0437500
2 0.3640625 0.3968750 0.0531250 0.0390625
5 0.5317708 0.5304688 0.0531250 0.0328125
5 0.3651042 0.6867188 0.0260417 0.0343750
1 0.7401042 0.6242188 0.0447917 0.0265625
4 0.6101562 0.4531250 0.0390625 0.0359375
4 0.7218750 0.2703125 0.0364583 0.0453125
2 0.6513021 0.6792969 0.0494792 0.0460938
2 0.4830729 0.2375000 0.0255208 0.0687500
1 0.4794271 0.8011719 0.0369792 0.0601563
5 0.6700521 0.4921875 0.0505208 0.0468750
0 0.5520833 0.7480469 0.0510417 0.0351562
1 0.6697917 0.7429687 0.0270833 0.0781250
3 0.5773438 0.3945312 0.0255208 0.0734375
2 0.5500000 0.3445313 0.0489583 0.0343750
5 0.4809896 0.5632812 0.0296875 0.0515625
2 0.4367187 0.1562500 0.0328125 0.0406250
4 0.4786458 0.5917969 0.0281250 0.0335937
2 0.4627604 0.8738281 0.0328125 0.0367188
5 0.7101563 0.9042969 0.0484375 0.0367188
5 0.6578125 0.5253906 0.0489583 0.0351562
1 0.4648438 0.8785156 0.0244792 0.0445313
4 0.4859375 0.3781250 0.0281250 0.0640625
2 0.5869792 0.7988281 0.0250000 0.0570312
2 0.6380208 0.3375000 0.0437500 0.0468750
3 0.6968750 0.6246094 0.0541667 0.0429688
2 0.5981771 0.5695313 0.0484375 0.0406250
0 0.3109375 0.6136719 0.0385417 0.0398437
5 0.7018229 0.5945312 0.0265625 0.0390625
2 0.4575521 0.9250000 0.0338542 0.0484375
1 0.3130208 0.5218750 0.0375000 0.0343750
4 0.6106771 0.4246094 0.0276042 0.0523438
3 0.6950521 0.3003906 0.0432292 0.0273438
4 0.6166667 0.7308594 0.0520833 0.0351562
3 0.5942708 0.6230469 0.0270833 0.0757812
4 0.2375000 0.2335937 0.0500000 0.0390625
1 0.6179687 0.7390625 0.0213542 0.0656250
5 0.4281250 0.2097656 0.0354167 0.0492187
4 0.6596354 0.3957031 0.0296875 0.0507812
0 0.5138021 0.9242187 0.0421875 0.0593750
1 0.5015625 0.6695313 0.0458333 0.0531250
3 0.3578125 0.3109375 0.0520833 0.0390625
5 0.5695313 0.4187500 0.0463542 0.0390625
1 0.3809896 0.2871094 0.0244792 0.0710937
1 0.4361979 0.2640625 0.0432292 0.0453125
3 0.3781250 0.4968750 0.0468750 0.0375000
4 0.4901042 0.5101562 0.0468750 0.0312500
2 0.4953125 0.8222656 0.0281250 0.0398437
0 0.6138021 0.5691406 0.0380208 0.0523438
4 0.7898437 0.4167969 0.0421875 0.0539063
2 0.3861979 0.3082031 0.0390625 0.0523438
3 0.2825521 0.4984375 0.0557292 0.0390625
4 0.7161458 0.4906250 0.0468750 0.0296875
1 0.3843750 0.6542969 0.0302083 0.0414062
3 0.7278646 0.4898438 0.0421875 0.0453125
6 0.4945312 0.8949219 0.0411458 0.0726563
6 0.6744792 0.7765625 0.0427083 0.0421875
7 0.5611979 0.5343750 0.0432292 0.0437500
8 0.6958333 0.5796875 0.0510417 0.0593750
8 0.3348958 0.5066406 0.0500000 0.0476562
10 0.7770833 0.4714844 0.0385417 0.0664062
11 0.4039063 0.6796875 0.0380208 0.0734375
7 0.5393229 0.8863281 0.0453125 0.0523438
11 0.3062500 0.3375000 0.0437500 0.0421875
10 0.4609375 0.1812500 0.0447917 0.0640625
10 0.6872396 0.4894531 0.0348958 0.0460938
11 0.5195312 0.0871094 0.0421875 0.0695313
6 0.4486979 0.8574219 0.0390625 0.0429688
8 0.6890625 0.5941406 0.0437500 0.0429688
