1 0.7104167 0.5789062 0.0552083 0.0468750
4 0.2492187 0.7441406 0.0609375 0.0367188
1 0.5044271 0.5914063 0.0390625 0.0453125
1 0.4679687 0.2414062 0.0567708 0.0406250
4 0.7369792 0.5898438 0.0229167 0.0796875
5 0.4773438 0.6722656 0.0515625 0.0726563
4 0.4815104 0.3304687 0.0588542 0.0437500
2 0.6742187 0.4878906 0.0588542 0.0554687
4 0.5460938 0.7289062 0.0484375 0.0406250
2 0.6830729 0.5964844 0.0578125 0.0476562
1 0.3843750 0.7722656 0.0479167 0.0460938
3 0.3257813 0.3898437 0.0567708 0.0375000
4 0.5195312 0.5976562 0.0380208 0.0562500
11 0.4281250 0.4000000 0.0500000 0.0906250
9 0.2520833 0.7996094 0.0541667 0.0523438
9 0.4843750 0.5152344 0.0416667 0.0648438
6 0.6739583 0.7234375 0.0375000 0.0687500
6 0.5955729 0.6269531 0.0338542 0.0742188
9 0.4463542 0.5000000 0.0500000 0.0718750
9 0.5893229 0.3359375 0.0557292 0.0593750
10 0.6132812 0.5628906 0.0453125 0.0679687
7 0.7002604 0.7031250 0.0567708 0.0546875
9 0.5083333 0.6351562 0.0572917 0.0796875
10 0.5705729 0.3132813 0.0359375 0.0812500
10 0.7552083 0.6488281 0.0510417 0.0554687
8 0.6932292 0.3992188 0.0489583 0.0640625
11 0.5513021 0.4164062 0.0598958 0.0593750
9 0.5958333 0.3019531 0.0520833 0.0539063
8 0.4440104 0.1453125 0.0609375 0.0984375
