4 0.6677083 0.6070313 0.0416667 0.0421875
3 0.3244792 0.4839844 0.0354167 0.0414062
2 0.6518229 0.2066406 0.0463542 0.0304687
2 0.4317708 0.5660156 0.0333333 0.0445313
3 0.1966146 0.6523438 0.0265625 0.0437500
0 0.6734375 0.3902344 0.0489583 0.0335937
2 0.4776042 0.4367187 0.0354167 0.0546875
3 0.5390625 0.2996094 0.0229167 0.0539063
1 0.4132812 0.7882813 0.0442708 0.0390625
5 0.5546875 0.7980469 0.0458333 0.0335937
2 0.6296875 0.4468750 0.0437500 0.0343750
1 0.5023437 0.4136719 0.0265625 0.0585938
0 0.5585938 0.2621094 0.0473958 0.0351562
0 0.7567708 0.5183594 0.0406250 0.0429688
5 0.4744792 0.7722656 0.0260417 0.0710937
3 0.5080729 0.2664063 0.0213542 0.0453125
1 0.6437500 0.6144531 0.0447917 0.0335937
5 0.7067708 0.4933594 0.0479167 0.0351562
5 0.2346354 0.4992187 0.0348958 0.0421875
3 0.4822917 0.2765625 0.0229167 0.0312500
2 0.6807292 0.3605469 0.0197917 0.0398437
0 0.4835937 0.7941406 0.0453125 0.0289063
1 0.5911458 0.2082031 0.0166667 0.0601563
0 0.4114583 0.2121094 0.0218750 0.0398437
0 0.5901042 0.3496094 0.0385417 0.0523438
3 0.4338542 0.3894531 0.0333333 0.0632812
1 0.4921875 0.6339844 0.0427083 0.0398437
4 0.4546875 0.2496094 0.0479167 0.0335937
5 0.2598958 0.3375000 0.0343750 0.0656250
0 0.2669271 0.4093750 0.0286458 0.0562500
2 0.4546875 0.4640625 0.0406250 0.0437500
1 0.7489583 0.7843750 0.0239583 0.0546875
4 0.5835938 0.2816406 0.0369792 0.0351562
2 0.4731771 0.7527344 0.0286458 0.0335937
2 0.4591146 0.5960937 0.0192708 0.0609375
3 0.4101562 0.6300781 0.0421875 0.0320312
1 0.5617188 0.5316406 0.0411458 0.0304687
9 0.2934896 0.4070313 0.0296875 0.0578125
