1 0.4867187 0.3351562 0.0161458 0.0234375
5 0.7195312 0.4656250 0.0192708 0.0281250
1 0.5591146 0.3703125 0.0171875 0.0437500
5 0.3812500 0.4972656 0.0135417 0.0460938
3 0.4630208 0.4625000 0.0166667 0.0468750
1 0.4596354 0.6800781 0.0234375 0.0226562
1 0.4731771 0.6453125 0.0130208 0.0406250
2 0.5153646 0.7890625 0.0192708 0.0281250
3 0.5046875 0.4945312 0.0135417 0.0296875
3 0.3718750 0.4800781 0.0208333 0.0273438
1 0.6307292 0.6292969 0.0187500 0.0179687
2 0.5286458 0.8933594 0.0208333 0.0367188
1 0.3440104 0.2238281 0.0130208 0.0179687
4 0.4869792 0.3636719 0.0218750 0.0367188
10 0.4041667 0.4660156 0.0260417 0.0367188
11 0.4867187 0.2007812 0.0234375 0.0359375
7 0.3843750 0.8046875 0.0239583 0.0312500
