4 0.6075521 0.7355469 0.0192708 0.0351562
2 0.5401042 0.5875000 0.0291667 0.0218750
0 0.5997396 0.3996094 0.0255208 0.0179687
2 0.4395833 0.4910156 0.0166667 0.0242188
0 0.7171875 0.1898438 0.0291667 0.0250000
5 0.5997396 0.2992187 0.0276042 0.0250000
8 0.3752604 0.7851562 0.0171875 0.0406250
10 0.5921875 0.5480469 0.0197917 0.0367188
8 0.6354167 0.3371094 0.0291667 0.0273438
10 0.6851563 0.7203125 0.0182292 0.0406250
7 0.4216146 0.6003906 0.0265625 0.0257812
11 0.7125000 0.3023438 0.0291667 0.0281250
9 0.5601563 0.3480469 0.0276042 0.0367188
10 0.5703125 0.7246094 0.0239583 0.0304687
6 0.3486979 0.5070313 0.0171875 0.0296875
8 0.5338542 0.5101562 0.0281250 0.0296875
7 0.5713542 0.5222656 0.0281250 0.0382813
11 0.7171875 0.4691406 0.0260417 0.0304687
11 0.6601562 0.8152344 0.0276042 0.0304687
7 0.6700521 0.3941406 0.0244792 0.0257812
8 0.7492188 0.3929687 0.0182292 0.0390625
10 0.5294271 0.3601563 0.0244792 0.0312500
10 0.5085937 0.7925781 0.0255208 0.0367188
8 0.4992187 0.4355469 0.0286458 0.0367188
