5 0.5619792 0.6632813 0.0125000 0.0375000
3 0.4617188 0.7570313 0.0213542 0.0296875
4 0.2604167 0.6214844 0.0104167 0.0148437
2 0.3653646 0.5386719 0.0109375 0.0382813
0 0.5924479 0.6214844 0.0244792 0.0179687
3 0.5567708 0.3601563 0.0239583 0.0171875
0 0.6117187 0.4347656 0.0234375 0.0226562
1 0.5893229 0.5335937 0.0244792 0.0187500
3 0.6140625 0.3191406 0.0187500 0.0195312
2 0.6208333 0.1929687 0.0250000 0.0187500
0 0.5593750 0.0730469 0.0135417 0.0367188
8 0.4481771 0.6066406 0.0171875 0.0226562
6 0.6658854 0.6160156 0.0244792 0.0257812
