1 0.2760417 0.5320312 0.0250000 0.0234375
0 0.2958333 0.3039062 0.0239583 0.0218750
0 0.5096354 0.1632812 0.0151042 0.0250000
3 0.6385417 0.6960937 0.0270833 0.0218750
2 0.5510417 0.3308594 0.0156250 0.0195312
4 0.4109375 0.3824219 0.0229167 0.0164063
1 0.4869792 0.4902344 0.0166667 0.0351562
2 0.4583333 0.2585938 0.0229167 0.0203125
5 0.5221354 0.7476563 0.0151042 0.0218750
2 0.3283854 0.7449219 0.0119792 0.0210938
3 0.5169271 0.1011719 0.0182292 0.0210938
2 0.4479167 0.3679688 0.0218750 0.0218750
1 0.6799479 0.6800781 0.0244792 0.0195312
3 0.6635417 0.7886719 0.0250000 0.0179687
3 0.3153646 0.7179688 0.0223958 0.0171875
1 0.6947917 0.5695313 0.0260417 0.0187500
3 0.3630208 0.4894531 0.0197917 0.0210938
3 0.3835938 0.4617188 0.0151042 0.0343750
1 0.5867187 0.2082031 0.0234375 0.0164063
3 0.6239583 0.5308594 0.0145833 0.0335937
4 0.6187500 0.7003906 0.0145833 0.0179687
4 0.1997396 0.5371094 0.0244792 0.0273438
1 0.5755208 0.5218750 0.0135417 0.0281250
5 0.3104167 0.1828125 0.0250000 0.0187500
2 0.7695312 0.6136719 0.0192708 0.0335937
5 0.2750000 0.6917969 0.0270833 0.0242188
5 0.7369792 0.7546875 0.0260417 0.0187500
5 0.4070313 0.7882813 0.0234375 0.0187500
1 0.5177083 0.3371094 0.0177083 0.0382813
1 0.3283854 0.3593750 0.0203125 0.0281250
1 0.5945312 0.7125000 0.0119792 0.0203125
2 0.4950521 0.6476563 0.0151042 0.0390625
1 0.4114583 0.7519531 0.0250000 0.0179687
0 0.5192708 0.2710938 0.0177083 0.0218750
2 0.5174479 0.9863281 0.0161458 0.0257812
3 0.5213542 0.5492187 0.0114583 0.0343750
2 0.6229167 0.5859375 0.0156250 0.0234375
4 0.5984375 0.8195313 0.0187500 0.0312500
1 0.4559896 0.4097656 0.0234375 0.0242188
1 0.2125000 0.6222656 0.0156250 0.0226562
5 0.5549479 0.7417969 0.0255208 0.0195312
4 0.7369792 0.3871094 0.0250000 0.0195312
4 0.5421875 0.1855469 0.0125000 0.0367188
2 0.5049479 0.7531250 0.0223958 0.0312500
4 0.2385417 0.3917969 0.0250000 0.0242188
2 0.7825521 0.6476563 0.0244792 0.0218750
5 0.6927083 0.3746094 0.0156250 0.0351562
3 0.6750000 0.5742188 0.0250000 0.0187500
2 0.6013021 0.3714844 0.0265625 0.0179687
2 0.6250000 0.3550781 0.0135417 0.0351562
3 0.4307292 0.3871094 0.0156250 0.0195312
2 0.4671875 0.5214844 0.0145833 0.0226562
4 0.4184896 0.8632812 0.0244792 0.0187500
4 0.6257812 0.6210938 0.0140625 0.0265625
0 0.5492187 0.7144531 0.0255208 0.0179687
1 0.4484375 0.3757813 0.0114583 0.0203125
1 0.6234375 0.3289063 0.0218750 0.0171875
1 0.7236979 0.7460938 0.0255208 0.0171875
0 0.4161458 0.1421875 0.0177083 0.0203125
1 0.5471354 0.5386719 0.0119792 0.0195312
3 0.5708333 0.2390625 0.0250000 0.0218750
5 0.4684896 0.2898438 0.0140625 0.0171875
3 0.7130208 0.5750000 0.0281250 0.0187500
0 0.5171875 0.3445313 0.0156250 0.0296875
2 0.6671875 0.4074219 0.0229167 0.0164063
3 0.5367188 0.6285156 0.0234375 0.0195312
1 0.5296875 0.6773438 0.0166667 0.0296875
1 0.6031250 0.7027344 0.0177083 0.0179687
1 0.3825521 0.4851563 0.0182292 0.0421875
1 0.5000000 0.4546875 0.0125000 0.0328125
8 0.2632813 0.2593750 0.0223958 0.0265625
9 0.5273438 0.1785156 0.0234375 0.0273438
11 0.3812500 0.5175781 0.0166667 0.0320312
10 0.5671875 0.1660156 0.0166667 0.0367188
9 0.5804687 0.6414062 0.0151042 0.0296875
7 0.4778646 0.7722656 0.0223958 0.0289063
10 0.4846354 0.4566406 0.0192708 0.0257812
8 0.3651042 0.7652344 0.0197917 0.0351562
9 0.6361979 0.5945312 0.0234375 0.0234375
10 0.6434896 0.2074219 0.0234375 0.0226562
10 0.4127604 0.2968750 0.0161458 0.0390625
6 0.4617188 0.4050781 0.0255208 0.0273438
