1 0.6804687 0.3867188 0.1338542 0.2109375
0 0.4882812 0.1886719 0.1067708 0.1789062
1 0.8255208 0.8699219 0.1656250 0.1320312
3 0.4054687 0.6226563 0.0765625 0.1953125
0 0.5057292 0.2355469 0.0927083 0.1367188
2 0.3924479 0.8050781 0.1244792 0.1539062
1 0.5281250 0.6734375 0.0552083 0.1312500
4 0.5346354 0.3472656 0.1213542 0.1085938
2 0.6932292 0.4976563 0.1593750 0.1234375
3 0.3299479 0.6687500 0.1682292 0.1375000
1 0.4872396 0.3433594 0.0848958 0.1382812
2 0.5593750 0.3628906 0.1635417 0.1335938
1 0.6148438 0.4707031 0.1588542 0.1132812
4 0.5968750 0.1632812 0.1177083 0.1750000
0 0.4304688 0.8597656 0.1713542 0.1257813
4 0.6164063 0.2058594 0.1276042 0.1664063
3 0.6867188 0.5253906 0.1536458 0.1554687
3 0.7028646 0.1250000 0.0973958 0.2500000
0 0.6252604 0.1074219 0.0973958 0.2101562
1 0.5893229 0.2410156 0.1276042 0.2117188
3 0.3528646 0.2546875 0.0703125 0.1062500
2 0.3325521 0.7839844 0.1598958 0.1367188
1 0.5007812 0.3539062 0.1588542 0.1250000
2 0.7466146 0.8535156 0.1588542 0.1179687
1 0.5307292 0.1472656 0.1239583 0.1007813
4 0.6502604 0.3324219 0.1046875 0.2367188
2 0.4075521 0.1964844 0.1109375 0.2164062
1 0.2549479 0.2136719 0.1526042 0.1210938
4 0.4976563 0.4949219 0.1067708 0.1882813
1 0.7825521 0.7113281 0.1651042 0.1164063
0 0.3276042 0.7562500 0.0791667 0.1593750
5 0.2992187 0.8128906 0.1557292 0.1039063
5 0.7721354 0.3003906 0.0817708 0.2335937
4 0.2114583 0.6535156 0.1510417 0.1804688
2 0.6914062 0.4500000 0.1057292 0.1593750
7 0.4010417 0.1152344 0.1593750 0.2304688
9 0.4690104 0.5183594 0.1036458 0.1851562
6 0.3114583 0.8335938 0.1614583 0.1609375
7 0.5875000 0.3960938 0.1260417 0.1937500
8 0.6510417 0.4960938 0.1343750 0.1781250
8 0.5820312 0.4292969 0.1598958 0.2101562
9 0.4500000 0.2023437 0.1020833 0.1531250
8 0.7731771 0.5437500 0.1515625 0.1718750
10 0.5994792 0.4742188 0.1562500 0.1546875
7 0.3614583 0.1417969 0.0916667 0.1679688
9 0.4882812 0.7632813 0.1453125 0.2234375
8 0.7125000 0.2332031 0.1593750 0.1679688
9 0.5427083 0.5425781 0.1375000 0.1382812
8 0.4364583 0.2652344 0.1531250 0.1757812
7 0.7117187 0.4667969 0.1380208 0.1351563
