4 0.6531250 0.4230469 0.0760417 0.0757812
4 0.7643229 0.5449219 0.0713542 0.1179687
4 0.3674479 0.1933594 0.0546875 0.1148437
1 0.2716146 0.4390625 0.0578125 0.0609375
3 0.2635417 0.5820312 0.0812500 0.0656250
4 0.5479167 0.4406250 0.0697917 0.0828125
0 0.3278646 0.4289062 0.0744792 0.0578125
3 0.4585938 0.6386719 0.0703125 0.1023437
3 0.7489583 0.4339844 0.0854167 0.0632812
4 0.6164063 0.4011719 0.0807292 0.0679687
2 0.4742188 0.3082031 0.0442708 0.0445313
0 0.5713542 0.5296875 0.0510417 0.1109375
4 0.2799479 0.4144531 0.0828125 0.0898438
3 0.4257812 0.8257813 0.0588542 0.0656250
0 0.3536458 0.3593750 0.0906250 0.0859375
3 0.6135417 0.1894531 0.0822917 0.0742188
4 0.4546875 0.2140625 0.0479167 0.1390625
4 0.6419271 0.4187500 0.0942708 0.0687500
5 0.2341146 0.3902344 0.0786458 0.1007813
4 0.7630208 0.6703125 0.0906250 0.0687500
5 0.5255208 0.4570312 0.0812500 0.0531250
2 0.6020833 0.4253906 0.0875000 0.0789062
2 0.2281250 0.4894531 0.0427083 0.1085938
5 0.6888021 0.3492188 0.0973958 0.0625000
1 0.6585937 0.4273438 0.0505208 0.0953125
3 0.6463542 0.5953125 0.0885417 0.0578125
4 0.3815104 0.6882812 0.0921875 0.0750000
1 0.6872396 0.6933594 0.0640625 0.0960938
4 0.7666667 0.6144531 0.0666667 0.0820312
3 0.5354167 0.4023438 0.0687500 0.1062500
3 0.6265625 0.4125000 0.0437500 0.0609375
4 0.6869792 0.4609375 0.0843750 0.0562500
0 0.6684896 0.2007812 0.0901042 0.0890625
3 0.3460937 0.6066406 0.0536458 0.1117188
0 0.4791667 0.2929688 0.0635417 0.0984375
1 0.7231771 0.4042969 0.0828125 0.0632812
5 0.6432292 0.4785156 0.0468750 0.0554687
5 0.2716146 0.4765625 0.0463542 0.1015625
3 0.4401042 0.2988281 0.0770833 0.0882813
3 0.3070312 0.7039062 0.0734375 0.0906250
3 0.2562500 0.2433594 0.0916667 0.0617188
3 0.4640625 0.9253906 0.0822917 0.0882813
2 0.4130208 0.4648438 0.0541667 0.0796875
5 0.4492188 0.5429688 0.0526042 0.0656250
5 0.6307292 0.4843750 0.0802083 0.0640625
3 0.4914062 0.5613281 0.0515625 0.0773438
0 0.5583333 0.5609375 0.0718750 0.0953125
3 0.2953125 0.3058594 0.0416667 0.1335938
5 0.3330729 0.5105469 0.0796875 0.0601563
3 0.5476562 0.8109375 0.0567708 0.0531250
0 0.6119792 0.8226562 0.0854167 0.0718750
4 0.5010417 0.6402344 0.0479167 0.0601563
1 0.5445313 0.5527344 0.0786458 0.0523438
5 0.3947917 0.3796875 0.0531250 0.0984375
2 0.6302083 0.2859375 0.0520833 0.0765625
0 0.6721354 0.4085937 0.0901042 0.0656250
3 0.3919271 0.7011719 0.0369792 0.1210938
6 0.4231771 0.6625000 0.0848958 0.0906250
6 0.6286458 0.0570312 0.0520833 0.1140625
7 0.4179688 0.7644531 0.0713542 0.0851563
11 0.5122396 0.4019531 0.0546875 0.0882813
6 0.2739583 0.4191406 0.0843750 0.1101562
6 0.5302083 0.6484375 0.0541667 0.1093750
8 0.5263021 0.7882813 0.0880208 0.0859375
8 0.4182292 0.4527344 0.0833333 0.0929688
7 0.5333333 0.5031250 0.0843750 0.0984375
9 0.7723958 0.4496094 0.0770833 0.0835937
8 0.6494792 0.0902344 0.0812500 0.1085938
9 0.3593750 0.7992187 0.0520833 0.1187500
10 0.5807292 0.4292969 0.0843750 0.0945312
6 0.4554687 0.4703125 0.0755208 0.0828125
9 0.3523438 0.6445312 0.0765625 0.1156250
7 0.7348958 0.6687500 0.0645833 0.1093750
