2 0.4044271 0.7042969 0.0161458 0.0210938
5 0.5096354 0.4246094 0.0203125 0.0304687
1 0.3789062 0.3816406 0.0140625 0.0242188
4 0.2575521 0.5273438 0.0161458 0.0359375
0 0.4281250 0.3144531 0.0177083 0.0414062
5 0.4927083 0.8421875 0.0197917 0.0156250
0 0.5184896 0.2515625 0.0182292 0.0218750
4 0.6291667 0.3898437 0.0260417 0.0234375
5 0.6528646 0.7312500 0.0130208 0.0296875
2 0.6156250 0.4074219 0.0145833 0.0351562
0 0.3716146 0.3304687 0.0255208 0.0187500
3 0.6427083 0.5535156 0.0166667 0.0289063
0 0.4692708 0.3636719 0.0197917 0.0179687
0 0.4713542 0.1140625 0.0218750 0.0281250
5 0.2960937 0.7507812 0.0203125 0.0390625
5 0.5070313 0.3398438 0.0119792 0.0359375
1 0.3927083 0.0859375 0.0166667 0.0359375
4 0.3820312 0.5664062 0.0161458 0.0265625
3 0.6346354 0.3460937 0.0244792 0.0250000
4 0.3664062 0.2832031 0.0265625 0.0179687
1 0.3455729 0.5890625 0.0119792 0.0250000
3 0.3479167 0.7113281 0.0291667 0.0179687
2 0.5322917 0.6605469 0.0260417 0.0210938
5 0.4473958 0.1886719 0.0135417 0.0257812
3 0.4755208 0.7250000 0.0197917 0.0203125
11 0.5122396 0.2066406 0.0244792 0.0257812
7 0.5169271 0.5285156 0.0171875 0.0226562
6 0.1856771 0.4199219 0.0244792 0.0367188
9 0.5085937 0.7386719 0.0182292 0.0226562
8 0.4497396 0.1582031 0.0255208 0.0289063
7 0.4536458 0.8453125 0.0166667 0.0281250
8 0.4507813 0.3687500 0.0192708 0.0312500
9 0.2643229 0.4328125 0.0192708 0.0250000
11 0.4437500 0.5644531 0.0177083 0.0382813
8 0.4372396 0.8082031 0.0234375 0.0335937
11 0.5903646 0.6152344 0.0182292 0.0398437
8 0.3888021 0.4996094 0.0276042 0.0273438
11 0.6039062 0.8425781 0.0244792 0.0398437
9 0.6619792 0.5175781 0.0229167 0.0242188
6 0.6083333 0.3089844 0.0177083 0.0257812
8 0.4432292 0.4187500 0.0239583 0.0234375
6 0.5750000 0.6613281 0.0250000 0.0304687
10 0.6117187 0.7753906 0.0161458 0.0320312
6 0.5466146 0.8777344 0.0171875 0.0242188
11 0.4791667 0.5484375 0.0250000 0.0312500
