5 0.5416667 0.6003906 0.0343750 0.0617188
5 0.3989583 0.6218750 0.0281250 0.0875000
1 0.4244792 0.5429688 0.0375000 0.0484375
1 0.4359375 0.2074219 0.0604167 0.0632812
3 0.5583333 0.6820312 0.0385417 0.0375000
11 0.7388021 0.4015625 0.0598958 0.0656250
10 0.4309896 0.4441406 0.0515625 0.0507812
8 0.5854167 0.5898438 0.0666667 0.0796875
10 0.5276042 0.1777344 0.0604167 0.0601563
10 0.7442708 0.6468750 0.0500000 0.0687500
9 0.2338542 0.3640625 0.0562500 0.0546875
9 0.3731771 0.4992187 0.0473958 0.0562500
7 0.6882812 0.3652344 0.0567708 0.0648438
7 0.5307292 0.4515625 0.0614583 0.0593750
8 0.3606771 0.8910156 0.0390625 0.0914062
9 0.7244792 0.7304688 0.0614583 0.0578125
