2 0.7341146 0.6593750 0.0286458 0.0218750
4 0.3403646 0.6589844 0.0171875 0.0289063
0 0.2888021 0.5464844 0.0213542 0.0398437
2 0.4713542 0.5320312 0.0239583 0.0359375
1 0.7669271 0.3710938 0.0130208 0.0437500
1 0.3937500 0.5867187 0.0281250 0.0203125
1 0.6070313 0.8441406 0.0213542 0.0414062
5 0.5674479 0.3824219 0.0140625 0.0226562
0 0.5684896 0.6148438 0.0140625 0.0234375
0 0.3388021 0.7769531 0.0276042 0.0289063
3 0.5367188 0.4679687 0.0203125 0.0203125
5 0.3330729 0.5671875 0.0234375 0.0265625
1 0.4945312 0.2941406 0.0161458 0.0460938
0 0.6911458 0.3316406 0.0270833 0.0289063
4 0.4208333 0.1886719 0.0166667 0.0398437
0 0.5638021 0.5507812 0.0286458 0.0234375
2 0.3882813 0.9613281 0.0286458 0.0242188
1 0.3723958 0.7375000 0.0218750 0.0359375
3 0.5643229 0.8546875 0.0296875 0.0218750
4 0.6544271 0.5125000 0.0296875 0.0250000
0 0.4541667 0.7816406 0.0145833 0.0429688
1 0.3473958 0.5160156 0.0156250 0.0351562
4 0.5682292 0.7546875 0.0229167 0.0359375
0 0.3330729 0.4992187 0.0192708 0.0437500
5 0.6755208 0.6117187 0.0270833 0.0187500
5 0.5794271 0.7496094 0.0244792 0.0320312
4 0.3424479 0.7101563 0.0161458 0.0281250
4 0.5484375 0.7636719 0.0125000 0.0429688
3 0.7421875 0.6273437 0.0302083 0.0250000
3 0.5265625 0.7757812 0.0187500 0.0265625
0 0.2997396 0.7203125 0.0161458 0.0312500
1 0.6192708 0.5164062 0.0197917 0.0390625
0 0.6666667 0.7679687 0.0208333 0.0265625
4 0.6848958 0.7617188 0.0135417 0.0437500
0 0.5690104 0.7652344 0.0161458 0.0382813
1 0.4312500 0.6933594 0.0281250 0.0210938
3 0.6083333 0.6277344 0.0177083 0.0242188
4 0.5385417 0.8476562 0.0177083 0.0296875
4 0.3091146 0.2015625 0.0192708 0.0390625
0 0.5528646 0.8535156 0.0234375 0.0351562
3 0.3778646 0.6464844 0.0286458 0.0226562
1 0.5968750 0.5816406 0.0281250 0.0195312
4 0.5085937 0.3949219 0.0255208 0.0179687
1 0.6817708 0.4675781 0.0135417 0.0273438
0 0.4104167 0.5515625 0.0135417 0.0203125
1 0.4921875 0.3613281 0.0125000 0.0382813
1 0.3143229 0.2253906 0.0234375 0.0335937
2 0.5088542 0.7378906 0.0218750 0.0195312
5 0.4403646 0.6351562 0.0223958 0.0187500
1 0.5322917 0.5281250 0.0156250 0.0359375
1 0.6156250 0.2691406 0.0218750 0.0335937
3 0.6812500 0.1671875 0.0218750 0.0250000
4 0.5440104 0.0796875 0.0140625 0.0265625
5 0.5244792 0.4003906 0.0135417 0.0351562
5 0.6151042 0.5378906 0.0145833 0.0179687
1 0.4026042 0.6906250 0.0197917 0.0375000
5 0.7236979 0.2082031 0.0161458 0.0304687
1 0.4294271 0.6316406 0.0192708 0.0382813
0 0.5963542 0.9187500 0.0156250 0.0375000
3 0.4585938 0.9089844 0.0213542 0.0335937
8 0.4919271 0.7816406 0.0265625 0.0367188
7 0.6421875 0.6781250 0.0270833 0.0265625
7 0.4473958 0.6160156 0.0187500 0.0304687
9 0.6885417 0.5230469 0.0281250 0.0382813
7 0.3992188 0.5972656 0.0296875 0.0414062
9 0.4359375 0.7988281 0.0177083 0.0351562
9 0.7364583 0.4035156 0.0260417 0.0289063
10 0.4895833 0.7082031 0.0197917 0.0382813
11 0.3169271 0.5886719 0.0255208 0.0335937
10 0.4593750 0.9859375 0.0208333 0.0265625
10 0.3703125 0.6179687 0.0229167 0.0265625
6 0.5263021 0.8351563 0.0276042 0.0265625
9 0.5260417 0.2562500 0.0260417 0.0421875
7 0.5283854 0.8000000 0.0276042 0.0312500
10 0.7364583 0.4375000 0.0260417 0.0312500
10 0.5763021 0.5363281 0.0286458 0.0273438
7 0.5273438 0.4675781 0.0161458 0.0367188
6 0.6578125 0.4539063 0.0177083 0.0312500
11 0.4221354 0.5570312 0.0244792 0.0390625
