1 0.3416667 0.2871094 0.0708333 0.0476562
1 0.6085938 0.3691406 0.0692708 0.0648438
5 0.5567708 0.0871094 0.0364583 0.0773438
1 0.4953125 0.2074219 0.0291667 0.0992187
2 0.4187500 0.8128906 0.0677083 0.0523438
4 0.5934896 0.2058594 0.0348958 0.0695313
4 0.3606771 0.1898438 0.0598958 0.0468750
5 0.4138021 0.3492188 0.0536458 0.0734375
0 0.5161458 0.8277344 0.0291667 0.0867187
4 0.6278646 0.9089844 0.0484375 0.0617188
4 0.7382812 0.6980469 0.0692708 0.0601563
2 0.6221354 0.6328125 0.0567708 0.0703125
2 0.5794271 0.5265625 0.0609375 0.0421875
5 0.3598958 0.2988281 0.0416667 0.0710937
0 0.7018229 0.7140625 0.0546875 0.0734375
5 0.5361979 0.1347656 0.0578125 0.0570312
4 0.4018229 0.2527344 0.0401042 0.0679687
4 0.4843750 0.5968750 0.0593750 0.0671875
0 0.7502604 0.6671875 0.0630208 0.0671875
2 0.6052083 0.6550781 0.0635417 0.0601563
1 0.4947917 0.0750000 0.0468750 0.0890625
1 0.5596354 0.2214844 0.0630208 0.0414062
5 0.7205729 0.4718750 0.0619792 0.0453125
5 0.5872396 0.6187500 0.0369792 0.0750000
4 0.7398438 0.3902344 0.0671875 0.0492187
0 0.7411458 0.2953125 0.0343750 0.1015625
2 0.4979167 0.6882812 0.0604167 0.0515625
2 0.6505208 0.4746094 0.0479167 0.0726563
4 0.4127604 0.6402344 0.0348958 0.0570312
3 0.6776042 0.4910156 0.0604167 0.0695313
3 0.6127604 0.3589844 0.0307292 0.0710937
9 0.6153646 0.3730469 0.0578125 0.0757812
6 0.6466146 0.7804688 0.0567708 0.0546875
11 0.6518229 0.6648437 0.0421875 0.0750000
7 0.6203125 0.1617187 0.0635417 0.0640625
8 0.5028646 0.4261719 0.0411458 0.0601563
8 0.6809896 0.3664062 0.0401042 0.0937500
10 0.4510417 0.4679687 0.0541667 0.0578125
10 0.2770833 0.4507813 0.0375000 0.0640625
8 0.6182292 0.2480469 0.0406250 0.0960938
7 0.4989583 0.4214844 0.0520833 0.0929688
7 0.5255208 0.2324219 0.0385417 0.0757812
10 0.5859375 0.6296875 0.0572917 0.0562500
8 0.2708333 0.2019531 0.0593750 0.0601563
8 0.3382812 0.3089844 0.0619792 0.0601563
9 0.3143229 0.5898438 0.0609375 0.0765625
10 0.5135417 0.5796875 0.0604167 0.0906250
