3 0.6445312 0.5546875 0.0140625 0.0265625
1 0.6276042 0.3402344 0.0156250 0.0257812
4 0.3856771 0.5843750 0.0161458 0.0296875
2 0.3671875 0.2402344 0.0156250 0.0273438
0 0.6794271 0.3203125 0.0182292 0.0421875
5 0.4242187 0.4550781 0.0171875 0.0367188
1 0.5195312 0.5957031 0.0151042 0.0257812
3 0.7263021 0.5125000 0.0161458 0.0218750
5 0.5914063 0.3773437 0.0223958 0.0328125
4 0.3572917 0.2910156 0.0187500 0.0226562
4 0.5953125 0.2875000 0.0281250 0.0203125
0 0.6169271 0.4984375 0.0223958 0.0203125
3 0.4200521 0.3371094 0.0151042 0.0257812
5 0.4421875 0.8585938 0.0156250 0.0312500
0 0.4502604 0.5542969 0.0296875 0.0195312
3 0.5320312 0.1304687 0.0286458 0.0296875
0 0.6656250 0.2484375 0.0270833 0.0187500
1 0.4421875 0.5371094 0.0291667 0.0226562
3 0.5140625 0.8148437 0.0250000 0.0296875
3 0.2109375 0.6906250 0.0145833 0.0281250
1 0.5802083 0.6382813 0.0260417 0.0281250
5 0.3028646 0.4195313 0.0140625 0.0234375
5 0.4864583 0.2253906 0.0197917 0.0257812
4 0.6653646 0.8996094 0.0130208 0.0414062
2 0.6078125 0.3894531 0.0302083 0.0195312
2 0.5070313 0.5230469 0.0171875 0.0304687
2 0.4867187 0.5359375 0.0119792 0.0296875
1 0.5299479 0.3941406 0.0109375 0.0367188
1 0.6697917 0.6433594 0.0281250 0.0179687
0 0.6614583 0.3804688 0.0260417 0.0171875
2 0.5846354 0.4015625 0.0265625 0.0234375
2 0.7033854 0.5222656 0.0255208 0.0289063
5 0.7002604 0.5246094 0.0255208 0.0289063
5 0.4361979 0.2667969 0.0276042 0.0226562
0 0.5458333 0.2062500 0.0187500 0.0390625
3 0.6606771 0.3027344 0.0130208 0.0289063
4 0.6169271 0.8078125 0.0265625 0.0234375
4 0.6070313 0.3097656 0.0286458 0.0210938
1 0.3414063 0.3707031 0.0244792 0.0257812
5 0.6291667 0.2058594 0.0218750 0.0351562
2 0.6106771 0.4109375 0.0265625 0.0203125
0 0.7106771 0.6609375 0.0265625 0.0359375
3 0.3333333 0.4136719 0.0291667 0.0195312
3 0.5278646 0.2382812 0.0276042 0.0218750
3 0.4789062 0.8074219 0.0151042 0.0226562
4 0.5031250 0.6792969 0.0239583 0.0210938
0 0.6140625 0.1531250 0.0135417 0.0390625
2 0.5690104 0.6214844 0.0265625 0.0257812
3 0.7015625 0.5441406 0.0291667 0.0226562
0 0.3638021 0.6902344 0.0161458 0.0242188
0 0.5747396 0.2812500 0.0307292 0.0296875
4 0.3638021 0.8234375 0.0296875 0.0218750
5 0.5924479 0.6558594 0.0286458 0.0257812
2 0.6356771 0.5570312 0.0307292 0.0250000
4 0.5450521 0.8257813 0.0182292 0.0343750
0 0.6770833 0.6042969 0.0260417 0.0304687
0 0.4421875 0.7144531 0.0281250 0.0226562
3 0.4119792 0.5917969 0.0312500 0.0242188
2 0.6385417 0.4355469 0.0197917 0.0273438
5 0.4971354 0.6136719 0.0244792 0.0242188
0 0.6093750 0.3375000 0.0250000 0.0250000
10 0.5807292 0.5242187 0.0281250 0.0296875
9 0.5432292 0.9203125 0.0270833 0.0375000
7 0.4515625 0.7632813 0.0239583 0.0250000
7 0.7460938 0.5386719 0.0255208 0.0304687
10 0.5677083 0.3953125 0.0291667 0.0281250
7 0.5890625 0.6824219 0.0208333 0.0351562
11 0.4294271 0.2972656 0.0171875 0.0257812
11 0.6682292 0.4144531 0.0291667 0.0351562
7 0.3182292 0.2234375 0.0281250 0.0406250
11 0.5265625 0.2902344 0.0239583 0.0320312
10 0.6690104 0.3652344 0.0265625 0.0335937
11 0.6760417 0.5425781 0.0208333 0.0414062
11 0.6432292 0.7308594 0.0177083 0.0398437
8 0.4653646 0.3503906 0.0203125 0.0445313
6 0.3473958 0.4972656 0.0250000 0.0273438
