2 0.5549479 0.7152344 0.0130208 0.0398437
3 0.5601563 0.8464844 0.0286458 0.0195312
2 0.6255208 0.8753906 0.0229167 0.0226562
5 0.4783854 0.4265625 0.0265625 0.0218750
5 0.5911458 0.4523437 0.0260417 0.0234375
3 0.3877604 0.5238281 0.0119792 0.0242188
3 0.4140625 0.1886719 0.0239583 0.0257812
5 0.4742188 0.3265625 0.0203125 0.0296875
1 0.5356771 0.3207031 0.0265625 0.0164063
2 0.5091146 0.2585938 0.0192708 0.0375000
1 0.7026042 0.2679687 0.0166667 0.0328125
4 0.5382813 0.3796875 0.0140625 0.0390625
3 0.3424479 0.3519531 0.0130208 0.0242188
5 0.6630208 0.5238281 0.0239583 0.0210938
0 0.7119792 0.3109375 0.0291667 0.0171875
4 0.6731771 0.5312500 0.0265625 0.0203125
3 0.5283854 0.6953125 0.0171875 0.0203125
5 0.7205729 0.4617188 0.0244792 0.0281250
5 0.5690104 0.1636719 0.0151042 0.0273438
5 0.4794271 0.3609375 0.0255208 0.0187500
2 0.6588542 0.4222656 0.0250000 0.0179687
1 0.5286458 0.5472656 0.0250000 0.0179687
5 0.6145833 0.5179687 0.0270833 0.0218750
5 0.5679688 0.7359375 0.0255208 0.0218750
1 0.3408854 0.4074219 0.0234375 0.0335937
4 0.4559896 0.2656250 0.0130208 0.0359375
0 0.3968750 0.4136719 0.0197917 0.0242188
1 0.6481771 0.4496094 0.0213542 0.0289063
3 0.6971354 0.8210937 0.0234375 0.0187500
2 0.5052083 0.6757812 0.0291667 0.0265625
5 0.6455729 0.5281250 0.0151042 0.0421875
5 0.5494792 0.6660156 0.0229167 0.0226562
3 0.6731771 0.4273438 0.0296875 0.0234375
3 0.3742187 0.2894531 0.0213542 0.0226562
2 0.6828125 0.4386719 0.0270833 0.0210938
3 0.5596354 0.5214844 0.0286458 0.0210938
5 0.7026042 0.6824219 0.0281250 0.0210938
5 0.3437500 0.3902344 0.0260417 0.0179687
4 0.6044271 0.0757812 0.0255208 0.0203125
5 0.6703125 0.3871094 0.0208333 0.0289063
4 0.6562500 0.4472656 0.0250000 0.0164063
3 0.6065104 0.6574219 0.0255208 0.0210938
1 0.5570312 0.5480469 0.0109375 0.0226562
0 0.4289062 0.5277344 0.0203125 0.0273438
1 0.4401042 0.6953125 0.0166667 0.0312500
4 0.7622396 0.5777344 0.0255208 0.0273438
0 0.5843750 0.3855469 0.0218750 0.0257812
0 0.4307292 0.2082031 0.0145833 0.0164063
2 0.5617188 0.4156250 0.0234375 0.0218750
2 0.6638021 0.4371094 0.0109375 0.0304687
1 0.4276042 0.7148438 0.0125000 0.0234375
2 0.4755208 0.8488281 0.0166667 0.0429688
3 0.3984375 0.6449219 0.0187500 0.0335937
4 0.6453125 0.4550781 0.0250000 0.0226562
5 0.5817708 0.6550781 0.0187500 0.0289063
4 0.6947917 0.3253906 0.0260417 0.0179687
3 0.5028646 0.3046875 0.0109375 0.0250000
1 0.6093750 0.5695313 0.0281250 0.0203125
0 0.5658854 0.5597656 0.0109375 0.0242188
2 0.5260417 0.1906250 0.0260417 0.0250000
2 0.6067708 0.7902344 0.0270833 0.0195312
2 0.7354167 0.7683594 0.0135417 0.0398437
3 0.5153646 0.7449219 0.0140625 0.0320312
1 0.6656250 0.8890625 0.0260417 0.0187500
1 0.5734375 0.3394531 0.0156250 0.0351562
0 0.5247396 0.3367188 0.0192708 0.0250000
7 0.6955729 0.5183594 0.0276042 0.0289063
10 0.5901042 0.3058594 0.0229167 0.0257812
11 0.7059896 0.1707031 0.0276042 0.0273438
6 0.3031250 0.5253906 0.0250000 0.0289063
11 0.4190104 0.2652344 0.0213542 0.0367188
6 0.6111979 0.7988281 0.0244792 0.0242188
8 0.5695313 0.4250000 0.0255208 0.0296875
