4 0.4979167 0.4269531 0.0197917 0.0242188
3 0.6453125 0.5019531 0.0250000 0.0164063
4 0.5291667 0.2175781 0.0125000 0.0367188
4 0.6377604 0.5941406 0.0203125 0.0382813
3 0.5822917 0.6296875 0.0260417 0.0281250
3 0.5135417 0.3257813 0.0187500 0.0437500
4 0.6807292 0.7296875 0.0312500 0.0250000
2 0.6773438 0.7230469 0.0161458 0.0226562
4 0.2682292 0.7992187 0.0302083 0.0250000
2 0.4403646 0.5222656 0.0265625 0.0304687
2 0.6486979 0.5191406 0.0140625 0.0273438
4 0.4429688 0.0144531 0.0192708 0.0289063
2 0.5328125 0.2480469 0.0135417 0.0273438
1 0.6286458 0.6859375 0.0187500 0.0359375
3 0.4010417 0.5410156 0.0291667 0.0226562
0 0.5690104 0.2886719 0.0151042 0.0460938
1 0.2794271 0.7863281 0.0192708 0.0304687
8 0.4208333 0.8328125 0.0260417 0.0312500
6 0.6335937 0.7136719 0.0203125 0.0351562
6 0.6778646 0.4355469 0.0276042 0.0289063
9 0.6018229 0.1968750 0.0213542 0.0375000
6 0.4372396 0.2406250 0.0171875 0.0406250
8 0.5783854 0.3386719 0.0255208 0.0289063
11 0.3057292 0.6949219 0.0187500 0.0414062
11 0.6010417 0.3050781 0.0260417 0.0351562
11 0.3132813 0.6570312 0.0223958 0.0421875
11 0.7257813 0.6171875 0.0223958 0.0312500
11 0.4632812 0.3828125 0.0182292 0.0359375
10 0.5250000 0.5390625 0.0291667 0.0281250
11 0.3682292 0.4382813 0.0281250 0.0312500
6 0.5091146 0.1976563 0.0182292 0.0281250
10 0.4375000 0.2894531 0.0260417 0.0289063
10 0.7078125 0.2781250 0.0281250 0.0281250
10 0.3872396 0.6562500 0.0255208 0.0265625
