1 0.3645833 0.4941406 0.0375000 0.0414062
4 0.3861979 0.3800781 0.0244792 0.0414062
3 0.3687500 0.8156250 0.0291667 0.0640625
3 0.4893229 0.4089844 0.0338542 0.0585938
10 0.7151042 0.4527344 0.0458333 0.0445313
11 0.6242188 0.7000000 0.0369792 0.0562500
9 0.5156250 0.2644531 0.0479167 0.0492187
10 0.6151042 0.3917969 0.0375000 0.0414062
9 0.5536458 0.1273438 0.0364583 0.0718750
9 0.5296875 0.4074219 0.0354167 0.0648438
9 0.2916667 0.6019531 0.0416667 0.0414062
11 0.5265625 0.3335938 0.0375000 0.0578125
6 0.7096354 0.6523438 0.0317708 0.0718750
6 0.5703125 0.6257812 0.0375000 0.0453125
10 0.4710937 0.7597656 0.0421875 0.0617188
7 0.4179688 0.5468750 0.0453125 0.0453125
11 0.5085937 0.2761719 0.0307292 0.0414062
10 0.6114583 0.6593750 0.0291667 0.0421875
7 0.7343750 0.6269531 0.0447917 0.0554687
6 0.6208333 0.6316406 0.0479167 0.0460938
