0 0.6010417 0.2992187 0.0229167 0.0171875
2 0.4791667 0.7535156 0.0145833 0.0335937
1 0.4476562 0.5765625 0.0130208 0.0265625
11 0.6518229 0.6601562 0.0171875 0.0281250
11 0.3895833 0.1207031 0.0229167 0.0335937
9 0.4200521 0.8867188 0.0151042 0.0359375
11 0.5872396 0.3941406 0.0161458 0.0226562
6 0.5541667 0.6031250 0.0239583 0.0343750
7 0.7065104 0.5441406 0.0223958 0.0257812
10 0.7466146 0.4039063 0.0203125 0.0265625
11 0.6994792 0.3187500 0.0260417 0.0328125
10 0.6630208 0.8671875 0.0239583 0.0312500
10 0.3200521 0.2914062 0.0255208 0.0328125
11 0.5046875 0.3730469 0.0145833 0.0320312
11 0.4148438 0.4835937 0.0234375 0.0375000
8 0.5200521 0.6664062 0.0192708 0.0265625
11 0.3598958 0.7035156 0.0177083 0.0273438
9 0.4421875 0.4632812 0.0229167 0.0234375
10 0.6937500 0.1578125 0.0239583 0.0234375
11 0.3205729 0.5464844 0.0161458 0.0273438
9 0.6143229 0.4351563 0.0182292 0.0250000
