0 0.2924479 0.7125000 0.0286458 0.0250000
2 0.5908854 0.8992187 0.0203125 0.0453125
5 0.5664062 0.6496094 0.0286458 0.0335937
0 0.4328125 0.3273437 0.0177083 0.0218750
1 0.5541667 0.4019531 0.0270833 0.0242188
2 0.6739583 0.7503906 0.0260417 0.0351562
1 0.6945313 0.7808594 0.0296875 0.0242188
1 0.3096354 0.4652344 0.0328125 0.0210938
5 0.6489583 0.1765625 0.0166667 0.0484375
5 0.2799479 0.5285156 0.0223958 0.0429688
5 0.3752604 0.8531250 0.0317708 0.0234375
3 0.7039062 0.4371094 0.0192708 0.0257812
2 0.6330729 0.1792969 0.0328125 0.0257812
5 0.5768229 0.2300781 0.0130208 0.0226562
2 0.5583333 0.5425781 0.0302083 0.0242188
1 0.4005208 0.7253906 0.0291667 0.0351562
5 0.3809896 0.5332031 0.0338542 0.0320312
2 0.3502604 0.5503906 0.0317708 0.0273438
3 0.3742187 0.4832031 0.0286458 0.0210938
4 0.6309896 0.5882812 0.0296875 0.0187500
5 0.6054688 0.3300781 0.0286458 0.0210938
0 0.7309896 0.8250000 0.0317708 0.0234375
2 0.6692708 0.2054688 0.0239583 0.0250000
3 0.4742188 0.6769531 0.0151042 0.0304687
5 0.5385417 0.1371094 0.0187500 0.0242188
1 0.4062500 0.3316406 0.0312500 0.0226562
1 0.3388021 0.3980469 0.0307292 0.0304687
0 0.4739583 0.6046875 0.0218750 0.0296875
3 0.7236979 0.4683594 0.0317708 0.0273438
1 0.3703125 0.4578125 0.0208333 0.0437500
2 0.4750000 0.8507813 0.0312500 0.0281250
1 0.5106771 0.3156250 0.0255208 0.0453125
3 0.4255208 0.3808594 0.0260417 0.0414062
2 0.5830729 0.6753906 0.0161458 0.0460938
3 0.6614583 0.7953125 0.0312500 0.0187500
4 0.7320313 0.4957031 0.0161458 0.0335937
2 0.5635417 0.1148437 0.0281250 0.0250000
2 0.5557292 0.6578125 0.0177083 0.0234375
0 0.5390625 0.6796875 0.0291667 0.0296875
5 0.4385417 0.4652344 0.0302083 0.0210938
1 0.7403646 0.5765625 0.0255208 0.0312500
3 0.5427083 0.4906250 0.0333333 0.0250000
3 0.6533854 0.3210938 0.0338542 0.0234375
2 0.4479167 0.7949219 0.0177083 0.0429688
4 0.4359375 0.0894531 0.0187500 0.0289063
4 0.6473958 0.3199219 0.0187500 0.0429688
5 0.6335937 0.8660156 0.0151042 0.0523438
3 0.5984375 0.4171875 0.0312500 0.0218750
2 0.6979167 0.3546875 0.0187500 0.0312500
0 0.5632812 0.6656250 0.0265625 0.0343750
2 0.3526042 0.7570313 0.0135417 0.0328125
2 0.5450521 0.5441406 0.0307292 0.0226562
5 0.3221354 0.6816406 0.0151042 0.0226562
4 0.7286458 0.5847656 0.0302083 0.0320312
3 0.5132813 0.6828125 0.0140625 0.0453125
5 0.5226563 0.3753906 0.0203125 0.0382813
4 0.5671875 0.6042969 0.0208333 0.0257812
4 0.4872396 0.6574219 0.0171875 0.0179687
11 0.4036458 0.4585938 0.0302083 0.0421875
6 0.4307292 0.5933594 0.0229167 0.0429688
7 0.7054687 0.6054688 0.0276042 0.0281250
9 0.3809896 0.3683594 0.0296875 0.0414062
9 0.3903646 0.2121094 0.0296875 0.0289063
11 0.7278646 0.3675781 0.0307292 0.0304687
9 0.4695313 0.8644531 0.0286458 0.0398437
10 0.5765625 0.5000000 0.0197917 0.0265625
9 0.3835938 0.6832031 0.0255208 0.0398437
10 0.5229167 0.3753906 0.0197917 0.0273438
7 0.6752604 0.6406250 0.0276042 0.0265625
9 0.6468750 0.4796875 0.0281250 0.0437500
6 0.3848958 0.2335937 0.0187500 0.0296875
7 0.6651042 0.4882812 0.0302083 0.0359375
8 0.3177083 0.7996094 0.0322917 0.0320312
9 0.5473958 0.8027344 0.0302083 0.0304687
