1 0.4752604 0.6031250 0.0234375 0.0562500
2 0.4690104 0.4136719 0.0463542 0.0289063
0 0.5429688 0.7542969 0.0473958 0.0320312
1 0.4158854 0.3945312 0.0223958 0.0375000
0 0.7153646 0.4582031 0.0484375 0.0460938
0 0.2023437 0.3210938 0.0463542 0.0468750
4 0.6401042 0.4417969 0.0458333 0.0539063
3 0.7593750 0.3882813 0.0437500 0.0453125
5 0.3632812 0.4644531 0.0390625 0.0476562
1 0.4986979 0.6515625 0.0265625 0.0421875
1 0.4783854 0.7046875 0.0401042 0.0468750
5 0.3166667 0.5488281 0.0468750 0.0304687
0 0.4302083 0.7613281 0.0406250 0.0554687
6 0.3981771 0.4101562 0.0494792 0.0484375
10 0.6195312 0.5832031 0.0453125 0.0507812
11 0.7177083 0.3644531 0.0489583 0.0492187
11 0.6859375 0.3437500 0.0427083 0.0484375
11 0.4440104 0.6484375 0.0286458 0.0515625
7 0.3687500 0.2554688 0.0427083 0.0421875
8 0.4005208 0.1714844 0.0489583 0.0476562
