2 0.7119792 0.7453125 0.0260417 0.0187500
0 0.6281250 0.7671875 0.0135417 0.0343750
4 0.4989583 0.4437500 0.0166667 0.0218750
0 0.4911458 0.5953125 0.0250000 0.0234375
4 0.3700521 0.3492188 0.0234375 0.0265625
2 0.7486979 0.4410156 0.0244792 0.0257812
2 0.7539062 0.6484375 0.0255208 0.0234375
1 0.3065104 0.3355469 0.0171875 0.0289063
1 0.4966146 0.3609375 0.0244792 0.0296875
5 0.5781250 0.3050781 0.0250000 0.0179687
5 0.5617188 0.7882813 0.0276042 0.0171875
3 0.7036458 0.7359375 0.0270833 0.0203125
1 0.2513021 0.7605469 0.0255208 0.0164063
0 0.3953125 0.5484375 0.0250000 0.0296875
4 0.6028646 0.3625000 0.0098958 0.0218750
2 0.5359375 0.1558594 0.0197917 0.0351562
1 0.5757813 0.6804687 0.0171875 0.0234375
0 0.5776042 0.3875000 0.0135417 0.0218750
0 0.3361979 0.4402344 0.0276042 0.0195312
3 0.5843750 0.3824219 0.0239583 0.0273438
1 0.4356771 0.7394531 0.0255208 0.0289063
4 0.6955729 0.2648437 0.0171875 0.0203125
1 0.5372396 0.4632812 0.0161458 0.0328125
3 0.5770833 0.7269531 0.0260417 0.0195312
5 0.6104167 0.4925781 0.0177083 0.0257812
3 0.5015625 0.5726562 0.0156250 0.0171875
1 0.2966146 0.4085937 0.0140625 0.0390625
0 0.4359375 0.8097656 0.0208333 0.0351562
5 0.6039062 0.6671875 0.0182292 0.0281250
4 0.4752604 0.3609375 0.0151042 0.0296875
1 0.4481771 0.5613281 0.0130208 0.0351562
2 0.5783854 0.5632812 0.0244792 0.0218750
1 0.5934896 0.6664062 0.0276042 0.0218750
4 0.5640625 0.3039062 0.0270833 0.0281250
2 0.4158854 0.6949219 0.0140625 0.0242188
4 0.3330729 0.6085938 0.0234375 0.0171875
2 0.4289062 0.3128906 0.0182292 0.0335937
5 0.3419271 0.7257813 0.0286458 0.0187500
4 0.5723958 0.5199219 0.0239583 0.0148437
0 0.7002604 0.4250000 0.0223958 0.0296875
2 0.5536458 0.5152344 0.0270833 0.0179687
2 0.4281250 0.7195312 0.0177083 0.0187500
3 0.6841146 0.5914063 0.0255208 0.0218750
5 0.3747396 0.3242188 0.0140625 0.0234375
3 0.6231771 0.3171875 0.0119792 0.0203125
4 0.6648437 0.7117187 0.0255208 0.0187500
0 0.5130208 0.4273438 0.0250000 0.0187500
0 0.5216146 0.7878906 0.0161458 0.0179687
3 0.2697917 0.4410156 0.0291667 0.0210938
3 0.5385417 0.6484375 0.0218750 0.0343750
4 0.4950521 0.3656250 0.0276042 0.0171875
4 0.5770833 0.2472656 0.0166667 0.0382813
3 0.2721354 0.3429687 0.0244792 0.0140625
1 0.5916667 0.4898438 0.0229167 0.0234375
3 0.6106771 0.4796875 0.0223958 0.0187500
1 0.4286458 0.7917969 0.0187500 0.0304687
2 0.3822917 0.8386719 0.0270833 0.0226562
0 0.7367187 0.4601562 0.0140625 0.0375000
3 0.4052083 0.4683594 0.0166667 0.0273438
1 0.3098958 0.6285156 0.0187500 0.0179687
5 0.3997396 0.2441406 0.0203125 0.0195312
4 0.3320312 0.2968750 0.0276042 0.0218750
0 0.3059896 0.7074219 0.0244792 0.0179687
4 0.3901042 0.3070312 0.0229167 0.0187500
1 0.8070312 0.3527344 0.0192708 0.0257812
4 0.4958333 0.5105469 0.0218750 0.0210938
3 0.2776042 0.5292969 0.0187500 0.0226562
2 0.5697917 0.7296875 0.0208333 0.0328125
2 0.5028646 0.7613281 0.0234375 0.0179687
2 0.7804688 0.3710938 0.0276042 0.0250000
5 0.5377604 0.2972656 0.0244792 0.0226562
10 0.4390625 0.6078125 0.0229167 0.0328125
11 0.4463542 0.5578125 0.0229167 0.0312500
10 0.4713542 0.5253906 0.0187500 0.0382813
9 0.4036458 0.4421875 0.0177083 0.0250000
6 0.5869792 0.5812500 0.0270833 0.0265625
6 0.5770833 0.4527344 0.0270833 0.0289063
6 0.6114583 0.7542969 0.0239583 0.0242188
8 0.3648438 0.2312500 0.0244792 0.0296875
7 0.4039063 0.1414063 0.0234375 0.0234375
8 0.3184896 0.7777344 0.0265625 0.0320312
10 0.6408854 0.6859375 0.0213542 0.0218750
9 0.6229167 0.8093750 0.0166667 0.0359375
10 0.5567708 0.3203125 0.0250000 0.0234375
