0 0.6338542 0.9035156 0.0302083 0.0429688
0 0.6630208 0.7199219 0.0385417 0.0351562
4 0.4828125 0.7242188 0.0250000 0.0265625
0 0.2877604 0.7417969 0.0453125 0.0445313
4 0.3963542 0.7511719 0.0375000 0.0523438
2 0.6942708 0.4726562 0.0322917 0.0609375
5 0.5776042 0.6378906 0.0416667 0.0429688
4 0.6114583 0.3113281 0.0447917 0.0304687
0 0.4145833 0.3542969 0.0385417 0.0335937
1 0.4638021 0.4964844 0.0432292 0.0351562
1 0.6231771 0.7125000 0.0390625 0.0265625
5 0.4302083 0.7183594 0.0177083 0.0429688
4 0.7557292 0.3335938 0.0291667 0.0437500
3 0.4684896 0.4382813 0.0390625 0.0406250
3 0.4726562 0.2507813 0.0380208 0.0359375
0 0.7210937 0.3265625 0.0359375 0.0343750
1 0.6906250 0.7625000 0.0229167 0.0671875
3 0.3523438 0.3394531 0.0453125 0.0320312
1 0.3177083 0.6546875 0.0427083 0.0296875
0 0.6867188 0.6503906 0.0432292 0.0320312
5 0.6028646 0.7070312 0.0442708 0.0328125
5 0.5867187 0.4953125 0.0421875 0.0296875
3 0.6330729 0.2199219 0.0442708 0.0351562
3 0.7067708 0.3101563 0.0208333 0.0578125
3 0.5276042 0.1664063 0.0312500 0.0484375
4 0.5390625 0.9156250 0.0354167 0.0453125
1 0.7682292 0.3976562 0.0208333 0.0390625
3 0.3494792 0.7519531 0.0187500 0.0335937
5 0.5742188 0.5976562 0.0401042 0.0453125
5 0.5226563 0.2574219 0.0348958 0.0273438
0 0.5466146 0.5515625 0.0213542 0.0296875
2 0.6059896 0.7105469 0.0265625 0.0632812
1 0.6880208 0.5203125 0.0291667 0.0562500
4 0.4812500 0.2761719 0.0385417 0.0257812
4 0.3677083 0.2968750 0.0395833 0.0250000
0 0.6882812 0.5132813 0.0296875 0.0562500
4 0.6494792 0.5835938 0.0333333 0.0328125
5 0.4822917 0.4667969 0.0312500 0.0539063
5 0.6385417 0.7691406 0.0218750 0.0570312
3 0.3875000 0.6859375 0.0385417 0.0468750
1 0.4289062 0.3863281 0.0244792 0.0335937
4 0.7734375 0.4207031 0.0312500 0.0351562
4 0.6377604 0.0781250 0.0421875 0.0375000
4 0.4257812 0.2039063 0.0265625 0.0656250
4 0.5200521 0.3597656 0.0380208 0.0289063
0 0.5304688 0.7730469 0.0203125 0.0539063
4 0.6640625 0.6136719 0.0250000 0.0445313
4 0.5289063 0.4933594 0.0234375 0.0539063
3 0.4812500 0.9718750 0.0364583 0.0500000
2 0.5500000 0.5210938 0.0260417 0.0375000
10 0.6703125 0.6589844 0.0416667 0.0398437
9 0.4028646 0.3406250 0.0432292 0.0578125
11 0.6617188 0.6734375 0.0421875 0.0468750
6 0.4838542 0.5378906 0.0427083 0.0445313
10 0.3854167 0.7429687 0.0312500 0.0359375
9 0.7596354 0.3472656 0.0411458 0.0414062
8 0.6752604 0.6199219 0.0411458 0.0492187
7 0.5015625 0.2718750 0.0281250 0.0515625
11 0.4268229 0.3710938 0.0380208 0.0406250
11 0.3986979 0.5046875 0.0369792 0.0437500
8 0.4700521 0.7437500 0.0348958 0.0578125
10 0.5317708 0.1628906 0.0291667 0.0585938
7 0.7005208 0.4750000 0.0395833 0.0515625
8 0.5494792 0.4296875 0.0354167 0.0531250
10 0.4578125 0.6835938 0.0385417 0.0468750
10 0.6026042 0.7812500 0.0395833 0.0609375
10 0.3302083 0.2238281 0.0416667 0.0476562
