1 0.5585938 0.8015625 0.0421875 0.0421875
4 0.6291667 0.8136719 0.0416667 0.0429688
3 0.6710938 0.6722656 0.0442708 0.0320312
3 0.7036458 0.8066406 0.0281250 0.0398437
3 0.7229167 0.4437500 0.0427083 0.0343750
4 0.6627604 0.5027344 0.0276042 0.0304687
5 0.3786458 0.3390625 0.0322917 0.0484375
0 0.5731771 0.2976563 0.0276042 0.0593750
8 0.4171875 0.5867187 0.0239583 0.0546875
7 0.2992187 0.7703125 0.0296875 0.0468750
9 0.2731771 0.2664063 0.0401042 0.0390625
9 0.6531250 0.8085938 0.0406250 0.0546875
8 0.7111979 0.6410156 0.0411458 0.0382813
10 0.7101563 0.7464844 0.0348958 0.0382813
6 0.5625000 0.4429688 0.0364583 0.0359375
7 0.4734375 0.6308594 0.0281250 0.0382813
7 0.6075521 0.5902344 0.0286458 0.0460938
9 0.5158854 0.3644531 0.0234375 0.0539063
6 0.3416667 0.4656250 0.0343750 0.0531250
10 0.7458333 0.6089844 0.0395833 0.0429688
