0 0.4864583 0.3226562 0.0281250 0.0468750
0 0.4182292 0.1757812 0.0302083 0.0296875
1 0.6494792 0.6398438 0.0229167 0.0296875
3 0.5348958 0.6996094 0.0354167 0.0476562
3 0.4596354 0.3199219 0.0255208 0.0476562
3 0.7296875 0.4148438 0.0197917 0.0437500
1 0.6997396 0.5921875 0.0317708 0.0296875
2 0.4947917 0.5996094 0.0270833 0.0304687
5 0.5916667 0.5253906 0.0281250 0.0382813
0 0.4960938 0.4144531 0.0244792 0.0539063
3 0.6583333 0.2820313 0.0395833 0.0343750
3 0.3276042 0.1757812 0.0218750 0.0625000
4 0.5903646 0.3074219 0.0213542 0.0242188
1 0.4937500 0.6433594 0.0260417 0.0398437
5 0.4450521 0.6128906 0.0255208 0.0460938
5 0.4848958 0.5011719 0.0354167 0.0257812
2 0.4500000 0.5968750 0.0218750 0.0218750
4 0.4992187 0.6503906 0.0265625 0.0523438
3 0.5567708 0.5441406 0.0395833 0.0320312
4 0.6367188 0.2597656 0.0328125 0.0367188
1 0.6018229 0.2128906 0.0380208 0.0335937
0 0.6580729 0.5687500 0.0411458 0.0312500
1 0.5716146 0.7261719 0.0421875 0.0304687
2 0.3135417 0.3187500 0.0427083 0.0390625
1 0.4216146 0.3949219 0.0265625 0.0492187
0 0.6403646 0.5156250 0.0203125 0.0359375
0 0.5929688 0.6414062 0.0203125 0.0562500
5 0.5643229 0.5507812 0.0265625 0.0281250
3 0.6127604 0.4363281 0.0348958 0.0304687
5 0.6750000 0.5007812 0.0187500 0.0375000
3 0.7257813 0.5964844 0.0338542 0.0273438
2 0.7299479 0.5394531 0.0432292 0.0351562
4 0.4359375 0.7214844 0.0250000 0.0398437
2 0.5895833 0.5480469 0.0375000 0.0429688
2 0.3510417 0.6585937 0.0343750 0.0406250
1 0.4710937 0.3234375 0.0182292 0.0281250
0 0.4567708 0.7707031 0.0333333 0.0398437
4 0.4776042 0.3652344 0.0322917 0.0273438
1 0.6002604 0.2054688 0.0276042 0.0296875
0 0.4609375 0.5000000 0.0312500 0.0265625
3 0.6497396 0.5410156 0.0390625 0.0289063
5 0.3203125 0.5445313 0.0187500 0.0515625
2 0.2820313 0.5718750 0.0348958 0.0359375
1 0.6020833 0.6847656 0.0364583 0.0398437
4 0.4091146 0.1527344 0.0213542 0.0585938
1 0.4447917 0.6242188 0.0250000 0.0312500
1 0.5072917 0.3457031 0.0302083 0.0335937
7 0.3270833 0.3140625 0.0385417 0.0421875
8 0.5520833 0.7917969 0.0354167 0.0570312
11 0.3421875 0.7152344 0.0364583 0.0414062
7 0.5578125 0.5609375 0.0364583 0.0359375
8 0.3708333 0.5808594 0.0302083 0.0601563
9 0.7085938 0.7507812 0.0380208 0.0375000
7 0.6229167 0.2988281 0.0302083 0.0507812
