0 0.6825521 0.4152344 0.0921875 0.0570312
4 0.4200521 0.6343750 0.0984375 0.0765625
3 0.4549479 0.7320313 0.0526042 0.0921875
3 0.7541667 0.6679688 0.0583333 0.1234375
3 0.6145833 0.6429687 0.0416667 0.1078125
0 0.5414062 0.5625000 0.0828125 0.0625000
3 0.5263021 0.0613281 0.0401042 0.1039063
4 0.6671875 0.4359375 0.0812500 0.0828125
1 0.6033854 0.2625000 0.0630208 0.0625000
4 0.4304688 0.3941406 0.0692708 0.0617188
5 0.5854167 0.7390625 0.0791667 0.1015625
5 0.6757812 0.5148438 0.1046875 0.0812500
0 0.7393229 0.4816406 0.0807292 0.0945312
2 0.7453125 0.6132812 0.0843750 0.0734375
0 0.3281250 0.8527344 0.0458333 0.1382812
4 0.5174479 0.1554687 0.0765625 0.0640625
0 0.4638021 0.1496094 0.0557292 0.0789062
0 0.5885417 0.8531250 0.0822917 0.1062500
3 0.5091146 0.2566406 0.0661458 0.0820312
4 0.4007812 0.3953125 0.1015625 0.0703125
3 0.4882812 0.2343750 0.0473958 0.1296875
3 0.6200521 0.1722656 0.0463542 0.1351563
1 0.4518229 0.5445313 0.0921875 0.0750000
5 0.6106771 0.5972656 0.0453125 0.1023437
0 0.6403646 0.4445312 0.0546875 0.1312500
1 0.6127604 0.2437500 0.0890625 0.0687500
4 0.7398438 0.8093750 0.0932292 0.0656250
5 0.6867188 0.5390625 0.0557292 0.0796875
5 0.6031250 0.6542969 0.0822917 0.0835937
5 0.6635417 0.7460938 0.0968750 0.0734375
5 0.3369792 0.5816406 0.0416667 0.1085938
1 0.5289063 0.1773437 0.0401042 0.1453125
5 0.7635417 0.7312500 0.0958333 0.0671875
0 0.6739583 0.3542969 0.0770833 0.0882813
3 0.4953125 0.3667969 0.0604167 0.1304687
2 0.5364583 0.2984375 0.0562500 0.1421875
0 0.7440104 0.3828125 0.0880208 0.0750000
4 0.4039063 0.9542969 0.0515625 0.0898438
4 0.3940104 0.5277344 0.0911458 0.0632812
2 0.6679688 0.3437500 0.0994792 0.0718750
5 0.4875000 0.6910156 0.0468750 0.0929688
5 0.6333333 0.4207031 0.0645833 0.0664062
3 0.5177083 0.4531250 0.0854167 0.0718750
2 0.6515625 0.3101563 0.0593750 0.1234375
5 0.6236979 0.5773438 0.0817708 0.0718750
2 0.4567708 0.6695313 0.0583333 0.1265625
2 0.4945312 0.4171875 0.0671875 0.1000000
9 0.6000000 0.4156250 0.0812500 0.1046875
9 0.6484375 0.6402344 0.0937500 0.1007813
9 0.6088542 0.5156250 0.0812500 0.0812500
11 0.5783854 0.6125000 0.0786458 0.1312500
8 0.7335938 0.1835938 0.0848958 0.0843750
7 0.4380208 0.9507813 0.0802083 0.0968750
11 0.3187500 0.3675781 0.0625000 0.0976562
7 0.5640625 0.2953125 0.0531250 0.1218750
8 0.3523438 0.6570312 0.0598958 0.1375000
9 0.7708333 0.7871094 0.0760417 0.1226562
6 0.6794271 0.1660156 0.0859375 0.0835937
8 0.3429687 0.4402344 0.0817708 0.0851563
10 0.5778646 0.4085937 0.0890625 0.1250000
9 0.6645833 0.4089844 0.0927083 0.0914062
8 0.6505208 0.6140625 0.0802083 0.0796875
10 0.3630208 0.7937500 0.0875000 0.0875000
