1 0.5427083 0.6859375 0.0218750 0.0343750
2 0.4523437 0.5316406 0.0234375 0.0304687
1 0.4416667 0.4812500 0.0260417 0.0328125
3 0.6528646 0.3421875 0.0328125 0.0296875
5 0.6101562 0.4289062 0.0244792 0.0562500
11 0.4531250 0.7460938 0.0281250 0.0421875
10 0.5182292 0.8617187 0.0302083 0.0531250
6 0.3479167 0.5207031 0.0354167 0.0445313
11 0.3661458 0.4445312 0.0416667 0.0406250
9 0.3914063 0.7824219 0.0244792 0.0570312
8 0.6513021 0.5769531 0.0359375 0.0367188
9 0.5671875 0.4015625 0.0354167 0.0390625
8 0.5080729 0.7406250 0.0244792 0.0468750
11 0.5648437 0.7179688 0.0234375 0.0390625
8 0.5919271 0.8054687 0.0380208 0.0375000
10 0.4822917 0.7906250 0.0239583 0.0531250
6 0.4312500 0.7980469 0.0239583 0.0367188
10 0.4494792 0.3277344 0.0239583 0.0554687
6 0.6138021 0.6566406 0.0401042 0.0554687
9 0.5859375 0.7878906 0.0312500 0.0570312
6 0.3695312 0.6859375 0.0307292 0.0656250
6 0.3614583 0.7109375 0.0395833 0.0390625
