0 0.5940104 0.7410156 0.0119792 0.0382813
4 0.5815104 0.3035156 0.0276042 0.0179687
0 0.6476563 0.3757813 0.0203125 0.0250000
4 0.4713542 0.8628906 0.0156250 0.0414062
3 0.5309896 0.7632813 0.0161458 0.0390625
2 0.7604167 0.5312500 0.0281250 0.0218750
1 0.6213542 0.2398437 0.0218750 0.0312500
2 0.3914063 0.7667969 0.0161458 0.0367188
3 0.6828125 0.7816406 0.0156250 0.0257812
4 0.5408854 0.5222656 0.0130208 0.0414062
0 0.4606771 0.5925781 0.0244792 0.0226562
4 0.6117187 0.5667969 0.0244792 0.0195312
3 0.7411458 0.7843750 0.0166667 0.0343750
5 0.4270833 0.2992187 0.0229167 0.0187500
0 0.4281250 0.4492188 0.0135417 0.0328125
4 0.4119792 0.7785156 0.0145833 0.0382813
4 0.6356771 0.6707031 0.0130208 0.0414062
0 0.4828125 0.3992188 0.0208333 0.0390625
1 0.4864583 0.4007812 0.0291667 0.0218750
4 0.6531250 0.4562500 0.0208333 0.0281250
1 0.6020833 0.8421875 0.0250000 0.0250000
0 0.5169271 0.7757812 0.0234375 0.0312500
4 0.6546875 0.1625000 0.0239583 0.0156250
0 0.6875000 0.5437500 0.0260417 0.0218750
0 0.5489583 0.4675781 0.0187500 0.0195312
3 0.4882812 0.5500000 0.0161458 0.0250000
1 0.7255208 0.1679688 0.0291667 0.0156250
4 0.3398438 0.3195312 0.0255208 0.0187500
5 0.4114583 0.3292969 0.0270833 0.0273438
3 0.5625000 0.7679687 0.0197917 0.0312500
2 0.6713542 0.2250000 0.0281250 0.0312500
1 0.4536458 0.3437500 0.0218750 0.0234375
4 0.6742187 0.7261719 0.0276042 0.0226562
3 0.5536458 0.2800781 0.0270833 0.0226562
1 0.6572917 0.2117188 0.0197917 0.0187500
1 0.6138021 0.7238281 0.0171875 0.0445313
0 0.5729167 0.3324219 0.0250000 0.0335937
1 0.3666667 0.6441406 0.0250000 0.0304687
3 0.6010417 0.5394531 0.0270833 0.0304687
5 0.4111979 0.7558594 0.0151042 0.0476562
4 0.2664063 0.6667969 0.0265625 0.0273438
2 0.3958333 0.3238281 0.0270833 0.0226562
1 0.6992188 0.5546875 0.0203125 0.0375000
1 0.5755208 0.6886719 0.0281250 0.0210938
0 0.7059896 0.4898438 0.0265625 0.0203125
1 0.5966146 0.5531250 0.0265625 0.0296875
5 0.6856771 0.7300781 0.0276042 0.0242188
2 0.5932292 0.2859375 0.0302083 0.0203125
5 0.4028646 0.2777344 0.0286458 0.0226562
0 0.5106771 0.2511719 0.0213542 0.0351562
4 0.3315104 0.6210938 0.0161458 0.0390625
1 0.7458333 0.4804688 0.0270833 0.0250000
0 0.3208333 0.1890625 0.0125000 0.0250000
4 0.3486979 0.5992188 0.0265625 0.0203125
1 0.6776042 0.4875000 0.0270833 0.0281250
2 0.5466146 0.2378906 0.0265625 0.0273438
1 0.6968750 0.2628906 0.0281250 0.0195312
5 0.3164062 0.4472656 0.0265625 0.0210938
1 0.3231771 0.2042969 0.0265625 0.0195312
0 0.4335938 0.4496094 0.0276042 0.0210938
5 0.4263021 0.0039062 0.0098958 0.0078125
5 0.4950521 0.4105469 0.0151042 0.0257812
1 0.3984375 0.6269531 0.0156250 0.0210938
5 0.5026042 0.9382812 0.0187500 0.0375000
3 0.5718750 0.7699219 0.0177083 0.0367188
11 0.5893229 0.9167969 0.0171875 0.0320312
11 0.6419271 0.5265625 0.0203125 0.0390625
10 0.7450521 0.4632812 0.0265625 0.0250000
9 0.3872396 0.3433594 0.0171875 0.0367188
9 0.7200521 0.8101563 0.0244792 0.0406250
10 0.4661458 0.8167969 0.0187500 0.0226562
8 0.5348958 0.9132813 0.0187500 0.0406250
6 0.7942708 0.3140625 0.0270833 0.0265625
11 0.5411458 0.4628906 0.0197917 0.0257812
7 0.6028646 0.4285156 0.0244792 0.0304687
