5 0.6192708 0.1992188 0.0947917 0.0921875
1 0.5690104 0.5289063 0.0932292 0.1046875
2 0.6963542 0.1761719 0.1156250 0.1070312
3 0.2500000 0.4746094 0.1114583 0.0960938
5 0.7046875 0.2054688 0.0541667 0.1031250
4 0.3789062 0.5550781 0.0536458 0.1132812
3 0.6880208 0.3031250 0.0906250 0.0718750
1 0.6335937 0.5472656 0.0598958 0.1304687
5 0.5523438 0.3238281 0.1057292 0.0898438
3 0.5716146 0.7480469 0.1046875 0.0679687
0 0.7036458 0.7277344 0.1000000 0.0679687
1 0.3140625 0.3617187 0.0864583 0.1250000
4 0.5296875 0.2351563 0.0604167 0.1125000
2 0.4104167 0.5281250 0.0895833 0.0953125
0 0.4809896 0.1164063 0.0578125 0.1234375
0 0.7513021 0.3636719 0.0526042 0.1476562
2 0.4981771 0.1535156 0.0494792 0.1757812
1 0.4796875 0.3542969 0.0947917 0.0851563
2 0.2953125 0.5972656 0.0927083 0.0757812
6 0.6289062 0.8054687 0.0651042 0.1234375
6 0.3304687 0.5546875 0.0911458 0.1000000
6 0.4145833 0.5507812 0.0750000 0.1046875
