4 0.6455729 0.3515625 0.0526042 0.0296875
2 0.3393229 0.2878906 0.0338542 0.0710937
2 0.6320313 0.2117188 0.0432292 0.0484375
5 0.4104167 0.3242188 0.0354167 0.0593750
2 0.6489583 0.7886719 0.0354167 0.0414062
2 0.5109375 0.4933594 0.0322917 0.0664062
0 0.6763021 0.5113281 0.0473958 0.0398437
4 0.6098958 0.7882813 0.0218750 0.0437500
5 0.3544271 0.6519531 0.0255208 0.0726563
4 0.3536458 0.2167969 0.0239583 0.0742188
2 0.5200521 0.5457031 0.0380208 0.0335937
2 0.5190104 0.3859375 0.0265625 0.0437500
0 0.4898438 0.3984375 0.0328125 0.0437500
4 0.6411458 0.6445312 0.0229167 0.0468750
5 0.6252604 0.5058594 0.0515625 0.0414062
4 0.7557292 0.6078125 0.0510417 0.0406250
0 0.5260417 0.5871094 0.0364583 0.0398437
3 0.4421875 0.5207031 0.0197917 0.0492187
2 0.3552083 0.3765625 0.0229167 0.0750000
0 0.7010417 0.3191406 0.0489583 0.0351562
4 0.3830729 0.5761719 0.0494792 0.0382813
5 0.3739583 0.5093750 0.0364583 0.0421875
0 0.6195312 0.5023437 0.0494792 0.0359375
1 0.6388021 0.7339844 0.0526042 0.0460938
4 0.2604167 0.2320312 0.0208333 0.0453125
5 0.3716146 0.6460938 0.0526042 0.0312500
1 0.4721354 0.2011719 0.0276042 0.0585938
2 0.4942708 0.4687500 0.0385417 0.0546875
2 0.4236979 0.5621094 0.0505208 0.0539063
3 0.6562500 0.2675781 0.0562500 0.0445313
3 0.5283854 0.0292969 0.0328125 0.0585938
0 0.2653646 0.5054688 0.0536458 0.0437500
4 0.4372396 0.6050781 0.0390625 0.0601563
0 0.7075521 0.4902344 0.0182292 0.0679687
1 0.6335937 0.5136719 0.0255208 0.0523438
4 0.6026042 0.5714844 0.0479167 0.0414062
5 0.6408854 0.2855469 0.0244792 0.0476562
3 0.5057292 0.5867187 0.0468750 0.0343750
5 0.5479167 0.8214844 0.0333333 0.0601563
0 0.6427083 0.2449219 0.0437500 0.0507812
5 0.5218750 0.8609375 0.0322917 0.0562500
3 0.3361979 0.1777344 0.0515625 0.0367188
1 0.5338542 0.3171875 0.0197917 0.0687500
4 0.3721354 0.7671875 0.0234375 0.0296875
1 0.3151042 0.4746094 0.0197917 0.0539063
4 0.4104167 0.6671875 0.0322917 0.0515625
1 0.3101563 0.4144531 0.0463542 0.0382813
1 0.5695313 0.7863281 0.0442708 0.0492187
0 0.6625000 0.5960937 0.0229167 0.0703125
3 0.3177083 0.5167969 0.0260417 0.0398437
3 0.3794271 0.3625000 0.0234375 0.0390625
0 0.4731771 0.6652344 0.0411458 0.0367188
2 0.3546875 0.2378906 0.0270833 0.0460938
2 0.5182292 0.5496094 0.0447917 0.0382813
5 0.2622396 0.6042969 0.0359375 0.0414062
1 0.4195313 0.5382813 0.0276042 0.0406250
2 0.7153646 0.6746094 0.0286458 0.0351562
3 0.3979167 0.6054688 0.0322917 0.0343750
5 0.3317708 0.6566406 0.0364583 0.0570312
3 0.5145833 0.7437500 0.0229167 0.0765625
5 0.5442708 0.5136719 0.0250000 0.0539063
0 0.6843750 0.5300781 0.0458333 0.0335937
0 0.4333333 0.3300781 0.0302083 0.0710937
3 0.4986979 0.8625000 0.0411458 0.0437500
7 0.5539063 0.2011719 0.0453125 0.0679687
11 0.4671875 0.7539062 0.0364583 0.0718750
6 0.5713542 0.3226562 0.0416667 0.0484375
8 0.7304688 0.6507812 0.0463542 0.0468750
10 0.6369792 0.3582031 0.0479167 0.0445313
11 0.3885417 0.1867187 0.0458333 0.0500000
11 0.4851563 0.4933594 0.0359375 0.0492187
9 0.5979167 0.4941406 0.0447917 0.0445313
6 0.5588542 0.6207031 0.0468750 0.0492187
11 0.3177083 0.2773438 0.0489583 0.0562500
9 0.4703125 0.5031250 0.0333333 0.0578125
