3 0.5768229 0.0828125 0.0359375 0.0437500
1 0.4997396 0.6023437 0.0359375 0.0296875
4 0.3182292 0.7609375 0.0177083 0.0546875
1 0.6065104 0.7824219 0.0348958 0.0351562
2 0.5734375 0.7488281 0.0302083 0.0273438
4 0.4606771 0.7496094 0.0390625 0.0242188
5 0.5986979 0.5078125 0.0328125 0.0328125
0 0.5388021 0.4546875 0.0213542 0.0531250
4 0.6369792 0.4718750 0.0312500 0.0250000
3 0.4247396 0.5500000 0.0338542 0.0359375
1 0.5507812 0.5433594 0.0296875 0.0273438
5 0.6312500 0.0210938 0.0187500 0.0421875
0 0.6903646 0.2824219 0.0390625 0.0367188
0 0.4203125 0.1339844 0.0333333 0.0476562
1 0.5513021 0.1273438 0.0265625 0.0296875
3 0.3802083 0.4265625 0.0416667 0.0265625
3 0.4052083 0.8816406 0.0270833 0.0585938
5 0.5869792 0.6324219 0.0343750 0.0445313
1 0.7057292 0.4843750 0.0177083 0.0437500
2 0.5885417 0.6695313 0.0218750 0.0609375
3 0.5013021 0.1746094 0.0192708 0.0523438
3 0.4403646 0.6406250 0.0390625 0.0281250
0 0.4213542 0.4277344 0.0385417 0.0320312
3 0.5341146 0.8136719 0.0338542 0.0273438
1 0.5723958 0.6527344 0.0291667 0.0351562
2 0.3151042 0.4535156 0.0218750 0.0539063
2 0.6234375 0.4964844 0.0208333 0.0398437
4 0.6049479 0.8078125 0.0244792 0.0312500
1 0.3468750 0.3710938 0.0375000 0.0265625
3 0.7135417 0.3175781 0.0239583 0.0632812
1 0.2406250 0.7414063 0.0375000 0.0437500
4 0.4914062 0.6851563 0.0192708 0.0562500
0 0.6200521 0.4832031 0.0255208 0.0351562
4 0.6591146 0.5257812 0.0307292 0.0546875
5 0.6591146 0.1488281 0.0182292 0.0351562
3 0.3601563 0.6496094 0.0213542 0.0664062
2 0.3953125 0.7171875 0.0208333 0.0406250
1 0.5713542 0.3738281 0.0406250 0.0304687
1 0.6763021 0.8218750 0.0359375 0.0234375
2 0.4385417 0.5703125 0.0385417 0.0312500
1 0.4757812 0.3097656 0.0244792 0.0523438
5 0.3140625 0.6953125 0.0187500 0.0312500
5 0.6947917 0.5671875 0.0395833 0.0406250
5 0.3020833 0.5289063 0.0229167 0.0359375
5 0.5179687 0.3054688 0.0203125 0.0593750
4 0.5216146 0.5917969 0.0338542 0.0335937
5 0.4309896 0.2812500 0.0286458 0.0500000
0 0.3234375 0.6671875 0.0156250 0.0375000
2 0.5296875 0.3640625 0.0322917 0.0484375
2 0.6119792 0.4964844 0.0270833 0.0585938
0 0.6054688 0.6652344 0.0255208 0.0367188
1 0.5984375 0.1921875 0.0145833 0.0578125
0 0.4179688 0.7503906 0.0203125 0.0242188
1 0.3757813 0.3210938 0.0276042 0.0468750
6 0.6703125 0.3628906 0.0354167 0.0507812
6 0.7335938 0.6164063 0.0328125 0.0531250
6 0.6802083 0.2085937 0.0375000 0.0390625
9 0.4502604 0.8058594 0.0369792 0.0460938
6 0.6635417 0.7464844 0.0375000 0.0601563
11 0.3677083 0.8039063 0.0354167 0.0375000
9 0.5533854 0.4812500 0.0348958 0.0343750
11 0.5330729 0.3902344 0.0255208 0.0523438
8 0.6986979 0.1375000 0.0369792 0.0375000
7 0.4742188 0.3402344 0.0338542 0.0554687
10 0.6117187 0.6000000 0.0338542 0.0500000
8 0.3763021 0.7332031 0.0255208 0.0445313
10 0.5171875 0.8683594 0.0302083 0.0570312
