2 0.4916667 0.6304688 0.0125000 0.0343750
5 0.4666667 0.3074219 0.0177083 0.0304687
2 0.4187500 0.5875000 0.0291667 0.0234375
4 0.3046875 0.4089844 0.0187500 0.0476562
3 0.6190104 0.3886719 0.0244792 0.0335937
3 0.3921875 0.3488281 0.0250000 0.0226562
1 0.6346354 0.3769531 0.0182292 0.0351562
2 0.5304688 0.5765625 0.0265625 0.0281250
5 0.5359375 0.5808594 0.0281250 0.0242188
4 0.6398438 0.5281250 0.0317708 0.0281250
3 0.3450521 0.6007813 0.0338542 0.0250000
1 0.4361979 0.1351563 0.0255208 0.0296875
3 0.5138021 0.3667969 0.0140625 0.0398437
0 0.5234375 0.8117188 0.0187500 0.0218750
4 0.5994792 0.6871094 0.0291667 0.0242188
1 0.6703125 0.3136719 0.0260417 0.0210938
3 0.5148438 0.3062500 0.0161458 0.0234375
2 0.5695313 0.3863281 0.0140625 0.0382813
5 0.5281250 0.6652344 0.0250000 0.0335937
5 0.4393229 0.6917969 0.0171875 0.0367188
2 0.4138021 0.7621094 0.0213542 0.0257812
2 0.5726562 0.5042969 0.0213542 0.0429688
0 0.7184896 0.3085938 0.0161458 0.0500000
5 0.6533854 0.4968750 0.0338542 0.0218750
0 0.5669271 0.5531250 0.0328125 0.0250000
2 0.5307292 0.6679688 0.0156250 0.0421875
1 0.4666667 0.5781250 0.0302083 0.0234375
3 0.4182292 0.6363281 0.0239583 0.0304687
4 0.4135417 0.4355469 0.0312500 0.0226562
5 0.2015625 0.4625000 0.0260417 0.0390625
4 0.4182292 0.9199219 0.0291667 0.0273438
3 0.4328125 0.1832031 0.0177083 0.0429688
5 0.3994792 0.1960938 0.0270833 0.0234375
2 0.4216146 0.8039063 0.0171875 0.0453125
2 0.4770833 0.3863281 0.0260417 0.0367188
2 0.6312500 0.5660156 0.0229167 0.0289063
1 0.5789062 0.6476563 0.0161458 0.0406250
4 0.6156250 0.5992188 0.0156250 0.0234375
1 0.3843750 0.4492188 0.0197917 0.0265625
4 0.5408854 0.2343750 0.0161458 0.0296875
3 0.5593750 0.6621094 0.0156250 0.0414062
1 0.4369792 0.1894531 0.0302083 0.0179687
2 0.6684896 0.2113281 0.0328125 0.0226562
3 0.3406250 0.5003906 0.0302083 0.0210938
1 0.3765625 0.6687500 0.0166667 0.0250000
1 0.7049479 0.4906250 0.0265625 0.0312500
4 0.5315104 0.5421875 0.0130208 0.0312500
5 0.7075521 0.4464844 0.0192708 0.0460938
0 0.3427083 0.4218750 0.0260417 0.0250000
2 0.4690104 0.6410156 0.0151042 0.0242188
1 0.5325521 0.3128906 0.0171875 0.0320312
3 0.6364583 0.7148438 0.0291667 0.0250000
2 0.2817708 0.3542969 0.0322917 0.0226562
0 0.5148438 0.4183594 0.0265625 0.0335937
1 0.4171875 0.5210938 0.0281250 0.0218750
0 0.6377604 0.6128906 0.0203125 0.0460938
4 0.4567708 0.6625000 0.0156250 0.0453125
2 0.6197917 0.6609375 0.0270833 0.0328125
1 0.5867187 0.4332031 0.0234375 0.0226562
0 0.2333333 0.5222656 0.0260417 0.0382813
4 0.5007812 0.5757813 0.0171875 0.0234375
5 0.3132813 0.7367187 0.0203125 0.0484375
3 0.4656250 0.5390625 0.0208333 0.0312500
0 0.4903646 0.3382812 0.0182292 0.0218750
0 0.5130208 0.4531250 0.0291667 0.0250000
1 0.7671875 0.4910156 0.0333333 0.0257812
3 0.6796875 0.3132813 0.0260417 0.0250000
2 0.2591146 0.4316406 0.0276042 0.0257812
3 0.5833333 0.1347656 0.0229167 0.0414062
3 0.5315104 0.2949219 0.0265625 0.0257812
0 0.5343750 0.8832031 0.0260417 0.0335937
1 0.3440104 0.4691406 0.0328125 0.0289063
11 0.5502604 0.5171875 0.0265625 0.0281250
7 0.7088542 0.4375000 0.0187500 0.0406250
7 0.2763021 0.4601562 0.0286458 0.0265625
9 0.6411458 0.3074219 0.0197917 0.0320312
10 0.4575521 0.2777344 0.0213542 0.0445313
10 0.3153646 0.4105469 0.0307292 0.0429688
9 0.7510417 0.3406250 0.0291667 0.0468750
10 0.3109375 0.2660156 0.0302083 0.0289063
10 0.3458333 0.7113281 0.0322917 0.0414062
9 0.6669271 0.5777344 0.0296875 0.0460938
10 0.6786458 0.5882812 0.0260417 0.0296875
7 0.5609375 0.3773437 0.0187500 0.0406250
8 0.4833333 0.7148438 0.0302083 0.0375000
11 0.7070312 0.6218750 0.0276042 0.0265625
10 0.5075521 0.9148437 0.0203125 0.0390625
