1 0.4643229 0.1335938 0.0223958 0.0250000
1 0.5601563 0.4324219 0.0234375 0.0460938
2 0.5031250 0.2718750 0.0177083 0.0265625
2 0.6572917 0.3738281 0.0281250 0.0335937
4 0.7361979 0.5722656 0.0265625 0.0273438
4 0.5127604 0.2632813 0.0276042 0.0312500
5 0.4354167 0.2261719 0.0218750 0.0304687
2 0.4059896 0.6613281 0.0296875 0.0273438
5 0.3093750 0.5800781 0.0229167 0.0414062
5 0.6367188 0.7390625 0.0276042 0.0390625
5 0.5901042 0.6984375 0.0302083 0.0234375
0 0.6317708 0.8128906 0.0302083 0.0257812
4 0.4263021 0.4703125 0.0203125 0.0421875
1 0.5783854 0.2023437 0.0140625 0.0437500
3 0.6890625 0.5906250 0.0187500 0.0312500
0 0.5838542 0.4472656 0.0218750 0.0320312
5 0.5848958 0.0183594 0.0197917 0.0367188
0 0.4135417 0.8929687 0.0250000 0.0406250
2 0.6315104 0.2425781 0.0244792 0.0398437
5 0.4674479 0.1074219 0.0203125 0.0257812
0 0.6380208 0.1507813 0.0125000 0.0484375
3 0.5500000 0.2519531 0.0322917 0.0257812
5 0.3544271 0.2644531 0.0296875 0.0242188
0 0.4763021 0.3261719 0.0171875 0.0257812
5 0.7348958 0.4343750 0.0312500 0.0218750
5 0.4085937 0.2074219 0.0182292 0.0507812
3 0.4848958 0.3468750 0.0270833 0.0296875
0 0.5505208 0.5410156 0.0270833 0.0492187
3 0.5377604 0.6339844 0.0338542 0.0257812
3 0.6893229 0.4070313 0.0192708 0.0515625
2 0.4890625 0.6480469 0.0322917 0.0320312
4 0.6893229 0.8441406 0.0203125 0.0492187
0 0.5664062 0.4921875 0.0203125 0.0312500
0 0.6606771 0.7253906 0.0255208 0.0242188
4 0.7596354 0.4164062 0.0213542 0.0468750
1 0.3739583 0.6687500 0.0187500 0.0515625
0 0.5322917 0.3265625 0.0291667 0.0265625
3 0.5869792 0.4792969 0.0343750 0.0273438
1 0.5046875 0.1800781 0.0281250 0.0242188
3 0.6906250 0.7023438 0.0322917 0.0281250
2 0.5989583 0.6648437 0.0166667 0.0390625
2 0.7127604 0.4789062 0.0317708 0.0281250
3 0.5450521 0.5906250 0.0151042 0.0437500
4 0.4781250 0.3304687 0.0281250 0.0203125
4 0.3789062 0.5996094 0.0338542 0.0320312
2 0.6138021 0.2113281 0.0317708 0.0289063
1 0.5434896 0.5644531 0.0265625 0.0273438
0 0.5408854 0.6878906 0.0328125 0.0273438
5 0.6098958 0.7496094 0.0322917 0.0320312
1 0.3736979 0.3445313 0.0317708 0.0250000
1 0.5765625 0.2863281 0.0354167 0.0273438
2 0.6408854 0.4871094 0.0328125 0.0226562
4 0.6325521 0.3867188 0.0182292 0.0437500
2 0.5502604 0.3968750 0.0255208 0.0375000
2 0.4617188 0.5875000 0.0255208 0.0484375
5 0.4536458 0.5125000 0.0187500 0.0328125
4 0.4684896 0.0640625 0.0171875 0.0281250
3 0.3098958 0.5808594 0.0197917 0.0398437
1 0.6067708 0.5492187 0.0291667 0.0218750
0 0.3299479 0.4363281 0.0182292 0.0492187
0 0.5005208 0.7742187 0.0312500 0.0281250
4 0.6674479 0.6640625 0.0265625 0.0234375
5 0.3947917 0.3031250 0.0156250 0.0500000
0 0.3757813 0.3785156 0.0140625 0.0242188
0 0.3651042 0.4335938 0.0166667 0.0328125
0 0.7153646 0.4507813 0.0296875 0.0250000
3 0.7127604 0.5332031 0.0203125 0.0273438
4 0.4859375 0.0894531 0.0177083 0.0382813
2 0.5643229 0.6480469 0.0182292 0.0273438
4 0.5187500 0.5402344 0.0333333 0.0210938
2 0.5598958 0.8425781 0.0250000 0.0429688
4 0.6726562 0.2140625 0.0296875 0.0203125
5 0.2744792 0.4992187 0.0343750 0.0234375
10 0.6817708 0.5441406 0.0260417 0.0414062
6 0.5096354 0.7015625 0.0234375 0.0421875
9 0.6661458 0.4843750 0.0208333 0.0468750
