4 0.6005208 0.5343750 0.0270833 0.0562500
1 0.2677083 0.4355469 0.0625000 0.0539063
2 0.4554687 0.7320313 0.0390625 0.0531250
0 0.5768229 0.3074219 0.0369792 0.0867187
0 0.6278646 0.3683594 0.0265625 0.0929688
1 0.3539062 0.7464844 0.0588542 0.0414062
0 0.4807292 0.6242188 0.0270833 0.0625000
2 0.4020833 0.1566406 0.0291667 0.0445313
4 0.6315104 0.6164063 0.0473958 0.0718750
2 0.3979167 0.2457031 0.0479167 0.0476562
5 0.5046875 0.2937500 0.0635417 0.0656250
2 0.7187500 0.5367188 0.0635417 0.0468750
0 0.6161458 0.4632812 0.0562500 0.0375000
4 0.4549479 0.6230469 0.0442708 0.0679687
0 0.6091146 0.5484375 0.0609375 0.0484375
1 0.5705729 0.1937500 0.0473958 0.0609375
3 0.7385417 0.3808594 0.0250000 0.0695313
0 0.3343750 0.4316406 0.0552083 0.0507812
4 0.6221354 0.3722656 0.0640625 0.0367188
5 0.5828125 0.7332031 0.0343750 0.0929688
1 0.3838542 0.4902344 0.0593750 0.0445313
2 0.5510417 0.5664062 0.0666667 0.0546875
5 0.5255208 0.4382813 0.0364583 0.0718750
2 0.6466146 0.4000000 0.0432292 0.0515625
5 0.5664062 0.4082031 0.0453125 0.0742188
1 0.4911458 0.6722656 0.0447917 0.0492187
4 0.3851562 0.3234375 0.0307292 0.0796875
2 0.3572917 0.7781250 0.0343750 0.0859375
1 0.5804687 0.3785156 0.0609375 0.0414062
3 0.4315104 0.5425781 0.0380208 0.0429688
1 0.5406250 0.4773438 0.0427083 0.0531250
4 0.6828125 0.6179687 0.0291667 0.0921875
0 0.3473958 0.2800781 0.0364583 0.0507812
2 0.5388021 0.4628906 0.0494792 0.0789062
4 0.4669271 0.7113281 0.0484375 0.0664062
2 0.3072917 0.6296875 0.0489583 0.0468750
1 0.3179688 0.1777344 0.0640625 0.0414062
3 0.5466146 0.7136719 0.0494792 0.0695313
3 0.6085938 0.4191406 0.0338542 0.0960938
5 0.2463542 0.7800781 0.0510417 0.0398437
0 0.7453125 0.3355469 0.0468750 0.0710937
0 0.6567708 0.7593750 0.0385417 0.0453125
3 0.4705729 0.0992187 0.0463542 0.0671875
4 0.3156250 0.2894531 0.0583333 0.0398437
4 0.3398438 0.6921875 0.0557292 0.0468750
1 0.4757812 0.3378906 0.0307292 0.0851563
1 0.4429688 0.7371094 0.0598958 0.0460938
2 0.5630208 0.3835938 0.0552083 0.0562500
0 0.7197917 0.5652344 0.0416667 0.0601563
4 0.5726562 0.2445313 0.0307292 0.0625000
2 0.6736979 0.6398438 0.0557292 0.0484375
2 0.5250000 0.5894531 0.0479167 0.0445313
3 0.5750000 0.2039063 0.0531250 0.0562500
0 0.5674479 0.2960937 0.0588542 0.0421875
3 0.8455729 0.4843750 0.0557292 0.0609375
3 0.4861979 0.6437500 0.0296875 0.0781250
5 0.6302083 0.3710938 0.0604167 0.0562500
9 0.3380208 0.1675781 0.0593750 0.0632812
6 0.6723958 0.6378906 0.0552083 0.0554687
10 0.3458333 0.7921875 0.0364583 0.0843750
6 0.6031250 0.4363281 0.0520833 0.0523438
6 0.5557292 0.5988281 0.0583333 0.0820312
9 0.6765625 0.6125000 0.0552083 0.0640625
7 0.6945313 0.1488281 0.0432292 0.0898438
10 0.3986979 0.8304687 0.0567708 0.0546875
7 0.6695313 0.6601562 0.0588542 0.0640625
8 0.5468750 0.3507812 0.0593750 0.0656250
6 0.5260417 0.7660156 0.0562500 0.0804688
10 0.4703125 0.1449219 0.0385417 0.0898438
