1 0.4552083 0.3464844 0.0145833 0.0210938
1 0.3286458 0.4617188 0.0250000 0.0171875
1 0.3994792 0.8105469 0.0135417 0.0351562
4 0.6234375 0.3871094 0.0156250 0.0242188
4 0.5078125 0.3750000 0.0114583 0.0187500
1 0.3804688 0.1550781 0.0151042 0.0242188
3 0.6625000 0.4269531 0.0250000 0.0195312
2 0.3981771 0.7476563 0.0192708 0.0328125
0 0.3898437 0.3804688 0.0151042 0.0140625
5 0.6679688 0.5667969 0.0265625 0.0210938
0 0.3427083 0.3417969 0.0145833 0.0179687
5 0.2820313 0.3925781 0.0223958 0.0195312
3 0.6049479 0.4128906 0.0203125 0.0195312
3 0.3291667 0.5941406 0.0125000 0.0195312
4 0.4570312 0.2628906 0.0151042 0.0195312
4 0.6221354 0.1429688 0.0244792 0.0171875
2 0.5859375 0.5808594 0.0250000 0.0195312
2 0.5914063 0.1972656 0.0151042 0.0367188
3 0.6140625 0.7218750 0.0250000 0.0187500
4 0.5268229 0.8742188 0.0109375 0.0234375
0 0.4601562 0.3773437 0.0140625 0.0234375
4 0.5187500 0.4304688 0.0135417 0.0328125
4 0.3575521 0.7015625 0.0182292 0.0234375
0 0.4919271 0.8847656 0.0130208 0.0164063
4 0.3822917 0.4308594 0.0135417 0.0289063
5 0.5528646 0.1687500 0.0244792 0.0171875
1 0.6445312 0.2453125 0.0213542 0.0296875
2 0.5539063 0.1382812 0.0151042 0.0359375
2 0.2916667 0.3656250 0.0114583 0.0375000
1 0.4817708 0.5183594 0.0135417 0.0164063
11 0.2997396 0.5046875 0.0223958 0.0312500
8 0.5093750 0.2660156 0.0218750 0.0273438
