4 0.3656250 0.7046875 0.0145833 0.0187500
4 0.4578125 0.6312500 0.0166667 0.0421875
1 0.5054688 0.0136719 0.0213542 0.0273438
0 0.4841146 0.2292969 0.0140625 0.0320312
3 0.6723958 0.5062500 0.0197917 0.0343750
2 0.7861979 0.4613281 0.0171875 0.0382813
5 0.6375000 0.2558594 0.0270833 0.0226562
3 0.3976562 0.4027344 0.0119792 0.0414062
0 0.5054688 0.7574219 0.0119792 0.0304687
2 0.5643229 0.6664062 0.0171875 0.0218750
0 0.4815104 0.6101562 0.0192708 0.0359375
0 0.6044271 0.4660156 0.0213542 0.0304687
0 0.5343750 0.2652344 0.0260417 0.0179687
3 0.7179688 0.5808594 0.0223958 0.0335937
1 0.5401042 0.8191406 0.0177083 0.0382813
1 0.6049479 0.5539063 0.0109375 0.0265625
1 0.3479167 0.8898438 0.0197917 0.0390625
1 0.3273437 0.6472656 0.0161458 0.0195312
4 0.5671875 0.5019531 0.0281250 0.0210938
0 0.3140625 0.6058594 0.0281250 0.0289063
1 0.4187500 0.4636719 0.0208333 0.0210938
3 0.7510417 0.6488281 0.0270833 0.0273438
0 0.4617188 0.6398438 0.0171875 0.0234375
1 0.6153646 0.1667969 0.0161458 0.0398437
5 0.5968750 0.5691406 0.0156250 0.0304687
1 0.5924479 0.2273438 0.0296875 0.0203125
1 0.7312500 0.5761719 0.0187500 0.0289063
5 0.6468750 0.5125000 0.0291667 0.0250000
5 0.5921875 0.6742187 0.0218750 0.0359375
3 0.7018229 0.4707031 0.0286458 0.0179687
2 0.5005208 0.3714844 0.0260417 0.0226562
4 0.4385417 0.1460937 0.0281250 0.0187500
4 0.4861979 0.4535156 0.0151042 0.0304687
2 0.4484375 0.3972656 0.0291667 0.0242188
3 0.5736979 0.4332031 0.0255208 0.0351562
7 0.6122396 0.2339844 0.0255208 0.0289063
10 0.6226563 0.2367188 0.0255208 0.0359375
10 0.5619792 0.5402344 0.0270833 0.0273438
7 0.4700521 0.3921875 0.0203125 0.0375000
9 0.7354167 0.6050781 0.0260417 0.0257812
9 0.4716146 0.5468750 0.0286458 0.0281250
7 0.5020833 0.8058594 0.0260417 0.0273438
