1 0.5966146 0.3429687 0.0723958 0.1062500
0 0.3278646 0.8265625 0.0911458 0.1937500
0 0.4372396 0.2304688 0.1421875 0.1093750
4 0.4085937 0.9535156 0.0901042 0.0914062
1 0.5846354 0.1128906 0.1390625 0.0960938
5 0.6437500 0.4882812 0.1322917 0.1125000
5 0.4406250 0.3570313 0.1447917 0.1109375
5 0.5781250 0.8105469 0.0750000 0.1882813
5 0.5760417 0.3601563 0.1031250 0.0890625
4 0.6669271 0.6257812 0.1161458 0.0718750
3 0.2890625 0.4855469 0.0906250 0.1132812
1 0.7151042 0.4976563 0.1125000 0.1531250
1 0.5528646 0.7906250 0.0869792 0.1296875
0 0.3927083 0.8800781 0.0979167 0.0945312
3 0.6598958 0.3101563 0.0656250 0.1156250
0 0.3002604 0.4566406 0.1223958 0.1007813
3 0.5640625 0.5683594 0.0562500 0.0851563
1 0.2554688 0.5281250 0.1151042 0.1328125
4 0.2875000 0.4113281 0.1291667 0.1351563
2 0.4333333 0.1242188 0.0562500 0.1765625
3 0.6565104 0.4609375 0.0588542 0.1812500
5 0.6614583 0.9402344 0.0791667 0.1179687
2 0.7013021 0.3113281 0.0609375 0.0820312
5 0.5296875 0.5273438 0.1166667 0.0843750
4 0.5617188 0.3230469 0.1255208 0.0882813
8 0.6414062 0.4105469 0.1109375 0.1382812
6 0.3070312 0.6613281 0.0953125 0.1132812
11 0.7440104 0.2199219 0.0973958 0.1929687
7 0.4893229 0.8757812 0.1036458 0.1609375
