5 0.5901042 0.6917969 0.0729167 0.0992187
3 0.4950521 0.7105469 0.0515625 0.1101562
2 0.6716146 0.3648438 0.0630208 0.1046875
3 0.6968750 0.7339844 0.0718750 0.0570312
0 0.7364583 0.4566406 0.0416667 0.1117188
5 0.5119792 0.2898438 0.0541667 0.1140625
5 0.5440104 0.2589844 0.0484375 0.1210938
1 0.6348958 0.7105469 0.0770833 0.0898438
0 0.5473958 0.4347656 0.0656250 0.1085938
1 0.4341146 0.8859375 0.0494792 0.1078125
0 0.4442708 0.3769531 0.0500000 0.0898438
2 0.5450521 0.4390625 0.0557292 0.0546875
2 0.5265625 0.8523437 0.0635417 0.1000000
5 0.3135417 0.2371094 0.0364583 0.0710937
3 0.6653646 0.4507813 0.0880208 0.0796875
2 0.6747396 0.4468750 0.0744792 0.0546875
4 0.4726562 0.1050781 0.0598958 0.0710937
4 0.5773438 0.5507812 0.0723958 0.0796875
5 0.6033854 0.3195312 0.0838542 0.0656250
4 0.7882813 0.3433594 0.0515625 0.0914062
4 0.2942708 0.3980469 0.0833333 0.0742188
4 0.5955729 0.4296875 0.0473958 0.0859375
1 0.4718750 0.9328125 0.0656250 0.0750000
2 0.5057292 0.5726562 0.0739583 0.0671875
4 0.3510417 0.6515625 0.0343750 0.1281250
0 0.5888021 0.4664063 0.0828125 0.0703125
5 0.4312500 0.0625000 0.0510417 0.1250000
3 0.3039062 0.4886719 0.0776042 0.0648438
4 0.6812500 0.6785156 0.0614583 0.1117188
2 0.2203125 0.6343750 0.0614583 0.0687500
0 0.5976562 0.9378906 0.0619792 0.0617188
4 0.5106771 0.8851562 0.0453125 0.0578125
7 0.3036458 0.5167969 0.0750000 0.0726563
9 0.6763021 0.3515625 0.0692708 0.0859375
6 0.4968750 0.1488281 0.0843750 0.0820312
6 0.6466146 0.4218750 0.0828125 0.1000000
9 0.6942708 0.2390625 0.0802083 0.0781250
9 0.6145833 0.2738281 0.0510417 0.1226562
8 0.3216146 0.3566406 0.0713542 0.0960938
11 0.5351562 0.7566406 0.0671875 0.1289062
6 0.7156250 0.5488281 0.0531250 0.0804688
7 0.3643229 0.4640625 0.0796875 0.0890625
8 0.6411458 0.4578125 0.0645833 0.1125000
