3 0.5822917 0.2859375 0.0916667 0.0640625
2 0.4281250 0.5554687 0.0968750 0.0656250
5 0.6380208 0.0851563 0.0812500 0.0609375
1 0.5460938 0.7707031 0.0567708 0.0914062
1 0.6679688 0.6964844 0.0973958 0.0695313
2 0.2354167 0.4281250 0.0718750 0.1234375
1 0.6450521 0.6332031 0.0578125 0.0601563
0 0.3703125 0.6339844 0.0885417 0.0601563
3 0.6934896 0.4484375 0.0640625 0.0796875
5 0.3658854 0.4992187 0.1026042 0.0671875
1 0.7182292 0.3960938 0.0833333 0.0718750
4 0.4291667 0.1847656 0.0635417 0.1335938
0 0.3658854 0.7054687 0.0515625 0.0687500
1 0.5888021 0.5570312 0.0692708 0.0828125
3 0.5632812 0.2308594 0.0713542 0.0789062
3 0.3085938 0.1531250 0.0911458 0.0593750
4 0.3619792 0.8894531 0.0718750 0.0929688
0 0.7937500 0.5460938 0.0781250 0.0718750
1 0.7458333 0.2929688 0.0979167 0.0625000
3 0.4781250 0.7035156 0.0614583 0.1367188
3 0.6411458 0.8179688 0.0958333 0.0671875
5 0.4947917 0.4066406 0.0468750 0.0835937
3 0.6341146 0.8617187 0.0526042 0.1250000
4 0.3750000 0.5347656 0.0916667 0.0679687
4 0.5565104 0.2246094 0.0859375 0.0648438
5 0.4721354 0.2605469 0.0661458 0.0710937
5 0.3382812 0.1265625 0.0921875 0.0609375
2 0.3911458 0.6433594 0.0572917 0.1414063
4 0.6289062 0.4203125 0.0463542 0.1359375
1 0.8166667 0.7113281 0.0781250 0.0820312
2 0.4356771 0.4429688 0.0838542 0.0734375
0 0.4893229 0.8496094 0.0890625 0.0570312
2 0.5651042 0.1921875 0.0937500 0.0656250
0 0.4567708 0.4804688 0.0677083 0.0609375
0 0.3750000 0.0976562 0.0854167 0.0625000
4 0.4820313 0.3199219 0.0901042 0.0898438
2 0.6851563 0.7707031 0.0921875 0.0726563
4 0.5231771 0.2636719 0.0734375 0.0492187
2 0.3729167 0.4406250 0.0916667 0.0796875
2 0.7424479 0.7105469 0.0484375 0.1054688
2 0.4552083 0.2656250 0.0822917 0.0796875
4 0.4604167 0.6121094 0.0635417 0.0867187
3 0.5226563 0.2605469 0.0609375 0.0914062
2 0.3864583 0.7269531 0.0604167 0.1101562
5 0.6617188 0.2339844 0.0734375 0.1164063
6 0.5328125 0.5078125 0.0510417 0.0781250
9 0.6614583 0.7195312 0.0583333 0.0968750
8 0.4390625 0.0515625 0.0593750 0.1031250
11 0.5109375 0.2042969 0.0729167 0.1320312
11 0.2825521 0.3246094 0.0536458 0.1085938
8 0.4351563 0.7617188 0.0671875 0.1109375
7 0.6328125 0.5707031 0.0510417 0.1179687
8 0.7648438 0.3199219 0.0911458 0.0867187
8 0.5369792 0.2496094 0.0625000 0.1289062
8 0.3916667 0.7046875 0.0760417 0.0875000
11 0.1656250 0.4273438 0.0895833 0.0843750
6 0.4625000 0.6757812 0.0614583 0.1218750
6 0.3895833 0.4507813 0.0656250 0.1109375
7 0.6565104 0.4574219 0.0755208 0.1335938
6 0.6145833 0.3285156 0.0781250 0.0789062
8 0.2981771 0.6070313 0.0838542 0.1203125
10 0.6317708 0.7117187 0.0708333 0.1171875
9 0.5406250 0.0878906 0.0583333 0.1289062
8 0.5484375 0.6882812 0.0875000 0.0875000
7 0.4000000 0.3839844 0.0760417 0.1117188
