0 0.4828125 0.8140625 0.0270833 0.0390625
0 0.4515625 0.5070313 0.0250000 0.0218750
3 0.6192708 0.9003906 0.0208333 0.0398437
4 0.6187500 0.5023437 0.0291667 0.0265625
1 0.4911458 0.2781250 0.0291667 0.0218750
4 0.3312500 0.5511719 0.0177083 0.0367188
0 0.5424479 0.7214844 0.0328125 0.0226562
5 0.4445312 0.4699219 0.0223958 0.0382813
1 0.6950521 0.7007813 0.0203125 0.0250000
4 0.4986979 0.9316406 0.0255208 0.0289063
4 0.5278646 0.3566406 0.0255208 0.0335937
1 0.4257812 0.1781250 0.0307292 0.0187500
4 0.6322917 0.8609375 0.0291667 0.0234375
4 0.5872396 0.4316406 0.0161458 0.0367188
5 0.6184896 0.5992188 0.0213542 0.0265625
5 0.3427083 0.3000000 0.0177083 0.0468750
5 0.4210937 0.6089844 0.0171875 0.0242188
0 0.6000000 0.4140625 0.0156250 0.0265625
4 0.3380208 0.6429687 0.0135417 0.0171875
1 0.3223958 0.3097656 0.0145833 0.0210938
3 0.5770833 0.6566406 0.0281250 0.0242188
0 0.6364583 0.4035156 0.0312500 0.0273438
1 0.5703125 0.3519531 0.0343750 0.0273438
2 0.5776042 0.4871094 0.0250000 0.0242188
2 0.6210938 0.4925781 0.0276042 0.0304687
4 0.5078125 0.4234375 0.0156250 0.0390625
1 0.7489583 0.3832031 0.0250000 0.0242188
1 0.6885417 0.5738281 0.0218750 0.0398437
3 0.2531250 0.6195312 0.0312500 0.0265625
4 0.6427083 0.2265625 0.0281250 0.0296875
0 0.6609375 0.4265625 0.0291667 0.0218750
3 0.3770833 0.4328125 0.0197917 0.0234375
2 0.4851563 0.0472656 0.0182292 0.0445313
2 0.5351562 0.6503906 0.0171875 0.0195312
3 0.3065104 0.6738281 0.0317708 0.0210938
5 0.4182292 0.1453125 0.0218750 0.0437500
1 0.3510417 0.4832031 0.0333333 0.0320312
2 0.6661458 0.2386719 0.0156250 0.0273438
4 0.3231771 0.4691406 0.0338542 0.0257812
1 0.7005208 0.3839844 0.0343750 0.0210938
1 0.5054688 0.8503906 0.0276042 0.0195312
4 0.5296875 0.3148437 0.0270833 0.0359375
1 0.2716146 0.4234375 0.0317708 0.0281250
0 0.6796875 0.4531250 0.0239583 0.0203125
0 0.6273437 0.7089844 0.0223958 0.0414062
5 0.4427083 0.7656250 0.0145833 0.0359375
3 0.6739583 0.4847656 0.0208333 0.0398437
0 0.6346354 0.1804688 0.0203125 0.0500000
1 0.5083333 0.5953125 0.0229167 0.0390625
4 0.6190104 0.7234375 0.0203125 0.0234375
0 0.6661458 0.5722656 0.0302083 0.0320312
0 0.7153646 0.4828125 0.0317708 0.0234375
8 0.4825521 0.2496094 0.0244792 0.0414062
10 0.6335937 0.8882813 0.0192708 0.0453125
6 0.5731771 0.2320312 0.0296875 0.0296875
10 0.6963542 0.7578125 0.0270833 0.0312500
7 0.2575521 0.3707031 0.0276042 0.0257812
10 0.4700521 0.5031250 0.0276042 0.0406250
8 0.6734375 0.6343750 0.0239583 0.0468750
10 0.7369792 0.3523438 0.0302083 0.0296875
9 0.5234375 0.4839844 0.0302083 0.0304687
7 0.6976562 0.3121094 0.0234375 0.0445313
11 0.3716146 0.8875000 0.0203125 0.0468750
10 0.4145833 0.2359375 0.0177083 0.0296875
10 0.6059896 0.2976563 0.0296875 0.0296875
11 0.5434896 0.5941406 0.0223958 0.0382813
10 0.6859375 0.3093750 0.0260417 0.0390625
7 0.6502604 0.7417969 0.0307292 0.0335937
10 0.6195312 0.6906250 0.0286458 0.0281250
7 0.4677083 0.3937500 0.0281250 0.0312500
8 0.4169271 0.2660156 0.0286458 0.0304687
8 0.7106771 0.6527344 0.0192708 0.0429688
