1 0.6221354 0.4000000 0.0328125 0.0500000
2 0.6268229 0.6941406 0.0546875 0.0335937
3 0.3369792 0.3800781 0.0458333 0.0742188
0 0.3106771 0.4550781 0.0348958 0.0445313
0 0.5539063 0.2531250 0.0359375 0.0421875
5 0.7143229 0.5589844 0.0588542 0.0460938
5 0.4656250 0.7265625 0.0562500 0.0375000
4 0.4325521 0.3351562 0.0276042 0.0890625
5 0.7429687 0.3738281 0.0359375 0.0476562
3 0.5195312 0.4460938 0.0348958 0.0875000
3 0.4559896 0.4242187 0.0328125 0.0875000
4 0.5312500 0.4187500 0.0531250 0.0406250
4 0.7898437 0.2714844 0.0296875 0.0882813
2 0.5885417 0.7074219 0.0385417 0.0601563
5 0.4096354 0.8718750 0.0317708 0.0437500
1 0.6875000 0.7132812 0.0572917 0.0437500
1 0.6570312 0.6371094 0.0515625 0.0429688
2 0.2945313 0.3976562 0.0546875 0.0328125
7 0.6260417 0.2234375 0.0500000 0.0750000
7 0.3768229 0.7183594 0.0390625 0.0789062
