2 0.4187500 0.3667969 0.0197917 0.0179687
4 0.6429687 0.6359375 0.0182292 0.0453125
0 0.5299479 0.7425781 0.0192708 0.0367188
2 0.3669271 0.2726562 0.0317708 0.0250000
1 0.6411458 0.6046875 0.0260417 0.0187500
1 0.5729167 0.2460938 0.0291667 0.0218750
3 0.4286458 0.3914063 0.0281250 0.0250000
5 0.5234375 0.5843750 0.0156250 0.0312500
5 0.7114583 0.6789063 0.0322917 0.0250000
2 0.2653646 0.4789062 0.0276042 0.0203125
3 0.4192708 0.1691406 0.0281250 0.0210938
4 0.6046875 0.7613281 0.0281250 0.0226562
0 0.4190104 0.4218750 0.0286458 0.0250000
4 0.6768229 0.4355469 0.0276042 0.0226562
1 0.3484375 0.6851563 0.0312500 0.0218750
3 0.6932292 0.4464844 0.0229167 0.0382813
0 0.6406250 0.1515625 0.0166667 0.0421875
2 0.5671875 0.4394531 0.0291667 0.0195312
1 0.3958333 0.3121094 0.0208333 0.0320312
3 0.6947917 0.7480469 0.0291667 0.0304687
5 0.3648438 0.6125000 0.0140625 0.0203125
3 0.4190104 0.5609375 0.0307292 0.0218750
4 0.6518229 0.6804687 0.0192708 0.0265625
1 0.5226563 0.4777344 0.0151042 0.0242188
4 0.4377604 0.7507812 0.0161458 0.0187500
1 0.3666667 0.7332031 0.0177083 0.0257812
4 0.6869792 0.4539063 0.0135417 0.0437500
1 0.7177083 0.4804688 0.0291667 0.0250000
4 0.6903646 0.5093750 0.0317708 0.0265625
0 0.6398438 0.2496094 0.0286458 0.0179687
3 0.3364583 0.4585938 0.0145833 0.0437500
5 0.6333333 0.5089844 0.0270833 0.0195312
2 0.4380208 0.2585938 0.0239583 0.0218750
5 0.3942708 0.5605469 0.0166667 0.0429688
5 0.4281250 0.2535156 0.0177083 0.0445313
5 0.5856771 0.4812500 0.0296875 0.0281250
3 0.7414063 0.6585937 0.0296875 0.0234375
4 0.7164063 0.7800781 0.0265625 0.0195312
0 0.3416667 0.5261719 0.0197917 0.0351562
5 0.5229167 0.8160156 0.0187500 0.0414062
4 0.5796875 0.8656250 0.0270833 0.0281250
2 0.5395833 0.7527344 0.0187500 0.0414062
3 0.5088542 0.3480469 0.0291667 0.0179687
1 0.6234375 0.5734375 0.0114583 0.0203125
1 0.3513021 0.8207031 0.0296875 0.0210938
5 0.4700521 0.1054688 0.0161458 0.0218750
3 0.6895833 0.6824219 0.0156250 0.0429688
1 0.5403646 0.6390625 0.0286458 0.0218750
3 0.3247396 0.2945313 0.0171875 0.0312500
0 0.6820312 0.6394531 0.0244792 0.0335937
1 0.6372396 0.4667969 0.0296875 0.0226562
5 0.4294271 0.2941406 0.0192708 0.0367188
2 0.4583333 0.6046875 0.0177083 0.0265625
0 0.5731771 0.5468750 0.0265625 0.0265625
4 0.5611979 0.4468750 0.0307292 0.0250000
3 0.4328125 0.3820312 0.0177083 0.0250000
3 0.6403646 0.3492188 0.0213542 0.0234375
5 0.2369792 0.5152344 0.0197917 0.0429688
1 0.2919271 0.6132812 0.0286458 0.0250000
1 0.3315104 0.3980469 0.0161458 0.0382813
4 0.4950521 0.7023438 0.0223958 0.0234375
3 0.5010417 0.8281250 0.0218750 0.0390625
2 0.5523438 0.1171875 0.0276042 0.0312500
0 0.6638021 0.5285156 0.0234375 0.0210938
2 0.5216146 0.6109375 0.0276042 0.0234375
5 0.2070312 0.5324219 0.0151042 0.0289063
3 0.6445312 0.7507812 0.0296875 0.0234375
1 0.5208333 0.5234375 0.0177083 0.0390625
2 0.6713542 0.2117188 0.0197917 0.0296875
0 0.3369792 0.2515625 0.0302083 0.0234375
8 0.5544271 0.1902344 0.0192708 0.0445313
7 0.6138021 0.2011719 0.0276042 0.0273438
10 0.5817708 0.6003906 0.0229167 0.0367188
9 0.4317708 0.7125000 0.0187500 0.0390625
10 0.4289062 0.3800781 0.0244792 0.0289063
10 0.6455729 0.2023437 0.0203125 0.0312500
10 0.5817708 0.3000000 0.0270833 0.0296875
9 0.5348958 0.6343750 0.0187500 0.0437500
9 0.6601562 0.3250000 0.0244792 0.0281250
6 0.5158854 0.3062500 0.0192708 0.0406250
