2 0.5760417 0.9312500 0.1187500 0.1359375
0 0.4674479 0.1042969 0.0848958 0.2085937
0 0.2807292 0.4937500 0.1531250 0.1343750
5 0.6361979 0.4515625 0.1494792 0.1578125
5 0.5526042 0.4617188 0.1083333 0.2000000
2 0.5963542 0.4867187 0.0625000 0.1187500
3 0.3575521 0.6828125 0.0796875 0.1390625
0 0.3679688 0.6066406 0.1421875 0.1601562
2 0.4622396 0.2570312 0.1119792 0.1531250
0 0.3841146 0.4335938 0.0765625 0.1515625
5 0.7164063 0.6097656 0.1567708 0.1445312
3 0.5692708 0.4656250 0.0791667 0.1218750
1 0.5385417 0.3664062 0.0729167 0.1156250
0 0.6429687 0.3039062 0.1651042 0.1812500
1 0.5484375 0.1027344 0.1520833 0.1945312
2 0.5903646 0.6796875 0.1765625 0.1734375
5 0.6135417 0.3898437 0.0885417 0.1687500
3 0.6440104 0.3253906 0.1578125 0.1226562
1 0.4479167 0.4347656 0.1062500 0.1476562
4 0.6265625 0.4062500 0.1250000 0.1578125
2 0.4984375 0.4187500 0.0875000 0.1218750
5 0.8210937 0.6738281 0.1859375 0.1507813
4 0.1937500 0.4195313 0.1239583 0.1515625
3 0.3596354 0.2019531 0.1796875 0.1226562
5 0.5085937 0.5761719 0.1661458 0.1398437
5 0.7809896 0.5207031 0.1338542 0.1695312
4 0.3367188 0.9210938 0.1755208 0.1265625
0 0.4539063 0.1511719 0.1213542 0.2289063
2 0.6890625 0.3320312 0.1114583 0.2156250
5 0.6296875 0.4359375 0.1343750 0.1859375
0 0.7223958 0.4128906 0.0864583 0.2429688
2 0.3617187 0.2710938 0.0828125 0.2515625
4 0.4770833 0.6933594 0.1677083 0.1335938
5 0.3901042 0.4722656 0.1677083 0.1226562
4 0.4513021 0.2203125 0.1578125 0.1562500
1 0.4812500 0.3441406 0.1291667 0.1257813
5 0.3804688 0.8472656 0.0723958 0.1539062
3 0.3695312 0.6410156 0.1328125 0.1132812
4 0.6473958 0.5101562 0.0729167 0.1296875
3 0.4635417 0.5066406 0.1666667 0.1757812
3 0.4484375 0.5792969 0.1322917 0.1664063
0 0.6338542 0.3136719 0.1854167 0.1367188
5 0.5130208 0.6101562 0.0958333 0.1625000
4 0.6515625 0.8425781 0.1395833 0.1789062
0 0.7216146 0.7000000 0.1515625 0.1156250
4 0.6328125 0.8503906 0.1510417 0.1460937
2 0.6216146 0.2796875 0.0921875 0.1796875
2 0.1489583 0.7132812 0.1302083 0.1796875
2 0.5473958 0.8976563 0.0989583 0.2031250
1 0.5789062 0.3457031 0.0796875 0.2460938
2 0.4638021 0.2359375 0.1067708 0.1484375
2 0.4528646 0.5898438 0.1307292 0.2046875
0 0.6328125 0.5039062 0.1520833 0.1062500
1 0.7010417 0.5445313 0.1437500 0.2031250
5 0.5143229 0.2675781 0.1682292 0.1851562
1 0.5473958 0.6789063 0.1104167 0.1234375
1 0.6695313 0.2648437 0.0838542 0.1875000
4 0.7981771 0.4031250 0.1401042 0.2312500
3 0.6528646 0.2339844 0.0911458 0.2335937
1 0.5963542 0.6746094 0.0843750 0.2414062
5 0.4825521 0.5722656 0.1588542 0.1789062
1 0.5979167 0.8242188 0.1343750 0.1656250
2 0.3341146 0.4031250 0.1817708 0.1281250
5 0.5111979 0.8058594 0.1421875 0.1945312
2 0.4960938 0.5886719 0.1317708 0.1179687
1 0.8989583 0.6410156 0.1437500 0.1476562
0 0.2893229 0.5218750 0.1723958 0.1312500
5 0.3471354 0.3519531 0.1494792 0.1023437
5 0.7848958 0.5960937 0.1687500 0.1656250
3 0.2445313 0.2964844 0.1536458 0.1320312
2 0.3927083 0.7371094 0.0802083 0.1882813
2 0.2208333 0.5769531 0.1718750 0.1429688
2 0.6919271 0.4511719 0.0994792 0.1507813
6 0.5351562 0.7089844 0.1140625 0.2679687
7 0.6424479 0.4468750 0.1442708 0.1453125
11 0.6971354 0.6941406 0.1348958 0.2320312
11 0.5984375 0.5535156 0.1468750 0.1757812
7 0.5255208 0.2476562 0.1531250 0.2187500
6 0.7505208 0.1011719 0.1572917 0.2023437
9 0.6106771 0.3773437 0.1828125 0.2218750
7 0.6437500 0.3574219 0.1281250 0.1492188
11 0.5223958 0.8210937 0.1635417 0.2203125
11 0.6869792 0.0832031 0.1697917 0.1664063
7 0.6763021 0.4261719 0.1151042 0.2117188
11 0.3958333 0.5535156 0.1208333 0.1570313
8 0.7377604 0.5855469 0.1505208 0.1507813
6 0.6997396 0.5121094 0.1713542 0.2054688
6 0.7119792 0.5246094 0.1552083 0.1710937
11 0.6820312 0.3820312 0.1526042 0.1968750
11 0.8138021 0.6679688 0.1546875 0.1687500
7 0.6067708 0.3542969 0.1072917 0.1773437
