5 0.4486979 0.7480469 0.0171875 0.0304687
4 0.2916667 0.6382813 0.0197917 0.0187500
0 0.6406250 0.3140625 0.0250000 0.0343750
5 0.4476562 0.3023438 0.0296875 0.0250000
3 0.4382813 0.6027344 0.0234375 0.0273438
0 0.5695313 0.8726563 0.0130208 0.0234375
0 0.6250000 0.5046875 0.0177083 0.0218750
3 0.6294271 0.5480469 0.0244792 0.0257812
1 0.5268229 0.2511719 0.0119792 0.0242188
4 0.7007813 0.5406250 0.0296875 0.0218750
1 0.4552083 0.2976563 0.0291667 0.0203125
1 0.6317708 0.5105469 0.0197917 0.0320312
3 0.5807292 0.2898438 0.0239583 0.0265625
5 0.2760417 0.4507813 0.0281250 0.0203125
2 0.6742187 0.0933594 0.0276042 0.0242188
4 0.6880208 0.7878906 0.0291667 0.0226562
0 0.4942708 0.8605469 0.0250000 0.0226562
7 0.6127604 0.8957031 0.0255208 0.0289063
6 0.5059896 0.6410156 0.0244792 0.0414062
10 0.6591146 0.3597656 0.0255208 0.0257812
9 0.5885417 0.3871094 0.0197917 0.0367188
7 0.3255208 0.3449219 0.0177083 0.0351562
7 0.4281250 0.4742188 0.0177083 0.0312500
7 0.4773438 0.4785156 0.0255208 0.0304687
7 0.6369792 0.2972656 0.0177083 0.0398437
8 0.4179688 0.3898437 0.0244792 0.0234375
7 0.5632812 0.7726563 0.0171875 0.0390625
9 0.7268229 0.4250000 0.0265625 0.0390625
9 0.2893229 0.5281250 0.0244792 0.0375000
6 0.3596354 0.6343750 0.0255208 0.0296875
11 0.3234375 0.5199219 0.0166667 0.0273438
6 0.4049479 0.1222656 0.0182292 0.0398437
8 0.6963542 0.5218750 0.0260417 0.0265625
6 0.5307292 0.6320313 0.0250000 0.0375000
10 0.5369792 0.5378906 0.0166667 0.0351562
10 0.5789062 0.5101562 0.0244792 0.0250000
