2 0.4622396 0.3898437 0.0203125 0.0593750
5 0.2934896 0.7597656 0.0421875 0.0304687
3 0.5726562 0.5667969 0.0411458 0.0289063
1 0.3276042 0.5984375 0.0437500 0.0343750
0 0.3372396 0.7597656 0.0213542 0.0539063
1 0.4273438 0.5695313 0.0234375 0.0328125
0 0.6156250 0.6988281 0.0447917 0.0320312
0 0.3664062 0.5148438 0.0286458 0.0250000
0 0.3825521 0.2980469 0.0255208 0.0335937
2 0.5736979 0.8621094 0.0307292 0.0585938
5 0.3908854 0.8347656 0.0244792 0.0632812
3 0.6375000 0.5121094 0.0427083 0.0460938
1 0.4268229 0.5164062 0.0328125 0.0343750
0 0.3268229 0.4800781 0.0317708 0.0585938
3 0.4312500 0.7664062 0.0250000 0.0703125
2 0.6679688 0.7468750 0.0255208 0.0468750
3 0.6755208 0.6230469 0.0385417 0.0367188
0 0.3533854 0.3476562 0.0203125 0.0484375
1 0.5684896 0.8324219 0.0203125 0.0679687
1 0.5890625 0.7664062 0.0437500 0.0312500
3 0.5265625 0.4375000 0.0416667 0.0296875
0 0.2963542 0.8925781 0.0218750 0.0632812
2 0.3234375 0.7320313 0.0406250 0.0281250
4 0.4273438 0.2925781 0.0223958 0.0289063
4 0.5002604 0.2558594 0.0307292 0.0476562
2 0.5497396 0.2109375 0.0411458 0.0265625
5 0.6268229 0.6683594 0.0401042 0.0273438
2 0.6419271 0.3941406 0.0453125 0.0320312
1 0.3731771 0.2105469 0.0421875 0.0335937
3 0.4611979 0.3535156 0.0411458 0.0257812
0 0.4885417 0.7812500 0.0395833 0.0406250
3 0.4093750 0.6351562 0.0406250 0.0281250
2 0.7736979 0.4289062 0.0380208 0.0375000
1 0.4023438 0.4933594 0.0328125 0.0382813
1 0.5283854 0.3175781 0.0213542 0.0257812
1 0.4674479 0.1886719 0.0390625 0.0445313
0 0.2789063 0.5539063 0.0317708 0.0390625
3 0.5625000 0.6230469 0.0322917 0.0320312
5 0.5093750 0.7753906 0.0197917 0.0648438
2 0.2989583 0.3902344 0.0197917 0.0335937
1 0.6546875 0.6210938 0.0354167 0.0265625
5 0.7328125 0.6140625 0.0218750 0.0656250
5 0.4635417 0.2148438 0.0312500 0.0359375
5 0.6554688 0.5437500 0.0234375 0.0343750
2 0.3200521 0.5972656 0.0255208 0.0507812
3 0.2476562 0.4121094 0.0348958 0.0382813
4 0.3812500 0.6652344 0.0385417 0.0335937
1 0.6541667 0.8253906 0.0427083 0.0351562
6 0.7609375 0.6277344 0.0427083 0.0429688
6 0.6023437 0.6316406 0.0432292 0.0414062
11 0.3765625 0.4527344 0.0260417 0.0507812
8 0.6036458 0.8539062 0.0375000 0.0562500
