0 0.3833333 0.4328125 0.0531250 0.0375000
4 0.6174479 0.1707031 0.0411458 0.0460938
0 0.7010417 0.7578125 0.0552083 0.0437500
5 0.3799479 0.6867188 0.0536458 0.0343750
2 0.3328125 0.2070312 0.0541667 0.0328125
5 0.5481771 0.6062500 0.0265625 0.0453125
5 0.3929687 0.5562500 0.0338542 0.0375000
3 0.4723958 0.8589844 0.0531250 0.0382813
5 0.2606771 0.6316406 0.0546875 0.0445313
5 0.4635417 0.6925781 0.0375000 0.0476562
3 0.4828125 0.6769531 0.0281250 0.0679687
4 0.2536458 0.2863281 0.0427083 0.0492187
0 0.5072917 0.4027344 0.0489583 0.0304687
1 0.6671875 0.5777344 0.0437500 0.0445313
1 0.2679687 0.7148438 0.0557292 0.0468750
2 0.5127604 0.0167969 0.0276042 0.0335937
4 0.5018229 0.2074219 0.0421875 0.0570312
1 0.6473958 0.9226562 0.0385417 0.0734375
2 0.6505208 0.7722656 0.0489583 0.0335937
1 0.3429687 0.3812500 0.0338542 0.0703125
4 0.4473958 0.3558594 0.0468750 0.0414062
0 0.6822917 0.3183594 0.0552083 0.0367188
5 0.4804688 0.8738281 0.0473958 0.0617188
1 0.7424479 0.6175781 0.0380208 0.0601563
4 0.5565104 0.8066406 0.0328125 0.0882813
1 0.6476563 0.7539062 0.0557292 0.0453125
4 0.2455729 0.4003906 0.0348958 0.0460938
4 0.2856771 0.5691406 0.0369792 0.0835937
0 0.6286458 0.7800781 0.0541667 0.0382813
4 0.2731771 0.2898438 0.0328125 0.0437500
2 0.5174479 0.4792969 0.0255208 0.0632812
0 0.7119792 0.6500000 0.0270833 0.0828125
1 0.4023438 0.1582031 0.0515625 0.0398437
4 0.4320312 0.1488281 0.0567708 0.0445313
1 0.6091146 0.4597656 0.0578125 0.0445313
0 0.3411458 0.3898437 0.0260417 0.0359375
4 0.3322917 0.6992188 0.0489583 0.0453125
5 0.3794271 0.6332031 0.0369792 0.0898438
3 0.5343750 0.4636719 0.0333333 0.0789062
4 0.3544271 0.6425781 0.0453125 0.0570312
2 0.3255208 0.4304688 0.0239583 0.0796875
1 0.5044271 0.2445313 0.0265625 0.0765625
5 0.4973958 0.4050781 0.0395833 0.0835937
4 0.5671875 0.7246094 0.0562500 0.0476562
0 0.5572917 0.6953125 0.0572917 0.0468750
4 0.5161458 0.6605469 0.0312500 0.0664062
0 0.3171875 0.4378906 0.0572917 0.0539063
3 0.4968750 0.8074219 0.0364583 0.0632812
0 0.3799479 0.8101563 0.0307292 0.0640625
3 0.5179687 0.1828125 0.0328125 0.0515625
1 0.7153646 0.4675781 0.0567708 0.0476562
4 0.4773438 0.3007812 0.0484375 0.0640625
5 0.3513021 0.5273438 0.0390625 0.0421875
5 0.6473958 0.5648437 0.0500000 0.0562500
3 0.3479167 0.1308594 0.0395833 0.0695313
5 0.5666667 0.8957031 0.0270833 0.0429688
11 0.3520833 0.2324219 0.0583333 0.0632812
8 0.4565104 0.2214844 0.0526042 0.0679687
6 0.3260417 0.2828125 0.0468750 0.0468750
11 0.3140625 0.5406250 0.0312500 0.0625000
7 0.6757812 0.3691406 0.0359375 0.0554687
