1 0.6195312 0.9144531 0.0317708 0.0273438
4 0.5713542 0.8988281 0.0239583 0.0242188
3 0.2893229 0.5339844 0.0203125 0.0398437
3 0.4479167 0.3281250 0.0197917 0.0312500
3 0.5104167 0.4632812 0.0229167 0.0296875
2 0.5820312 0.1031250 0.0223958 0.0453125
0 0.7031250 0.6570312 0.0354167 0.0234375
2 0.8359375 0.3132813 0.0354167 0.0359375
0 0.2786458 0.4578125 0.0291667 0.0343750
1 0.5531250 0.6863281 0.0197917 0.0226562
5 0.6044271 0.3242188 0.0338542 0.0265625
4 0.2882812 0.3703125 0.0130208 0.0468750
1 0.4260417 0.0613281 0.0166667 0.0414062
3 0.3635417 0.7976562 0.0229167 0.0375000
5 0.4244792 0.4625000 0.0270833 0.0312500
3 0.4906250 0.7550781 0.0333333 0.0289063
1 0.3666667 0.5156250 0.0364583 0.0250000
4 0.7239583 0.1902344 0.0260417 0.0320312
1 0.6322917 0.1851562 0.0354167 0.0281250
2 0.6218750 0.3250000 0.0260417 0.0359375
2 0.4973958 0.2019531 0.0250000 0.0414062
2 0.6908854 0.5363281 0.0338542 0.0257812
4 0.6705729 0.6511719 0.0328125 0.0320312
3 0.6768229 0.1988281 0.0192708 0.0414062
11 0.4445312 0.3605469 0.0255208 0.0320312
11 0.4533854 0.5378906 0.0317708 0.0429688
7 0.4000000 0.6027344 0.0208333 0.0398437
8 0.7437500 0.3597656 0.0322917 0.0382813
11 0.5401042 0.2765625 0.0250000 0.0500000
8 0.5236979 0.5183594 0.0296875 0.0304687
