3 0.5294271 0.4050781 0.1015625 0.0726563
4 0.4911458 0.2539062 0.0635417 0.1484375
1 0.5723958 0.5277344 0.0989583 0.1179687
1 0.4817708 0.7878906 0.0979167 0.1085938
5 0.5416667 0.2679687 0.0937500 0.1015625
3 0.5768229 0.6785156 0.1171875 0.0804688
3 0.6440104 0.8281250 0.0953125 0.1015625
2 0.3416667 0.5304688 0.0625000 0.1109375
1 0.7559896 0.7531250 0.1098958 0.0859375
0 0.4781250 0.9355469 0.0666667 0.1242188
0 0.6052083 0.2175781 0.1125000 0.0960938
4 0.3250000 0.5578125 0.0885417 0.0937500
0 0.8354167 0.6378906 0.0968750 0.0710937
3 0.4653646 0.6941406 0.0776042 0.1539062
2 0.4283854 0.4785156 0.0994792 0.1039063
5 0.4945312 0.3441406 0.0994792 0.1085938
3 0.5078125 0.3191406 0.0729167 0.1523438
2 0.7697917 0.5675781 0.1031250 0.0867187
5 0.6794271 0.4968750 0.0505208 0.1281250
5 0.6611979 0.8753906 0.0515625 0.1554687
1 0.6229167 0.4988281 0.0625000 0.1492188
4 0.5429688 0.7042969 0.0890625 0.0789062
5 0.4255208 0.3394531 0.0760417 0.0726563
0 0.5791667 0.2722656 0.0687500 0.1367188
0 0.7851562 0.7261719 0.0651042 0.0929688
1 0.5768229 0.7332031 0.1036458 0.0851563
5 0.6572917 0.6207031 0.0625000 0.0867187
0 0.4856771 0.4984375 0.0817708 0.0921875
0 0.6658854 0.6167969 0.1015625 0.1023437
2 0.4622396 0.7148438 0.0651042 0.0843750
2 0.2583333 0.6250000 0.0656250 0.1125000
1 0.7526042 0.5003906 0.0802083 0.0976562
5 0.4484375 0.4894531 0.0572917 0.1023437
5 0.5984375 0.4011719 0.1145833 0.0867187
5 0.7507812 0.1878906 0.1192708 0.0726563
4 0.5419271 0.6472656 0.0546875 0.1429688
4 0.3825521 0.3183594 0.0515625 0.1695312
4 0.6984375 0.3273437 0.0979167 0.0875000
0 0.5013021 0.5875000 0.0588542 0.0906250
4 0.5721354 0.3378906 0.1151042 0.0945312
5 0.6130208 0.4867187 0.1114583 0.0921875
5 0.6250000 0.6824219 0.1041667 0.0804688
2 0.3677083 0.8171875 0.1062500 0.1125000
4 0.5898438 0.6644531 0.1098958 0.0851563
4 0.6638021 0.3500000 0.0973958 0.0843750
3 0.5406250 0.7449219 0.0989583 0.0960938
5 0.5416667 0.5671875 0.1145833 0.0859375
4 0.6023437 0.4593750 0.1026042 0.0953125
0 0.3070312 0.6832031 0.0901042 0.1289062
3 0.2825521 0.1160156 0.0598958 0.0882813
4 0.6916667 0.5609375 0.0739583 0.1265625
0 0.5140625 0.3566406 0.0906250 0.0710937
1 0.2213542 0.3328125 0.1177083 0.0812500
2 0.7690104 0.4660156 0.0953125 0.1101562
8 0.3473958 0.1328125 0.0979167 0.0968750
8 0.3533854 0.5777344 0.0953125 0.1398437
11 0.3281250 0.3058594 0.0677083 0.1492188
10 0.7052083 0.2089844 0.1020833 0.1085938
7 0.7479167 0.2140625 0.1020833 0.1000000
9 0.4908854 0.7125000 0.1088542 0.1265625
11 0.5661458 0.5652344 0.1041667 0.1320312
11 0.5885417 0.7800781 0.0833333 0.1101562
6 0.5468750 0.8179688 0.1093750 0.1671875
8 0.5153646 0.4230469 0.0765625 0.1414063
8 0.5549479 0.6179687 0.0942708 0.1671875
7 0.5562500 0.1472656 0.1000000 0.1445312
