3 0.4802083 0.6824219 0.0239583 0.0195312
0 0.4583333 0.3964844 0.0104167 0.0195312
3 0.2367188 0.4789062 0.0255208 0.0218750
1 0.5281250 0.5363281 0.0156250 0.0320312
2 0.4182292 0.3121094 0.0156250 0.0367188
4 0.6359375 0.3875000 0.0239583 0.0171875
1 0.4937500 0.7402344 0.0229167 0.0195312
5 0.3645833 0.2062500 0.0125000 0.0375000
3 0.3895833 0.2960937 0.0250000 0.0171875
5 0.3273437 0.4410156 0.0203125 0.0304687
1 0.4513021 0.6816406 0.0130208 0.0210938
5 0.4528646 0.4039063 0.0244792 0.0187500
0 0.6888021 0.1636719 0.0119792 0.0304687
0 0.5864583 0.8027344 0.0260417 0.0164063
3 0.4768229 0.3937500 0.0203125 0.0250000
2 0.5460938 0.4765625 0.0182292 0.0359375
0 0.6302083 0.4906250 0.0270833 0.0187500
2 0.7104167 0.6410156 0.0239583 0.0304687
0 0.5468750 0.7429687 0.0156250 0.0171875
3 0.6403646 0.2937500 0.0140625 0.0187500
5 0.4632812 0.1960938 0.0182292 0.0375000
1 0.2822917 0.2496094 0.0218750 0.0273438
9 0.4812500 0.5113281 0.0187500 0.0242188
9 0.2606771 0.6406250 0.0203125 0.0343750
11 0.3671875 0.2160156 0.0260417 0.0257812
10 0.2281250 0.4175781 0.0208333 0.0351562
9 0.7276042 0.3472656 0.0229167 0.0335937
9 0.4817708 0.5351562 0.0166667 0.0234375
6 0.3541667 0.5066406 0.0260417 0.0257812
