3 0.5067708 0.2187500 0.0385417 0.0484375
2 0.5578125 0.4792969 0.0343750 0.0507812
5 0.5208333 0.5695313 0.0479167 0.0390625
4 0.6591146 0.4328125 0.0380208 0.0562500
5 0.6260417 0.8195313 0.0364583 0.0312500
5 0.4619792 0.4832031 0.0395833 0.0414062
0 0.4333333 0.1089844 0.0375000 0.0523438
1 0.4583333 0.3640625 0.0375000 0.0625000
3 0.4479167 0.4843750 0.0312500 0.0843750
3 0.4085937 0.4714844 0.0276042 0.0398437
5 0.3794271 0.5992188 0.0505208 0.0390625
5 0.4231771 0.4964844 0.0223958 0.0460938
2 0.6059896 0.5402344 0.0463542 0.0492187
4 0.3403646 0.6070313 0.0328125 0.0703125
3 0.4583333 0.7269531 0.0291667 0.0476562
3 0.5695313 0.6578125 0.0515625 0.0390625
4 0.3348958 0.7796875 0.0250000 0.0406250
4 0.5091146 0.3687500 0.0234375 0.0718750
4 0.4789062 0.5421875 0.0494792 0.0531250
0 0.2630208 0.2636719 0.0385417 0.0351562
0 0.5643229 0.7843750 0.0369792 0.0468750
8 0.3307292 0.7937500 0.0489583 0.0546875
11 0.5265625 0.6136719 0.0468750 0.0492187
11 0.5190104 0.6117187 0.0411458 0.0531250
10 0.6036458 0.5312500 0.0437500 0.0437500
6 0.5414062 0.3375000 0.0526042 0.0515625
6 0.6919271 0.8292969 0.0328125 0.0476562
11 0.6411458 0.2753906 0.0447917 0.0476562
6 0.6502604 0.3570313 0.0505208 0.0500000
6 0.3697917 0.3515625 0.0322917 0.0687500
6 0.5473958 0.3839844 0.0385417 0.0742188
7 0.3760417 0.5542969 0.0333333 0.0789062
7 0.4700521 0.7859375 0.0369792 0.0734375
10 0.5750000 0.6589844 0.0312500 0.0617188
8 0.4934896 0.4234375 0.0390625 0.0656250
10 0.3210938 0.5992188 0.0317708 0.0734375
11 0.5203125 0.2132813 0.0302083 0.0593750
8 0.6708333 0.6789063 0.0375000 0.0796875
