1 0.7453125 0.7183594 0.0239583 0.0179687
5 0.6562500 0.6519531 0.0156250 0.0257812
3 0.6611979 0.3535156 0.0223958 0.0179687
10 0.4330729 0.8824219 0.0192708 0.0273438
8 0.5382813 0.1855469 0.0203125 0.0320312
6 0.3684896 0.2667969 0.0223958 0.0226562
8 0.4619792 0.6339844 0.0177083 0.0335937
8 0.6679688 0.5492187 0.0234375 0.0265625
11 0.2596354 0.2207031 0.0213542 0.0289063
7 0.4520833 0.3472656 0.0218750 0.0335937
9 0.6585937 0.6820312 0.0244792 0.0234375
9 0.7656250 0.6703125 0.0145833 0.0343750
6 0.3442708 0.2187500 0.0208333 0.0203125
10 0.3023438 0.6613281 0.0234375 0.0226562
10 0.4690104 0.6417969 0.0171875 0.0304687
7 0.4736979 0.3738281 0.0213542 0.0210938
6 0.5000000 0.6929688 0.0197917 0.0218750
7 0.5002604 0.6667969 0.0182292 0.0304687
8 0.6041667 0.6578125 0.0166667 0.0375000
8 0.5453125 0.5753906 0.0145833 0.0289063
6 0.3802083 0.6738281 0.0218750 0.0210938
11 0.5835938 0.4980469 0.0140625 0.0320312
