0 0.3239583 0.5371094 0.0468750 0.0335937
3 0.3651042 0.6058594 0.0260417 0.0398437
5 0.5773438 0.3238281 0.0432292 0.0320312
4 0.5125000 0.5019531 0.0437500 0.0367188
0 0.5481771 0.1679688 0.0463542 0.0343750
3 0.2776042 0.3039062 0.0531250 0.0359375
5 0.6039062 0.2226562 0.0473958 0.0406250
4 0.3729167 0.6792969 0.0239583 0.0585938
0 0.5984375 0.9101562 0.0333333 0.0703125
4 0.6104167 0.7250000 0.0458333 0.0421875
2 0.5640625 0.4101562 0.0437500 0.0343750
0 0.4333333 0.4750000 0.0447917 0.0296875
1 0.5007812 0.7835937 0.0401042 0.0593750
4 0.3877604 0.7265625 0.0296875 0.0546875
4 0.5885417 0.7105469 0.0333333 0.0523438
0 0.6364583 0.3644531 0.0520833 0.0414062
5 0.3440104 0.4460938 0.0453125 0.0359375
4 0.3458333 0.4554687 0.0468750 0.0328125
4 0.3406250 0.3890625 0.0479167 0.0406250
0 0.6044271 0.3187500 0.0505208 0.0343750
2 0.5382813 0.4359375 0.0432292 0.0375000
2 0.7346354 0.5351562 0.0484375 0.0406250
2 0.3606771 0.1804688 0.0453125 0.0390625
1 0.7263021 0.2304688 0.0432292 0.0359375
2 0.7369792 0.5835938 0.0406250 0.0578125
0 0.5106771 0.5929688 0.0296875 0.0515625
3 0.2687500 0.5554687 0.0250000 0.0484375
3 0.7031250 0.7136719 0.0395833 0.0492187
1 0.4757812 0.5421875 0.0286458 0.0296875
1 0.6257812 0.1757812 0.0192708 0.0703125
4 0.6971354 0.6097656 0.0203125 0.0601563
1 0.6341146 0.6039062 0.0390625 0.0375000
5 0.5210938 0.9230469 0.0359375 0.0601563
9 0.7036458 0.6156250 0.0458333 0.0421875
11 0.4473958 0.6648437 0.0364583 0.0687500
9 0.5583333 0.4058594 0.0458333 0.0476562
