3 0.6716146 0.5800781 0.0234375 0.0195312
3 0.6263021 0.3277344 0.0213542 0.0179687
0 0.2929688 0.4296875 0.0151042 0.0250000
4 0.6380208 0.5085937 0.0229167 0.0281250
1 0.6223958 0.6152344 0.0177083 0.0242188
3 0.6541667 0.7750000 0.0135417 0.0375000
4 0.6526042 0.3152344 0.0135417 0.0398437
1 0.4184896 0.6320313 0.0223958 0.0187500
1 0.5359375 0.6531250 0.0197917 0.0187500
5 0.6593750 0.6851563 0.0260417 0.0234375
0 0.7205729 0.6585937 0.0276042 0.0187500
2 0.2703125 0.4554687 0.0135417 0.0250000
1 0.1700521 0.5644531 0.0213542 0.0179687
5 0.4588542 0.8273438 0.0145833 0.0421875
4 0.5335937 0.2242187 0.0223958 0.0156250
4 0.5554687 0.4324219 0.0171875 0.0195312
5 0.6729167 0.8574219 0.0177083 0.0289063
0 0.4135417 0.4765625 0.0239583 0.0171875
5 0.4255208 0.6382813 0.0218750 0.0218750
0 0.3338542 0.7277344 0.0250000 0.0179687
3 0.4559896 0.5183594 0.0234375 0.0226562
3 0.6572917 0.6269531 0.0135417 0.0320312
3 0.5453125 0.8007812 0.0114583 0.0171875
3 0.7679687 0.5035156 0.0223958 0.0289063
5 0.5502604 0.4128906 0.0223958 0.0226562
5 0.5161458 0.0417969 0.0239583 0.0289063
4 0.6908854 0.6597656 0.0265625 0.0179687
0 0.6614583 0.5800781 0.0239583 0.0210938
3 0.7041667 0.5046875 0.0250000 0.0250000
4 0.6278646 0.7386719 0.0234375 0.0195312
1 0.3174479 0.2687500 0.0244792 0.0187500
0 0.3609375 0.5070313 0.0250000 0.0203125
3 0.6221354 0.6515625 0.0119792 0.0359375
2 0.3578125 0.3781250 0.0218750 0.0281250
1 0.6179687 0.7167969 0.0192708 0.0179687
3 0.5596354 0.8257813 0.0265625 0.0187500
0 0.4510417 0.4570312 0.0135417 0.0390625
4 0.3393229 0.8628906 0.0109375 0.0210938
5 0.7226562 0.6781250 0.0151042 0.0406250
5 0.3750000 0.7160156 0.0114583 0.0195312
2 0.4950521 0.7316406 0.0255208 0.0257812
0 0.5346354 0.2425781 0.0171875 0.0289063
4 0.5666667 0.4914062 0.0166667 0.0171875
4 0.5742188 0.4472656 0.0213542 0.0210938
4 0.2596354 0.2320312 0.0234375 0.0171875
2 0.6367188 0.4078125 0.0130208 0.0375000
1 0.5736979 0.8980469 0.0255208 0.0226562
2 0.6018229 0.7687500 0.0203125 0.0234375
0 0.3382812 0.2925781 0.0171875 0.0382813
1 0.5932292 0.2316406 0.0229167 0.0148437
0 0.5471354 0.3480469 0.0161458 0.0210938
1 0.3315104 0.4351563 0.0244792 0.0171875
2 0.5138021 0.8371094 0.0244792 0.0179687
3 0.2611979 0.7808594 0.0265625 0.0179687
4 0.4309896 0.5664062 0.0255208 0.0203125
0 0.7700521 0.6195312 0.0182292 0.0328125
5 0.6010417 0.7355469 0.0239583 0.0164063
3 0.6088542 0.8566406 0.0166667 0.0289063
5 0.5614583 0.8640625 0.0166667 0.0218750
4 0.6239583 0.5855469 0.0197917 0.0210938
1 0.5927083 0.5578125 0.0281250 0.0234375
1 0.6135417 0.6812500 0.0229167 0.0156250
2 0.5723958 0.1781250 0.0135417 0.0406250
7 0.3481771 0.6144531 0.0182292 0.0289063
8 0.6182292 0.3585937 0.0250000 0.0250000
8 0.7802083 0.5187500 0.0229167 0.0312500
11 0.7151042 0.4054687 0.0208333 0.0375000
11 0.5908854 0.7812500 0.0234375 0.0250000
10 0.5817708 0.3070312 0.0229167 0.0218750
11 0.6541667 0.4371094 0.0166667 0.0351562
7 0.6997396 0.6246094 0.0192708 0.0273438
9 0.4531250 0.1886719 0.0239583 0.0367188
