3 0.5830729 0.6058594 0.0828125 0.0585938
5 0.6838542 0.2992187 0.0718750 0.0656250
0 0.6815104 0.3769531 0.0421875 0.0929688
5 0.6908854 0.5285156 0.0651042 0.0507812
2 0.4411458 0.5328125 0.0593750 0.0625000
2 0.5739583 0.1355469 0.0604167 0.0585938
3 0.4492188 0.8820313 0.0651042 0.0828125
5 0.6489583 0.6343750 0.0760417 0.0593750
1 0.6635417 0.7328125 0.0770833 0.0593750
2 0.5841146 0.7390625 0.0536458 0.0781250
1 0.5679688 0.5523438 0.0786458 0.0500000
5 0.3867188 0.6664062 0.0411458 0.0765625
0 0.4445312 0.2273438 0.0692708 0.0562500
0 0.3958333 0.6988281 0.0760417 0.0570312
2 0.6802083 0.6707031 0.0510417 0.1117188
1 0.4653646 0.1785156 0.0703125 0.0648438
1 0.6494792 0.6558594 0.0666667 0.0539063
4 0.4750000 0.8093750 0.0677083 0.0515625
4 0.3208333 0.2593750 0.0375000 0.0703125
3 0.6635417 0.2871094 0.0364583 0.1148437
0 0.3463542 0.4484375 0.0510417 0.0937500
4 0.6184896 0.6375000 0.0276042 0.1078125
3 0.2593750 0.4402344 0.0718750 0.0585938
3 0.6278646 0.7535156 0.0755208 0.0523438
3 0.6117187 0.3523438 0.0734375 0.0515625
5 0.4861979 0.6871094 0.0515625 0.1023437
0 0.6057292 0.7570313 0.0760417 0.0812500
3 0.4138021 0.3519531 0.0828125 0.0601563
2 0.7463542 0.6910156 0.0447917 0.0976562
3 0.5838542 0.5550781 0.0479167 0.0664062
3 0.4216146 0.3441406 0.0776042 0.0742188
3 0.6302083 0.3757813 0.0458333 0.0875000
4 0.3408854 0.6750000 0.0734375 0.0546875
5 0.6429687 0.3554688 0.0796875 0.0562500
1 0.6604167 0.6707031 0.0656250 0.0460938
2 0.5091146 0.1453125 0.0505208 0.1031250
0 0.6200521 0.6878906 0.0338542 0.0554687
2 0.4101562 0.8515625 0.0588542 0.0812500
3 0.3716146 0.2425781 0.0515625 0.1023437
10 0.2929688 0.5789062 0.0473958 0.0734375
9 0.2361979 0.6808594 0.0755208 0.0742188
8 0.5367188 0.2617188 0.0651042 0.0890625
11 0.4213542 0.6378906 0.0677083 0.0851563
6 0.6158854 0.7414063 0.0723958 0.0703125
11 0.6710938 0.5886719 0.0713542 0.0835937
