2 0.2867188 0.4382813 0.0171875 0.0328125
2 0.4252604 0.9445313 0.0130208 0.0343750
1 0.3864583 0.7019531 0.0166667 0.0398437
5 0.2778646 0.4925781 0.0182292 0.0210938
4 0.5875000 0.6312500 0.0135417 0.0281250
0 0.5406250 0.2890625 0.0270833 0.0203125
0 0.6859375 0.3621094 0.0218750 0.0351562
5 0.5971354 0.2687500 0.0244792 0.0281250
1 0.3218750 0.2925781 0.0135417 0.0414062
4 0.5210938 0.6078125 0.0161458 0.0203125
1 0.5770833 0.5238281 0.0166667 0.0351562
4 0.7153646 0.7300781 0.0286458 0.0210938
4 0.6380208 0.2187500 0.0187500 0.0359375
6 0.5497396 0.4226563 0.0234375 0.0343750
8 0.3919271 0.4476562 0.0192708 0.0437500
9 0.4476562 0.8175781 0.0203125 0.0367188
6 0.5263021 0.4941406 0.0276042 0.0304687
7 0.6867188 0.3890625 0.0223958 0.0359375
6 0.4986979 0.2375000 0.0182292 0.0375000
8 0.5171875 0.3652344 0.0270833 0.0289063
8 0.6093750 0.4675781 0.0229167 0.0320312
11 0.6190104 0.4800781 0.0255208 0.0257812
9 0.6385417 0.6339844 0.0250000 0.0257812
9 0.7429687 0.6042969 0.0255208 0.0257812
8 0.5721354 0.9949219 0.0057292 0.0085938
8 0.4989583 0.9917969 0.0145833 0.0148437
7 0.6348958 0.5277344 0.0270833 0.0304687
