2 0.3500000 0.8179688 0.0427083 0.0484375
2 0.5200521 0.6617188 0.0640625 0.0609375
4 0.6434896 0.5300781 0.0713542 0.0570312
4 0.4317708 0.4355469 0.0291667 0.0664062
0 0.6565104 0.0515625 0.0453125 0.0656250
3 0.2867188 0.4960938 0.0463542 0.0531250
1 0.4028646 0.7164063 0.0640625 0.0515625
3 0.4481771 0.7093750 0.0432292 0.0578125
2 0.7317708 0.6015625 0.0552083 0.0578125
6 0.7010417 0.7101563 0.0583333 0.0609375
11 0.6421875 0.0339844 0.0614583 0.0664062
7 0.5622396 0.6195312 0.0588542 0.0828125
10 0.3757813 0.5742188 0.0661458 0.0765625
6 0.5638021 0.6371094 0.0588542 0.0617188
7 0.3841146 0.1820313 0.0661458 0.0734375
10 0.6122396 0.7058594 0.0432292 0.0929688
