4 0.5143229 0.9625000 0.1203125 0.0734375
5 0.6895833 0.3019531 0.1302083 0.0757812
3 0.6104167 0.7921875 0.0770833 0.1265625
0 0.3356771 0.4757812 0.1130208 0.0921875
5 0.7729167 0.6656250 0.0802083 0.1171875
2 0.5039062 0.6171875 0.0630208 0.1875000
3 0.3596354 0.5941406 0.1203125 0.1054688
0 0.4223958 0.6156250 0.0593750 0.1265625
4 0.5130208 0.4523437 0.1020833 0.1218750
5 0.6455729 0.7644531 0.0953125 0.1476562
2 0.6768229 0.4035156 0.0661458 0.1945312
4 0.5002604 0.6109375 0.0598958 0.0812500
4 0.3809896 0.4628906 0.1119792 0.0789062
4 0.3096354 0.3636719 0.1276042 0.0882813
4 0.5169271 0.3777344 0.1244792 0.1210938
3 0.5747396 0.5285156 0.1151042 0.0695313
2 0.6255208 0.7425781 0.0968750 0.0867187
4 0.3864583 0.7316406 0.1083333 0.1304687
0 0.6507812 0.6070313 0.1255208 0.0937500
2 0.3911458 0.8871094 0.0697917 0.1835938
0 0.7153646 0.6734375 0.0578125 0.0875000
4 0.4817708 0.4574219 0.1010417 0.0789062
2 0.5718750 0.4628906 0.0656250 0.1476562
3 0.4057292 0.4601562 0.0885417 0.1156250
2 0.1916667 0.4386719 0.1281250 0.1070312
1 0.6643229 0.4832031 0.1078125 0.1101562
1 0.6755208 0.7699219 0.1083333 0.0960938
5 0.5447917 0.3050781 0.1270833 0.0945312
1 0.2518229 0.5351562 0.0994792 0.1468750
3 0.3375000 0.6074219 0.1208333 0.0960938
9 0.4070313 0.6105469 0.0776042 0.1601562
9 0.6997396 0.2765625 0.0765625 0.1812500
7 0.7703125 0.8808594 0.0875000 0.1773437
8 0.6018229 0.1890625 0.1109375 0.1156250
11 0.4497396 0.5113281 0.0911458 0.1054688
8 0.5945312 0.8976563 0.1130208 0.1250000
6 0.3382812 0.1394531 0.0807292 0.1585938
7 0.6111979 0.3121094 0.1088542 0.1070312
7 0.6471354 0.6332031 0.0713542 0.1226562
9 0.6953125 0.8550781 0.1114583 0.1117188
10 0.4572917 0.1902344 0.0895833 0.1773437
10 0.4242187 0.2132813 0.0880208 0.1593750
6 0.6164063 0.6792969 0.1067708 0.1039063
8 0.3953125 0.8488281 0.1135417 0.1101562
