4 0.6270833 0.3742187 0.0572917 0.1046875
5 0.7341146 0.7585937 0.0880208 0.0656250
0 0.6145833 0.4570312 0.0906250 0.0609375
5 0.6026042 0.6289062 0.0677083 0.0718750
3 0.3346354 0.4738281 0.0442708 0.1007813
1 0.7356771 0.5007812 0.0776042 0.0515625
3 0.4976563 0.7394531 0.0567708 0.1117188
1 0.4919271 0.4042969 0.0390625 0.0960938
1 0.6625000 0.6972656 0.0739583 0.0601563
3 0.7184896 0.7011719 0.0817708 0.0460938
5 0.5588542 0.4750000 0.0510417 0.0875000
5 0.6458333 0.4468750 0.0906250 0.0531250
3 0.4000000 0.3484375 0.0739583 0.1031250
4 0.4489583 0.5464844 0.0614583 0.0539063
5 0.5687500 0.3589844 0.0541667 0.0867187
5 0.5367188 0.6816406 0.0380208 0.1085938
4 0.4627604 0.2398437 0.0807292 0.0890625
4 0.4328125 0.7640625 0.0645833 0.0656250
3 0.7986979 0.6273437 0.0432292 0.1062500
3 0.5270833 0.4507813 0.0718750 0.0750000
1 0.3651042 0.1742188 0.0812500 0.0687500
0 0.7484375 0.4890625 0.0895833 0.0859375
5 0.4554687 0.6738281 0.0421875 0.1039063
3 0.5669271 0.8062500 0.0796875 0.0546875
0 0.5606771 0.7300781 0.0755208 0.0789062
1 0.7106771 0.4394531 0.0661458 0.0492187
2 0.6161458 0.4156250 0.0781250 0.0562500
3 0.4354167 0.4500000 0.0333333 0.0937500
5 0.3380208 0.2277344 0.0812500 0.0523438
3 0.3309896 0.3199219 0.0390625 0.0585938
4 0.6632813 0.5992188 0.0640625 0.0968750
2 0.5997396 0.4957031 0.0744792 0.0679687
3 0.7145833 0.4757812 0.0656250 0.0906250
4 0.6296875 0.7730469 0.0364583 0.1070312
3 0.4523437 0.6843750 0.0630208 0.0718750
1 0.6348958 0.5414062 0.0802083 0.0593750
0 0.7742187 0.3496094 0.0786458 0.0820312
0 0.4382813 0.2066406 0.0859375 0.0648438
5 0.4739583 0.3652344 0.0635417 0.0867187
4 0.5434896 0.5117188 0.0505208 0.0812500
1 0.7028646 0.4027344 0.0473958 0.1085938
4 0.4434896 0.5976562 0.0494792 0.0843750
1 0.3067708 0.7675781 0.0729167 0.0773438
0 0.6497396 0.4914062 0.0734375 0.0843750
4 0.5611979 0.6734375 0.0838542 0.0562500
1 0.3479167 0.6496094 0.0604167 0.1070312
1 0.5153646 0.3566406 0.0640625 0.0914062
2 0.6200521 0.3140625 0.0807292 0.0671875
1 0.4856771 0.4957031 0.0734375 0.0523438
4 0.5812500 0.2675781 0.0427083 0.0882813
0 0.3239583 0.6941406 0.0531250 0.0820312
0 0.7411458 0.4027344 0.0833333 0.0460938
2 0.8184896 0.6007813 0.0651042 0.0625000
2 0.6651042 0.6300781 0.0614583 0.0476562
1 0.5395833 0.1605469 0.0760417 0.0710937
4 0.1927083 0.5820312 0.0708333 0.0921875
2 0.2906250 0.3789062 0.0770833 0.0843750
3 0.5932292 0.4253906 0.0593750 0.0679687
0 0.6348958 0.3691406 0.0645833 0.0789062
3 0.5002604 0.4843750 0.0630208 0.1093750
3 0.5622396 0.5660156 0.0828125 0.0664062
1 0.5893229 0.5160156 0.0880208 0.0648438
4 0.4070313 0.7359375 0.0473958 0.0984375
0 0.6609375 0.3949219 0.0875000 0.0898438
2 0.2950521 0.7792969 0.0723958 0.0664062
4 0.4750000 0.6984375 0.0708333 0.0859375
0 0.6833333 0.3363281 0.0656250 0.0914062
3 0.6682292 0.6777344 0.0354167 0.0914062
2 0.5388021 0.4292969 0.0869792 0.0507812
4 0.3656250 0.4304688 0.0843750 0.0578125
2 0.3979167 0.4140625 0.0656250 0.0531250
0 0.5742188 0.1878906 0.0859375 0.0523438
3 0.3403646 0.7179688 0.0755208 0.0500000
0 0.3734375 0.2035156 0.0354167 0.1132812
9 0.6317708 0.3949219 0.0781250 0.0742188
