0 0.4020833 0.8277344 0.0729167 0.0804688
0 0.8518229 0.5066406 0.0828125 0.1164063
5 0.4541667 0.6710938 0.0520833 0.1406250
2 0.2658854 0.4820313 0.1151042 0.0859375
2 0.6333333 0.5343750 0.0906250 0.0828125
2 0.4335938 0.7484375 0.1005208 0.0750000
0 0.5283854 0.5578125 0.0973958 0.0687500
0 0.5359375 0.3277344 0.0822917 0.0679687
1 0.5760417 0.6101562 0.1020833 0.0703125
0 0.3958333 0.7710938 0.0802083 0.1531250
5 0.5291667 0.2144531 0.0791667 0.1132812
2 0.4627604 0.2246094 0.0984375 0.0757812
4 0.5763021 0.7300781 0.0963542 0.1039063
4 0.5416667 0.4253906 0.1083333 0.0820312
3 0.7299479 0.6425781 0.0921875 0.1195313
5 0.5234375 0.6484375 0.1052083 0.0734375
0 0.3401042 0.2812500 0.0531250 0.1140625
1 0.4510417 0.5066406 0.0875000 0.1164063
4 0.3802083 0.7101563 0.0656250 0.1234375
0 0.7182292 0.6039062 0.1052083 0.0796875
4 0.5171875 0.1851562 0.0520833 0.1687500
2 0.3226562 0.8871094 0.1015625 0.0851563
3 0.5809896 0.5347656 0.1078125 0.0726563
0 0.5010417 0.8562500 0.0812500 0.0875000
3 0.4153646 0.4570312 0.1015625 0.0859375
2 0.7161458 0.4132812 0.1093750 0.0687500
0 0.3575521 0.5601563 0.1098958 0.1046875
0 0.6549479 0.5878906 0.0817708 0.0789062
2 0.6044271 0.7519531 0.0609375 0.1492188
5 0.5429688 0.2480469 0.0848958 0.1257813
10 0.5968750 0.8085938 0.0666667 0.1531250
6 0.4468750 0.4441406 0.0718750 0.1117188
10 0.2617188 0.3078125 0.0661458 0.1390625
6 0.5635417 0.7015625 0.1104167 0.1296875
6 0.2010417 0.4667969 0.0833333 0.1335938
11 0.2515625 0.5218750 0.1020833 0.1046875
8 0.5536458 0.8812500 0.0979167 0.1187500
8 0.6854167 0.7316406 0.0687500 0.1242188
7 0.6143229 0.3484375 0.0911458 0.1312500
7 0.5283854 0.0523438 0.0765625 0.1046875
8 0.2932292 0.6847656 0.0916667 0.1460937
8 0.7091146 0.5031250 0.0776042 0.0984375
6 0.6278646 0.5531250 0.1088542 0.1250000
9 0.2580729 0.4914062 0.0963542 0.0921875
6 0.6161458 0.3019531 0.0791667 0.1570313
11 0.6854167 0.3109375 0.1031250 0.1000000
11 0.3591146 0.9375000 0.0609375 0.1234375
10 0.4885417 0.7109375 0.0916667 0.0906250
10 0.7203125 0.7007813 0.0916667 0.0890625
