5 0.7203125 0.6199219 0.1447917 0.1039063
2 0.5039062 0.3539062 0.0661458 0.2015625
0 0.4549479 0.2449219 0.1015625 0.1179687
1 0.3401042 0.8902344 0.1468750 0.0992187
3 0.4734375 0.4824219 0.1166667 0.1070312
5 0.4179688 0.6753906 0.0921875 0.1914062
1 0.4492188 0.5507812 0.0911458 0.2265625
0 0.3125000 0.6210938 0.1229167 0.1078125
1 0.1966146 0.3929687 0.1005208 0.1046875
3 0.4651042 0.3875000 0.1135417 0.0890625
4 0.6830729 0.6132812 0.0765625 0.1390625
1 0.6153646 0.1746094 0.0671875 0.2164062
1 0.5111979 0.5515625 0.1140625 0.1359375
5 0.5713542 0.2675781 0.1343750 0.1117188
2 0.7192708 0.5820312 0.1343750 0.1750000
1 0.3065104 0.2343750 0.0744792 0.1531250
3 0.5658854 0.3160156 0.1234375 0.1054688
0 0.6721354 0.6875000 0.1109375 0.1078125
1 0.3609375 0.8226562 0.1041667 0.1140625
2 0.7117187 0.2695312 0.1140625 0.1203125
3 0.6281250 0.1121094 0.1250000 0.1179687
0 0.2911458 0.6242188 0.1166667 0.1515625
1 0.7630208 0.3078125 0.0937500 0.1734375
4 0.3505208 0.6085938 0.0812500 0.2281250
3 0.5739583 0.3335938 0.1416667 0.1140625
1 0.6442708 0.2066406 0.1510417 0.1039063
3 0.2919271 0.4609375 0.0598958 0.1015625
1 0.8143229 0.5750000 0.1234375 0.1140625
5 0.4825521 0.2343750 0.1213542 0.1062500
1 0.4080729 0.3179688 0.1515625 0.1093750
2 0.4684896 0.9664063 0.0640625 0.0656250
4 0.4591146 0.4535156 0.0505208 0.0835937
1 0.7273437 0.1757812 0.1098958 0.1109375
2 0.4934896 0.2843750 0.0630208 0.2015625
1 0.7093750 0.5542969 0.0822917 0.1289062
5 0.4955729 0.5300781 0.1088542 0.1195313
4 0.5075521 0.5816406 0.0682292 0.1851562
2 0.4458333 0.7773438 0.1020833 0.0968750
1 0.2885417 0.8191406 0.1458333 0.1117188
5 0.4411458 0.8179688 0.1062500 0.1093750
3 0.5731771 0.7898437 0.0932292 0.1265625
1 0.3484375 0.4441406 0.1531250 0.1117188
5 0.5950521 0.0660156 0.0744792 0.1320312
3 0.7216146 0.5609375 0.0869792 0.2109375
4 0.6559896 0.5843750 0.0973958 0.1875000
2 0.3028646 0.8371094 0.1348958 0.0945312
1 0.6427083 0.7976562 0.0864583 0.0890625
0 0.5304688 0.3593750 0.0911458 0.0890625
0 0.5492187 0.1601562 0.0734375 0.1312500
2 0.7075521 0.6574219 0.1390625 0.1242188
1 0.3609375 0.2890625 0.0625000 0.1390625
5 0.4445312 0.4605469 0.0994792 0.1585938
2 0.6625000 0.6187500 0.1229167 0.1250000
0 0.6138021 0.1414063 0.1328125 0.0906250
5 0.3239583 0.5410156 0.1135417 0.1460937
4 0.6497396 0.2867188 0.1098958 0.1468750
3 0.6403646 0.3933594 0.1359375 0.1054688
6 0.6669271 0.2054688 0.1401042 0.1328125
