3 0.3153646 0.3269531 0.0473958 0.0367188
1 0.3653646 0.3648438 0.0411458 0.0375000
3 0.4937500 0.8167969 0.0281250 0.0320312
4 0.5669271 0.6808594 0.0390625 0.0445313
0 0.5346354 0.6183594 0.0432292 0.0289063
1 0.5023437 0.9250000 0.0276042 0.0546875
4 0.7463542 0.4945312 0.0239583 0.0453125
1 0.6979167 0.6992188 0.0406250 0.0296875
11 0.6210938 0.6109375 0.0286458 0.0640625
10 0.5911458 0.5492187 0.0364583 0.0406250
10 0.5190104 0.4371094 0.0369792 0.0367188
7 0.4898438 0.6714844 0.0244792 0.0570312
11 0.6161458 0.5875000 0.0427083 0.0437500
