0 0.3921875 0.5562500 0.0375000 0.0406250
2 0.5166667 0.4164062 0.0302083 0.0421875
0 0.6567708 0.4398437 0.0260417 0.0296875
4 0.6221354 0.4964844 0.0515625 0.0351562
2 0.4432292 0.7621094 0.0218750 0.0585938
5 0.6572917 0.7203125 0.0437500 0.0390625
1 0.4541667 0.4003906 0.0322917 0.0585938
5 0.3802083 0.5480469 0.0364583 0.0554687
3 0.5820312 0.6875000 0.0161458 0.0468750
2 0.6992188 0.3046875 0.0515625 0.0359375
4 0.7523437 0.6578125 0.0432292 0.0484375
0 0.5080729 0.2312500 0.0484375 0.0296875
1 0.4958333 0.6953125 0.0197917 0.0375000
7 0.6520833 0.5609375 0.0458333 0.0500000
11 0.4088542 0.5265625 0.0500000 0.0484375
7 0.8229167 0.8066406 0.0458333 0.0429688
8 0.5335937 0.6656250 0.0369792 0.0578125
7 0.5841146 0.8187500 0.0421875 0.0531250
9 0.5010417 0.9582031 0.0354167 0.0664062
11 0.5098958 0.2492187 0.0427083 0.0578125
9 0.4541667 0.2035156 0.0458333 0.0445313
6 0.4354167 0.5218750 0.0385417 0.0656250
11 0.3820312 0.4136719 0.0265625 0.0585938
8 0.3427083 0.4238281 0.0437500 0.0460938
6 0.6989583 0.3449219 0.0427083 0.0507812
7 0.3848958 0.7144531 0.0260417 0.0398437
6 0.5755208 0.4988281 0.0322917 0.0617188
11 0.6036458 0.3937500 0.0312500 0.0734375
9 0.5299479 0.4503906 0.0317708 0.0382813
6 0.3809896 0.2695312 0.0390625 0.0468750
7 0.7044271 0.3367188 0.0421875 0.0437500
