1 0.4247396 0.3453125 0.0203125 0.0437500
4 0.3466146 0.6902344 0.0307292 0.0335937
1 0.6158854 0.3230469 0.0182292 0.0414062
3 0.3007812 0.4507813 0.0182292 0.0265625
4 0.7252604 0.3343750 0.0276042 0.0281250
4 0.5341146 0.2410156 0.0359375 0.0304687
3 0.3940104 0.4246094 0.0234375 0.0382813
4 0.6632813 0.3574219 0.0234375 0.0351562
0 0.6890625 0.6386719 0.0177083 0.0289063
4 0.4820313 0.9980469 0.0036458 0.0023437
0 0.4901042 0.3343750 0.0166667 0.0484375
1 0.4914062 0.6222656 0.0203125 0.0460938
2 0.5848958 0.2984375 0.0395833 0.0281250
0 0.5325521 0.7406250 0.0192708 0.0328125
1 0.3945312 0.2363281 0.0234375 0.0320312
0 0.5361979 0.3394531 0.0192708 0.0476562
4 0.6940104 0.6015625 0.0182292 0.0484375
3 0.2924479 0.3878906 0.0359375 0.0351562
3 0.4658854 0.2464844 0.0359375 0.0320312
5 0.5937500 0.4574219 0.0333333 0.0226562
1 0.2947917 0.5140625 0.0218750 0.0328125
2 0.5078125 0.2589844 0.0333333 0.0210938
5 0.5270833 0.6511719 0.0229167 0.0320312
3 0.4640625 0.7921875 0.0239583 0.0515625
0 0.4677083 0.3429687 0.0250000 0.0265625
1 0.6638021 0.3792969 0.0307292 0.0445313
5 0.5203125 0.8113281 0.0354167 0.0210938
1 0.5643229 0.7480469 0.0192708 0.0554687
5 0.4807292 0.3238281 0.0156250 0.0304687
1 0.4895833 0.4546875 0.0250000 0.0296875
0 0.4403646 0.2355469 0.0244792 0.0460938
0 0.6450521 0.4066406 0.0328125 0.0242188
3 0.5848958 0.1691406 0.0270833 0.0476562
5 0.4625000 0.3710938 0.0229167 0.0250000
4 0.5101562 0.2242187 0.0359375 0.0265625
0 0.5088542 0.3753906 0.0354167 0.0273438
4 0.3283854 0.8453125 0.0182292 0.0578125
1 0.4906250 0.7464844 0.0177083 0.0476562
1 0.6205729 0.2691406 0.0328125 0.0304687
0 0.6075521 0.5417969 0.0328125 0.0367188
3 0.6143229 0.1191406 0.0348958 0.0257812
2 0.5940104 0.7757812 0.0244792 0.0531250
2 0.5492187 0.2957031 0.0307292 0.0289063
2 0.4239583 0.4617188 0.0343750 0.0359375
2 0.3916667 0.2636719 0.0187500 0.0585938
5 0.6419271 0.2679687 0.0338542 0.0312500
0 0.6132812 0.2855469 0.0369792 0.0445313
4 0.6119792 0.4363281 0.0229167 0.0351562
1 0.6291667 0.5613281 0.0218750 0.0460938
2 0.5187500 0.1917969 0.0166667 0.0507812
0 0.6502604 0.4500000 0.0411458 0.0312500
2 0.4395833 0.5785156 0.0395833 0.0289063
3 0.4111979 0.2839844 0.0369792 0.0257812
3 0.3906250 0.6875000 0.0229167 0.0531250
0 0.4067708 0.2539062 0.0333333 0.0218750
4 0.6203125 0.5855469 0.0354167 0.0257812
7 0.6625000 0.4941406 0.0302083 0.0351562
8 0.6583333 0.4898438 0.0385417 0.0359375
6 0.4580729 0.4949219 0.0286458 0.0539063
7 0.6908854 0.4679687 0.0338542 0.0328125
7 0.3390625 0.5039062 0.0343750 0.0343750
9 0.5080729 0.2867188 0.0265625 0.0453125
6 0.6973958 0.2253906 0.0218750 0.0492187
7 0.5919271 0.1773437 0.0234375 0.0546875
6 0.3520833 0.3257813 0.0250000 0.0515625
6 0.2734375 0.6796875 0.0354167 0.0343750
9 0.2986979 0.7363281 0.0213542 0.0429688
6 0.6067708 0.6046875 0.0312500 0.0312500
9 0.2588542 0.3480469 0.0239583 0.0523438
7 0.4111979 0.5148438 0.0234375 0.0375000
