2 0.5351562 0.2554688 0.0140625 0.0359375
4 0.6466146 0.3527344 0.0223958 0.0289063
2 0.7856771 0.3789062 0.0213542 0.0250000
2 0.3627604 0.6023437 0.0098958 0.0312500
3 0.7947917 0.3046875 0.0208333 0.0203125
1 0.6630208 0.5636719 0.0114583 0.0398437
2 0.4361979 0.5238281 0.0119792 0.0226562
0 0.1986979 0.4593750 0.0223958 0.0234375
2 0.6507812 0.4390625 0.0223958 0.0250000
4 0.4986979 0.4652344 0.0203125 0.0226562
4 0.5122396 0.0742188 0.0140625 0.0234375
1 0.5752604 0.5925781 0.0130208 0.0335937
3 0.3380208 0.6972656 0.0125000 0.0398437
2 0.4901042 0.8585938 0.0145833 0.0265625
4 0.6687500 0.7261719 0.0229167 0.0164063
5 0.7020833 0.7562500 0.0260417 0.0203125
4 0.5919271 0.6222656 0.0182292 0.0226562
3 0.4507813 0.3664062 0.0244792 0.0265625
2 0.5575521 0.2792969 0.0140625 0.0304687
2 0.3877604 0.8343750 0.0182292 0.0296875
4 0.3401042 0.5789062 0.0229167 0.0203125
2 0.5208333 0.5082031 0.0250000 0.0210938
4 0.5898438 0.2691406 0.0234375 0.0179687
3 0.4721354 0.5062500 0.0223958 0.0250000
2 0.5757813 0.8195313 0.0213542 0.0234375
0 0.6723958 0.5164062 0.0239583 0.0187500
3 0.4213542 0.3429687 0.0208333 0.0171875
4 0.5330729 0.8343750 0.0244792 0.0203125
5 0.6320313 0.4750000 0.0182292 0.0281250
4 0.5765625 0.5511719 0.0229167 0.0164063
2 0.5929688 0.7500000 0.0192708 0.0328125
1 0.3315104 0.4160156 0.0223958 0.0164063
1 0.7346354 0.7609375 0.0109375 0.0312500
4 0.4638021 0.3828125 0.0244792 0.0187500
5 0.5020833 0.4679687 0.0239583 0.0187500
4 0.6317708 0.3898437 0.0229167 0.0171875
2 0.5080729 0.5878906 0.0161458 0.0273438
3 0.5203125 0.8453125 0.0229167 0.0187500
2 0.4515625 0.2503906 0.0114583 0.0351562
4 0.4460938 0.2687500 0.0244792 0.0281250
4 0.4085937 0.6066406 0.0213542 0.0320312
1 0.6807292 0.6015625 0.0250000 0.0187500
3 0.2562500 0.7386719 0.0250000 0.0195312
11 0.6200521 0.7175781 0.0161458 0.0367188
8 0.4072917 0.5183594 0.0208333 0.0351562
8 0.4195313 0.9847656 0.0192708 0.0289063
6 0.5401042 0.1839844 0.0239583 0.0257812
6 0.4416667 0.4074219 0.0208333 0.0210938
9 0.6395833 0.4292969 0.0229167 0.0226562
7 0.4664063 0.4937500 0.0182292 0.0390625
11 0.6315104 0.6601562 0.0255208 0.0265625
11 0.4473958 0.6484375 0.0239583 0.0328125
9 0.3309896 0.5046875 0.0234375 0.0265625
8 0.7500000 0.2960937 0.0239583 0.0234375
8 0.6398438 0.4910156 0.0223958 0.0257812
10 0.6440104 0.8839844 0.0234375 0.0226562
10 0.4026042 0.5949219 0.0229167 0.0242188
10 0.4739583 0.7921875 0.0208333 0.0390625
9 0.4640625 0.1792969 0.0177083 0.0320312
10 0.5627604 0.6496094 0.0213542 0.0210938
8 0.6281250 0.0886719 0.0218750 0.0320312
