5 0.5205729 0.4648438 0.0359375 0.0609375
1 0.4929688 0.3472656 0.0494792 0.0710937
4 0.4802083 0.3570313 0.0656250 0.0562500
0 0.5794271 0.4222656 0.0421875 0.1195313
5 0.4692708 0.7304688 0.0541667 0.0734375
2 0.4736979 0.8867188 0.0640625 0.0687500
1 0.3351562 0.5347656 0.0432292 0.0789062
2 0.5257812 0.5253906 0.0734375 0.0507812
0 0.7343750 0.5984375 0.0406250 0.0562500
5 0.6377604 0.7589844 0.0671875 0.0960938
4 0.3395833 0.7382812 0.0718750 0.0640625
4 0.5231771 0.3574219 0.0880208 0.0664062
0 0.4403646 0.0933594 0.0765625 0.0523438
0 0.3236979 0.2937500 0.0494792 0.1156250
4 0.5783854 0.4070313 0.0536458 0.0828125
4 0.6130208 0.7652344 0.0635417 0.0554687
4 0.3518229 0.5964844 0.0380208 0.0960938
2 0.5302083 0.6265625 0.0677083 0.0687500
5 0.6026042 0.3464844 0.0479167 0.0867187
4 0.6140625 0.6761719 0.0687500 0.0851563
3 0.4867187 0.4144531 0.0682292 0.0414062
4 0.6252604 0.6132812 0.0713542 0.0515625
3 0.5989583 0.5656250 0.0718750 0.0500000
2 0.6723958 0.6335937 0.0562500 0.1109375
1 0.4861979 0.4636719 0.0536458 0.0664062
2 0.3309896 0.6964844 0.0588542 0.0617188
1 0.3786458 0.5433594 0.0614583 0.0570312
5 0.5416667 0.1917969 0.0739583 0.0492187
3 0.5414062 0.0289063 0.0494792 0.0578125
5 0.5036458 0.7203125 0.0552083 0.0390625
0 0.6296875 0.5644531 0.0270833 0.0585938
0 0.6322917 0.4355469 0.0708333 0.0445313
0 0.6393229 0.2246094 0.0817708 0.0585938
2 0.5445313 0.4773438 0.0598958 0.0531250
4 0.5643229 0.2453125 0.0317708 0.1187500
2 0.6802083 0.3195312 0.0781250 0.0765625
5 0.4984375 0.3566406 0.0447917 0.0664062
0 0.7127604 0.2449219 0.0828125 0.0648438
0 0.3783854 0.9390625 0.0796875 0.0843750
0 0.4528646 0.2031250 0.0473958 0.1015625
0 0.2205729 0.4941406 0.0755208 0.0820312
0 0.3567708 0.8585938 0.0656250 0.0750000
2 0.3937500 0.5957031 0.0666667 0.0632812
2 0.4302083 0.1714844 0.0635417 0.0867187
0 0.5510417 0.8175781 0.0447917 0.0820312
2 0.6541667 0.3148437 0.0343750 0.0843750
2 0.6651042 0.7535156 0.0791667 0.0648438
4 0.4906250 0.3886719 0.0333333 0.0789062
0 0.7994792 0.2121094 0.0760417 0.0476562
2 0.6736979 0.4109375 0.0421875 0.0984375
4 0.6513021 0.2683594 0.0671875 0.0789062
4 0.3882813 0.7339844 0.0359375 0.1070312
2 0.2963542 0.3753906 0.0468750 0.0773438
2 0.6416667 0.4777344 0.0635417 0.0960938
2 0.3130208 0.7148438 0.0781250 0.0562500
5 0.6234375 0.4582031 0.0718750 0.0664062
0 0.4177083 0.6304688 0.0520833 0.1140625
1 0.6109375 0.2718750 0.0770833 0.0640625
3 0.5106771 0.8269531 0.0588542 0.0976562
1 0.4174479 0.7843750 0.0682292 0.0625000
4 0.4544271 0.2574219 0.0734375 0.0742188
3 0.3000000 0.6707031 0.0385417 0.1164063
3 0.6661458 0.5550781 0.0635417 0.0632812
2 0.6109375 0.5460938 0.0822917 0.0578125
0 0.7367187 0.3687500 0.0723958 0.0484375
2 0.5690104 0.8226562 0.0598958 0.0468750
1 0.6557292 0.5742188 0.0614583 0.0718750
3 0.6765625 0.4753906 0.0781250 0.0539063
0 0.5721354 0.9300781 0.0807292 0.0664062
1 0.5296875 0.4273438 0.0291667 0.1125000
10 0.4242187 0.3300781 0.0473958 0.1132812
8 0.5164062 0.5082031 0.0828125 0.0945312
10 0.4276042 0.1511719 0.0531250 0.0804688
7 0.6968750 0.3843750 0.0718750 0.0953125
7 0.3184896 0.3621094 0.0515625 0.0773438
9 0.6578125 0.6792969 0.0729167 0.0710937
7 0.4312500 0.5460938 0.0791667 0.1109375
10 0.4546875 0.9312500 0.0552083 0.1093750
7 0.2697917 0.3128906 0.0791667 0.0773438
11 0.7151042 0.3199219 0.0750000 0.1085938
