3 0.3276042 0.6750000 0.0385417 0.1078125
0 0.6486979 0.6089844 0.0859375 0.0710937
0 0.6283854 0.5785156 0.0848958 0.0601563
3 0.4117188 0.4242187 0.0776042 0.0531250
2 0.6309896 0.3207031 0.0807292 0.0601563
2 0.5286458 0.6738281 0.0895833 0.0726563
5 0.4398437 0.2746094 0.0661458 0.0507812
5 0.5838542 0.2949219 0.0927083 0.0898438
3 0.4908854 0.2625000 0.0369792 0.1078125
5 0.5263021 0.3277344 0.0453125 0.1226562
4 0.3927083 0.2230469 0.0500000 0.0492187
4 0.6570312 0.3816406 0.0515625 0.1132812
5 0.5104167 0.5406250 0.0479167 0.0640625
0 0.7411458 0.3167969 0.0833333 0.0820312
0 0.3169271 0.3234375 0.0473958 0.1031250
0 0.3325521 0.1980469 0.0421875 0.0570312
4 0.5041667 0.8121094 0.0625000 0.1054688
5 0.5416667 0.0851563 0.0427083 0.1031250
1 0.6489583 0.3539062 0.0843750 0.0671875
2 0.5812500 0.3109375 0.0812500 0.0531250
5 0.5500000 0.6812500 0.0468750 0.0625000
4 0.5882812 0.6648437 0.0442708 0.0593750
3 0.5989583 0.4179688 0.0479167 0.1140625
0 0.6690104 0.2390625 0.0880208 0.0640625
2 0.3632812 0.5851563 0.0546875 0.1093750
1 0.5263021 0.1644531 0.0703125 0.0882813
0 0.7145833 0.3804688 0.0947917 0.0640625
3 0.4656250 0.1441406 0.0416667 0.1101562
1 0.6627604 0.2289063 0.0463542 0.1390625
3 0.5619792 0.1902344 0.0427083 0.1242188
5 0.4687500 0.5503906 0.0729167 0.0664062
4 0.5703125 0.3332031 0.0656250 0.0960938
0 0.3364583 0.4097656 0.0875000 0.0585938
3 0.6356771 0.8550781 0.0401042 0.0679687
3 0.6335937 0.5882812 0.0776042 0.0500000
2 0.7898437 0.7695312 0.0838542 0.0687500
2 0.5893229 0.3164062 0.0713542 0.0859375
4 0.5296875 0.1609375 0.0656250 0.1046875
4 0.6377604 0.1738281 0.0776042 0.0570312
2 0.6393229 0.6156250 0.0838542 0.0562500
2 0.7317708 0.4972656 0.0593750 0.0960938
3 0.4330729 0.6742187 0.0411458 0.0687500
2 0.2796875 0.7496094 0.0812500 0.0570312
4 0.5010417 0.5234375 0.0364583 0.1140625
5 0.3361979 0.4285156 0.0473958 0.0835937
0 0.4242187 0.7695312 0.0640625 0.0656250
1 0.4221354 0.6175781 0.0755208 0.0695313
3 0.3351562 0.3730469 0.0828125 0.0585938
3 0.4375000 0.5144531 0.0500000 0.0585938
3 0.6502604 0.3226562 0.0713542 0.1046875
1 0.4270833 0.5972656 0.0864583 0.0539063
3 0.5083333 0.1515625 0.0416667 0.1140625
2 0.6804687 0.7257813 0.0817708 0.0875000
3 0.7651042 0.7054687 0.0718750 0.0687500
3 0.4328125 0.6707031 0.0635417 0.0882813
0 0.3375000 0.6105469 0.0812500 0.0585938
4 0.3554688 0.7878906 0.0411458 0.1351563
2 0.5427083 0.3207031 0.0770833 0.0585938
5 0.6541667 0.1753906 0.0697917 0.0710937
4 0.7367187 0.7203125 0.0838542 0.0828125
5 0.5973958 0.4097656 0.0562500 0.0929688
4 0.5885417 0.5726562 0.0718750 0.0593750
1 0.5148438 0.9355469 0.0505208 0.0617188
4 0.5020833 0.4472656 0.0770833 0.0726563
11 0.3992188 0.5011719 0.0640625 0.1148437
8 0.3747396 0.7050781 0.0546875 0.1132812
9 0.3945312 0.6914062 0.0859375 0.0953125
6 0.5815104 0.4921875 0.0776042 0.0812500
10 0.4518229 0.5542969 0.0796875 0.0773438
