2 0.4875000 0.6433594 0.1197917 0.0898438
4 0.7570313 0.1640625 0.0671875 0.1859375
4 0.3434896 0.1832031 0.1161458 0.0820312
5 0.7479167 0.5128906 0.0552083 0.1289062
1 0.5049479 0.8789062 0.1036458 0.1078125
0 0.3054688 0.1218750 0.1130208 0.0859375
5 0.4760417 0.2726562 0.1250000 0.0875000
1 0.7195312 0.4546875 0.1223958 0.1234375
5 0.6804687 0.2792969 0.0567708 0.1132812
5 0.7140625 0.4273438 0.0718750 0.1093750
0 0.4867187 0.0773438 0.0817708 0.1546875
3 0.4713542 0.0406250 0.0760417 0.0812500
1 0.7302083 0.6304688 0.1208333 0.0968750
5 0.5697917 0.1078125 0.0645833 0.1875000
3 0.5703125 0.1187500 0.0916667 0.1312500
1 0.6604167 0.5554687 0.0604167 0.0937500
11 0.6643229 0.4929688 0.1130208 0.1312500
8 0.5945312 0.7671875 0.1223958 0.1187500
6 0.3890625 0.0675781 0.0760417 0.1351563
8 0.5445313 0.6718750 0.0963542 0.1078125
6 0.3432292 0.3738281 0.0895833 0.1742188
6 0.2453125 0.4031250 0.1125000 0.1093750
10 0.4757812 0.2664063 0.1088542 0.1500000
9 0.6536458 0.6062500 0.0729167 0.1656250
