0 0.2682292 0.5242187 0.1031250 0.1125000
5 0.6934896 0.3152344 0.1057292 0.0710937
4 0.3630208 0.7785156 0.0625000 0.0898438
3 0.3291667 0.0980469 0.0562500 0.1726563
0 0.5528646 0.6042969 0.0713542 0.1148437
5 0.6169271 0.3531250 0.0692708 0.1593750
1 0.5338542 0.0687500 0.0635417 0.1375000
0 0.6190104 0.3867188 0.1005208 0.0843750
0 0.5875000 0.1101562 0.1197917 0.1046875
1 0.6843750 0.6933594 0.1218750 0.0851563
3 0.6997396 0.1902344 0.1171875 0.0664062
3 0.6283854 0.2218750 0.1223958 0.0843750
1 0.6671875 0.2140625 0.1166667 0.0937500
4 0.3911458 0.3015625 0.1177083 0.1015625
4 0.3364583 0.6707031 0.0958333 0.1289062
4 0.3119792 0.2308594 0.1229167 0.0804688
0 0.4854167 0.1667969 0.1218750 0.0835937
2 0.5580729 0.5886719 0.0692708 0.1085938
0 0.3546875 0.6089844 0.0510417 0.0976562
0 0.6052083 0.8972656 0.0729167 0.0882813
1 0.3601563 0.4632812 0.0734375 0.1609375
5 0.3643229 0.2863281 0.0609375 0.1507813
4 0.4203125 0.0601563 0.0937500 0.0906250
1 0.6054688 0.5003906 0.1140625 0.0867187
1 0.5140625 0.3023438 0.0843750 0.0953125
3 0.7385417 0.5937500 0.0906250 0.1437500
2 0.4794271 0.3304687 0.0692708 0.1578125
3 0.5994792 0.8085938 0.1156250 0.0828125
0 0.5515625 0.2503906 0.0739583 0.1289062
2 0.7593750 0.6246094 0.1093750 0.1007813
5 0.6700521 0.6988281 0.1098958 0.0851563
4 0.5403646 0.8617187 0.1067708 0.1000000
2 0.6726562 0.3972656 0.0682292 0.1601562
5 0.2888021 0.4359375 0.1067708 0.0875000
2 0.7005208 0.3281250 0.1229167 0.0828125
2 0.4794271 0.9718750 0.0692708 0.0546875
5 0.5882812 0.3167969 0.1067708 0.0835937
5 0.4002604 0.4417969 0.1171875 0.1164063
1 0.7140625 0.7128906 0.1125000 0.0773438
5 0.5526042 0.3714844 0.1135417 0.0960938
6 0.3242188 0.2832031 0.0713542 0.1195313
8 0.7468750 0.3675781 0.1062500 0.1039063
8 0.6429687 0.5140625 0.1213542 0.1390625
