4 0.5354167 0.9238281 0.0447917 0.0601563
5 0.1796875 0.5902344 0.0302083 0.0414062
1 0.6054688 0.3292969 0.0515625 0.0367188
1 0.6914062 0.5742188 0.0536458 0.0406250
0 0.4950521 0.4812500 0.0401042 0.0484375
1 0.5947917 0.8878906 0.0406250 0.0539063
5 0.6945313 0.4628906 0.0536458 0.0492187
5 0.5843750 0.5261719 0.0239583 0.0476562
1 0.8322917 0.4343750 0.0385417 0.0703125
3 0.2208333 0.6113281 0.0395833 0.0414062
1 0.1906250 0.4433594 0.0447917 0.0523438
2 0.7033854 0.6074219 0.0432292 0.0398437
0 0.4007812 0.4453125 0.0317708 0.0828125
0 0.3960938 0.4210937 0.0484375 0.0390625
2 0.2486979 0.6695313 0.0348958 0.0703125
2 0.3591146 0.2449219 0.0390625 0.0523438
5 0.6893229 0.3703125 0.0255208 0.0359375
4 0.6911458 0.6699219 0.0541667 0.0414062
1 0.5049479 0.6968750 0.0244792 0.0546875
0 0.8067708 0.4660156 0.0552083 0.0507812
2 0.3033854 0.6136719 0.0265625 0.0789062
2 0.6197917 0.7671875 0.0291667 0.0625000
0 0.2635417 0.4972656 0.0510417 0.0398437
3 0.7132812 0.5207031 0.0255208 0.0648438
2 0.5606771 0.5832031 0.0296875 0.0757812
3 0.4778646 0.3195312 0.0484375 0.0343750
3 0.2877604 0.4585938 0.0432292 0.0328125
0 0.3611979 0.4039063 0.0526042 0.0375000
5 0.7078125 0.3667969 0.0572917 0.0398437
3 0.4882812 0.4492188 0.0453125 0.0390625
3 0.5309896 0.2351563 0.0453125 0.0578125
0 0.6804687 0.5695313 0.0567708 0.0390625
0 0.5036458 0.4320312 0.0343750 0.0562500
1 0.4963542 0.3800781 0.0218750 0.0414062
1 0.5356771 0.6027344 0.0296875 0.0476562
4 0.4554687 0.6968750 0.0317708 0.0343750
2 0.6432292 0.8550781 0.0281250 0.0773438
3 0.3611979 0.5457031 0.0348958 0.0570312
3 0.3177083 0.7652344 0.0520833 0.0351562
2 0.5416667 0.1429688 0.0437500 0.0640625
1 0.5132813 0.4136719 0.0380208 0.0476562
4 0.3791667 0.2492187 0.0406250 0.0312500
0 0.5054688 0.7558594 0.0505208 0.0367188
0 0.6536458 0.5621094 0.0187500 0.0382813
5 0.6484375 0.6433594 0.0510417 0.0351562
3 0.6273437 0.3660156 0.0442708 0.0617188
3 0.4726562 0.7671875 0.0526042 0.0546875
0 0.4354167 0.3640625 0.0510417 0.0375000
1 0.2111979 0.5468750 0.0505208 0.0375000
1 0.7226562 0.7183594 0.0453125 0.0398437
4 0.4315104 0.6296875 0.0328125 0.0453125
3 0.4138021 0.4347656 0.0484375 0.0382813
11 0.3210938 0.7421875 0.0473958 0.0500000
6 0.2364583 0.2765625 0.0395833 0.0781250
10 0.5375000 0.8234375 0.0489583 0.0781250
10 0.5820312 0.6492187 0.0307292 0.0718750
9 0.7372396 0.3871094 0.0515625 0.0570312
10 0.6591146 0.5144531 0.0369792 0.0585938
10 0.3403646 0.1804688 0.0453125 0.0546875
10 0.6552083 0.5359375 0.0343750 0.0515625
11 0.3742187 0.2003906 0.0380208 0.0757812
8 0.6648437 0.1417969 0.0307292 0.0710937
9 0.2544271 0.6742187 0.0453125 0.0453125
6 0.2783854 0.2777344 0.0463542 0.0523438
8 0.2786458 0.7214844 0.0343750 0.0742188
7 0.4893229 0.2992187 0.0359375 0.0703125
8 0.6083333 0.2703125 0.0302083 0.0453125
8 0.6179687 0.2191406 0.0442708 0.0695313
