3 0.4606771 0.8136719 0.0109375 0.0367188
4 0.4526042 0.3972656 0.0156250 0.0304687
2 0.4122396 0.2050781 0.0182292 0.0289063
1 0.4307292 0.2996094 0.0187500 0.0242188
0 0.5638021 0.8554688 0.0161458 0.0203125
5 0.7020833 0.5296875 0.0239583 0.0203125
1 0.2721354 0.4253906 0.0203125 0.0242188
4 0.6049479 0.2148438 0.0161458 0.0218750
3 0.6752604 0.4425781 0.0244792 0.0164063
4 0.6244792 0.3343750 0.0177083 0.0250000
4 0.6109375 0.3125000 0.0166667 0.0328125
0 0.4398437 0.4089844 0.0182292 0.0164063
4 0.5083333 0.3597656 0.0145833 0.0226562
4 0.4598958 0.4101562 0.0135417 0.0328125
5 0.5835938 0.1843750 0.0161458 0.0343750
2 0.5132813 0.6660156 0.0234375 0.0210938
2 0.6533854 0.4511719 0.0130208 0.0242188
4 0.5122396 0.1078125 0.0223958 0.0203125
5 0.5007812 0.5644531 0.0203125 0.0210938
5 0.4367187 0.7054687 0.0213542 0.0171875
2 0.4119792 0.1839844 0.0145833 0.0273438
1 0.4609375 0.4195313 0.0135417 0.0156250
3 0.6221354 0.8195313 0.0119792 0.0187500
0 0.3380208 0.8722656 0.0114583 0.0320312
4 0.5825521 0.6601562 0.0234375 0.0203125
2 0.3859375 0.2597656 0.0125000 0.0195312
5 0.6684896 0.5601563 0.0203125 0.0343750
0 0.5015625 0.4195313 0.0166667 0.0265625
1 0.3963542 0.6734375 0.0177083 0.0359375
1 0.3846354 0.1500000 0.0213542 0.0187500
4 0.5830729 0.1925781 0.0140625 0.0273438
5 0.4429688 0.3250000 0.0192708 0.0281250
0 0.5505208 0.6953125 0.0229167 0.0171875
1 0.6190104 0.5867187 0.0234375 0.0171875
4 0.6843750 0.4046875 0.0229167 0.0156250
4 0.7414063 0.6890625 0.0255208 0.0187500
4 0.4427083 0.4597656 0.0145833 0.0242188
2 0.5565104 0.2925781 0.0098958 0.0335937
5 0.3520833 0.6214844 0.0239583 0.0164063
0 0.7335938 0.4957031 0.0213542 0.0289063
1 0.6729167 0.4710937 0.0156250 0.0218750
5 0.4046875 0.1750000 0.0125000 0.0359375
2 0.4625000 0.4945312 0.0229167 0.0203125
5 0.2747396 0.5468750 0.0171875 0.0312500
0 0.6692708 0.3898437 0.0125000 0.0390625
1 0.5013021 0.5867187 0.0109375 0.0203125
4 0.5380208 0.3542969 0.0187500 0.0226562
7 0.5627604 0.7847656 0.0223958 0.0210938
8 0.5940104 0.6398438 0.0182292 0.0250000
9 0.6388021 0.4812500 0.0244792 0.0234375
6 0.2783854 0.5660156 0.0223958 0.0257812
8 0.6252604 0.5859375 0.0234375 0.0218750
8 0.5901042 0.5855469 0.0250000 0.0273438
10 0.5872396 0.1546875 0.0140625 0.0312500
