1 0.6651042 0.9109375 0.0489583 0.1218750
4 0.5325521 0.3300781 0.0765625 0.0773438
1 0.3635417 0.6656250 0.0833333 0.0593750
4 0.4023438 0.8093750 0.0567708 0.0890625
1 0.5320312 0.5367188 0.0421875 0.0875000
2 0.4854167 0.7226562 0.0531250 0.0968750
4 0.2872396 0.5781250 0.0671875 0.1093750
2 0.2778646 0.4554687 0.0786458 0.0593750
4 0.4356771 0.4476562 0.0505208 0.0593750
3 0.2351563 0.0734375 0.0838542 0.0625000
2 0.6429687 0.6867188 0.0713542 0.0484375
4 0.6205729 0.3500000 0.0630208 0.1078125
5 0.3695312 0.5652344 0.0734375 0.0789062
1 0.5354167 0.7753906 0.0864583 0.0632812
0 0.5085937 0.6750000 0.0744792 0.0671875
1 0.5223958 0.8011719 0.0729167 0.0507812
2 0.3234375 0.6070313 0.0770833 0.0796875
3 0.5645833 0.9457031 0.0614583 0.1039063
2 0.6539063 0.3867188 0.0505208 0.0703125
5 0.5648437 0.6878906 0.0505208 0.0992187
3 0.4471354 0.4882812 0.0692708 0.0515625
0 0.5890625 0.7851562 0.0604167 0.0562500
2 0.5627604 0.5921875 0.0723958 0.0890625
3 0.4140625 0.2308594 0.0489583 0.0679687
0 0.6382813 0.6410156 0.0640625 0.0882813
1 0.4992187 0.0195312 0.0390625 0.0390625
1 0.4283854 0.0703125 0.0515625 0.1218750
5 0.7026042 0.5125000 0.0572917 0.1046875
2 0.4848958 0.3320312 0.0625000 0.1187500
4 0.3369792 0.5171875 0.0395833 0.0984375
0 0.3020833 0.3281250 0.0531250 0.1140625
5 0.3145833 0.2398437 0.0479167 0.0593750
1 0.7260417 0.4875000 0.0552083 0.0640625
4 0.5895833 0.5601563 0.0354167 0.1078125
2 0.4085937 0.5265625 0.0473958 0.1359375
4 0.4044271 0.0476562 0.0578125 0.0953125
2 0.5757813 0.9132813 0.0505208 0.1171875
3 0.6833333 0.4562500 0.0572917 0.1140625
5 0.5645833 0.5992188 0.0447917 0.0796875
4 0.4403646 0.4570312 0.0609375 0.0578125
4 0.6106771 0.4097656 0.0515625 0.0695313
0 0.3716146 0.3542969 0.0848958 0.0632812
3 0.5802083 0.3687500 0.0781250 0.0578125
2 0.4695313 0.3898437 0.0817708 0.0671875
5 0.5195312 0.6738281 0.0421875 0.1054688
4 0.5348958 0.4988281 0.0333333 0.0585938
5 0.3434896 0.6820312 0.0671875 0.0578125
1 0.6328125 0.4960938 0.0468750 0.0718750
2 0.2109375 0.5316406 0.0479167 0.0679687
4 0.6166667 0.6929688 0.0468750 0.1000000
1 0.7750000 0.4937500 0.0833333 0.0859375
3 0.6598958 0.5617188 0.0833333 0.0796875
0 0.4554687 0.6453125 0.0380208 0.1156250
4 0.4591146 0.5179687 0.0463542 0.0796875
0 0.6895833 0.4437500 0.0677083 0.0687500
4 0.4184896 0.0347656 0.0703125 0.0695313
0 0.5239583 0.0667969 0.0760417 0.0851563
11 0.7757812 0.6207031 0.0776042 0.0835937
10 0.7278646 0.5105469 0.0755208 0.0726563
10 0.5059896 0.3429687 0.0682292 0.1109375
10 0.7809896 0.4308594 0.0703125 0.0945312
9 0.6820312 0.5578125 0.0453125 0.0765625
11 0.3278646 0.8875000 0.0765625 0.0796875
11 0.6890625 0.3371094 0.0677083 0.1242188
11 0.5132813 0.7421875 0.0786458 0.1000000
7 0.6619792 0.4113281 0.0687500 0.1054688
9 0.6861979 0.1433594 0.0526042 0.1210938
10 0.5302083 0.4710937 0.0510417 0.0906250
