4 0.4341146 0.1246094 0.0244792 0.0179687
1 0.5708333 0.4097656 0.0166667 0.0382813
0 0.6770833 0.2296875 0.0250000 0.0203125
4 0.6333333 0.5906250 0.0281250 0.0265625
0 0.6645833 0.6808594 0.0166667 0.0210938
3 0.6700521 0.4605469 0.0276042 0.0242188
2 0.6908854 0.3906250 0.0276042 0.0218750
3 0.5934896 0.4460938 0.0140625 0.0156250
3 0.4705729 0.3679688 0.0276042 0.0296875
1 0.4182292 0.2601562 0.0208333 0.0234375
3 0.5291667 0.6839844 0.0145833 0.0429688
1 0.4835937 0.2179687 0.0203125 0.0312500
0 0.2984375 0.6589844 0.0197917 0.0367188
4 0.6445312 0.4066406 0.0192708 0.0226562
3 0.6138021 0.3445313 0.0203125 0.0250000
4 0.5867187 0.4218750 0.0161458 0.0296875
1 0.6903646 0.6246094 0.0161458 0.0273438
2 0.5890625 0.3050781 0.0291667 0.0195312
0 0.3294271 0.7113281 0.0140625 0.0351562
3 0.5382813 0.3285156 0.0192708 0.0226562
4 0.4783854 0.5980469 0.0140625 0.0382813
4 0.6393229 0.7929688 0.0265625 0.0218750
3 0.4382813 0.2144531 0.0182292 0.0367188
4 0.5395833 0.6027344 0.0218750 0.0226562
4 0.3572917 0.2656250 0.0260417 0.0265625
4 0.5182292 0.7273437 0.0291667 0.0203125
5 0.3565104 0.7554688 0.0130208 0.0187500
3 0.5445313 0.6074219 0.0255208 0.0257812
3 0.4914062 0.3230469 0.0276042 0.0289063
0 0.5562500 0.5742188 0.0156250 0.0390625
1 0.3872396 0.7539062 0.0171875 0.0218750
5 0.3731771 0.5757813 0.0130208 0.0265625
3 0.5830729 0.6722656 0.0161458 0.0382813
0 0.5786458 0.5414062 0.0218750 0.0218750
1 0.6453125 0.2609375 0.0270833 0.0218750
4 0.5708333 0.4800781 0.0197917 0.0164063
4 0.3065104 0.7679687 0.0286458 0.0218750
3 0.6945313 0.4171875 0.0151042 0.0328125
1 0.5945312 0.9578125 0.0234375 0.0296875
8 0.5343750 0.4925781 0.0177083 0.0289063
8 0.4229167 0.8449219 0.0229167 0.0398437
8 0.5979167 0.4351563 0.0270833 0.0359375
7 0.4747396 0.5910156 0.0203125 0.0273438
6 0.5583333 0.6652344 0.0270833 0.0273438
9 0.6794271 0.7062500 0.0192708 0.0421875
6 0.6856771 0.3656250 0.0276042 0.0281250
11 0.3463542 0.3269531 0.0281250 0.0304687
7 0.7372396 0.6417969 0.0265625 0.0367188
11 0.5250000 0.1945312 0.0270833 0.0312500
7 0.4994792 0.7675781 0.0250000 0.0257812
11 0.6609375 0.4488281 0.0250000 0.0351562
11 0.6609375 0.6414062 0.0187500 0.0265625
6 0.3484375 0.6160156 0.0270833 0.0273438
10 0.6145833 0.1480469 0.0260417 0.0257812
11 0.6484375 0.5207031 0.0197917 0.0414062
9 0.6044271 0.7734375 0.0182292 0.0421875
10 0.4966146 0.4082031 0.0171875 0.0398437
