0 0.5151042 0.3437500 0.0427083 0.0437500
0 0.3091146 0.1390625 0.0567708 0.0625000
0 0.4674479 0.5421875 0.0494792 0.0765625
3 0.5075521 0.6468750 0.0515625 0.0515625
0 0.5531250 0.4339844 0.0354167 0.0867187
4 0.4247396 0.7648438 0.0432292 0.0750000
3 0.5523438 0.6332031 0.0411458 0.0648438
4 0.4072917 0.6769531 0.0572917 0.0648438
5 0.4721354 0.5574219 0.0369792 0.0726563
2 0.6585937 0.6753906 0.0567708 0.0492187
0 0.7041667 0.4574219 0.0447917 0.0820312
5 0.5619792 0.3152344 0.0541667 0.0617188
4 0.7213542 0.6199219 0.0541667 0.0945312
2 0.6440104 0.2457031 0.0307292 0.0898438
3 0.4057292 0.7625000 0.0322917 0.0546875
4 0.7812500 0.5367188 0.0593750 0.0640625
1 0.5559896 0.1218750 0.0421875 0.0906250
4 0.5507812 0.6746094 0.0390625 0.0804688
1 0.7304688 0.7714844 0.0557292 0.0570312
2 0.3515625 0.1332031 0.0364583 0.0820312
4 0.4815104 0.4925781 0.0682292 0.0414062
1 0.7135417 0.5937500 0.0656250 0.0421875
1 0.4377604 0.8789062 0.0411458 0.0906250
3 0.3138021 0.6851563 0.0432292 0.0937500
3 0.4734375 0.7109375 0.0604167 0.0453125
2 0.7283854 0.6992188 0.0338542 0.0875000
1 0.3976562 0.2308594 0.0473958 0.0789062
0 0.5736979 0.5093750 0.0494792 0.0796875
5 0.3744792 0.3453125 0.0625000 0.0437500
1 0.6578125 0.7957031 0.0656250 0.0429688
2 0.5656250 0.7164063 0.0635417 0.0421875
2 0.3528646 0.2296875 0.0473958 0.0734375
5 0.6343750 0.2476562 0.0687500 0.0421875
1 0.6765625 0.5335937 0.0697917 0.0546875
2 0.6203125 0.2812500 0.0552083 0.0531250
1 0.7570313 0.3929687 0.0484375 0.0765625
4 0.5666667 0.8703125 0.0614583 0.0531250
4 0.5348958 0.1945312 0.0437500 0.0453125
0 0.6273437 0.0886719 0.0390625 0.0851563
2 0.5434896 0.7707031 0.0557292 0.0648438
0 0.5265625 0.2613281 0.0375000 0.0820312
5 0.6692708 0.3464844 0.0656250 0.0507812
0 0.4984375 0.3859375 0.0260417 0.0859375
3 0.5841146 0.6285156 0.0484375 0.0867187
5 0.5367188 0.9011719 0.0453125 0.0679687
2 0.4877604 0.7546875 0.0609375 0.0406250
2 0.4588542 0.4238281 0.0500000 0.0742188
0 0.3395833 0.5414062 0.0312500 0.0843750
1 0.4763021 0.3582031 0.0526042 0.0523438
3 0.3070312 0.5132813 0.0442708 0.0640625
5 0.3968750 0.3585937 0.0406250 0.0781250
3 0.4992187 0.2125000 0.0692708 0.0531250
2 0.6153646 0.6425781 0.0567708 0.0601563
2 0.6677083 0.7093750 0.0552083 0.0703125
3 0.5252604 0.5734375 0.0463542 0.0718750
1 0.4950521 0.7152344 0.0401042 0.0960938
1 0.5820312 0.3593750 0.0401042 0.0625000
0 0.4059896 0.2750000 0.0588542 0.0484375
4 0.4812500 0.5781250 0.0375000 0.0640625
0 0.5929688 0.6406250 0.0661458 0.0609375
11 0.2885417 0.6750000 0.0593750 0.0765625
8 0.4046875 0.5808594 0.0625000 0.0726563
10 0.3453125 0.5351562 0.0541667 0.0765625
6 0.5994792 0.6171875 0.0656250 0.0875000
7 0.4932292 0.4761719 0.0385417 0.0773438
11 0.5216146 0.7132812 0.0453125 0.0796875
6 0.5997396 0.5250000 0.0453125 0.0593750
10 0.3877604 0.8125000 0.0619792 0.0843750
6 0.5914063 0.0730469 0.0588542 0.0601563
7 0.6638021 0.3097656 0.0557292 0.0617188
11 0.3341146 0.4609375 0.0578125 0.0750000
7 0.6315104 0.5964844 0.0661458 0.0804688
8 0.5223958 0.5207031 0.0468750 0.0851563
6 0.2697917 0.7695312 0.0593750 0.0781250
6 0.4343750 0.7386719 0.0604167 0.0664062
