2 0.7000000 0.5148438 0.0250000 0.0218750
4 0.6611979 0.6601562 0.0203125 0.0234375
1 0.4739583 0.3234375 0.0125000 0.0375000
2 0.5471354 0.4226563 0.0192708 0.0218750
4 0.4106771 0.1261719 0.0161458 0.0367188
1 0.5143229 0.4730469 0.0140625 0.0320312
2 0.5223958 0.4796875 0.0208333 0.0296875
5 0.2276042 0.4824219 0.0218750 0.0289063
2 0.5236979 0.5605469 0.0161458 0.0398437
5 0.2807292 0.5816406 0.0114583 0.0398437
1 0.4830729 0.2667969 0.0223958 0.0179687
3 0.1966146 0.4039063 0.0265625 0.0250000
1 0.7791667 0.7898437 0.0114583 0.0343750
1 0.4281250 0.7742187 0.0218750 0.0171875
1 0.5619792 0.4824219 0.0166667 0.0164063
3 0.5143229 0.2968750 0.0192708 0.0187500
0 0.2190104 0.3503906 0.0265625 0.0179687
5 0.6174479 0.6300781 0.0130208 0.0398437
2 0.3364583 0.6425781 0.0177083 0.0210938
4 0.6244792 0.5816406 0.0208333 0.0195312
0 0.5554687 0.6792969 0.0223958 0.0195312
3 0.6312500 0.7074219 0.0260417 0.0164063
4 0.5986979 0.6992188 0.0119792 0.0359375
3 0.3070312 0.5136719 0.0130208 0.0226562
4 0.4877604 0.3636719 0.0140625 0.0273438
2 0.5466146 0.4078125 0.0244792 0.0187500
0 0.5549479 0.4820313 0.0203125 0.0312500
0 0.7171875 0.6972656 0.0239583 0.0148437
0 0.4510417 0.5148438 0.0104167 0.0218750
0 0.5289063 0.4015625 0.0234375 0.0234375
3 0.6059896 0.5855469 0.0109375 0.0210938
0 0.7072917 0.4515625 0.0229167 0.0218750
5 0.6955729 0.7117187 0.0244792 0.0218750
2 0.6252604 0.5613281 0.0255208 0.0164063
1 0.7010417 0.6843750 0.0260417 0.0187500
5 0.5335937 0.0796875 0.0213542 0.0187500
5 0.6591146 0.7339844 0.0223958 0.0164063
0 0.5835938 0.3140625 0.0182292 0.0359375
0 0.3445313 0.3183594 0.0234375 0.0304687
4 0.4635417 0.5363281 0.0218750 0.0226562
4 0.3114583 0.7207031 0.0239583 0.0210938
5 0.4953125 0.7117187 0.0156250 0.0265625
0 0.6255208 0.3550781 0.0250000 0.0195312
4 0.5880208 0.5906250 0.0229167 0.0171875
9 0.3554688 0.5226563 0.0255208 0.0250000
10 0.3500000 0.5492187 0.0239583 0.0250000
8 0.6528646 0.5695313 0.0234375 0.0343750
8 0.6802083 0.6199219 0.0197917 0.0273438
6 0.4713542 0.3375000 0.0239583 0.0234375
6 0.7153646 0.4816406 0.0203125 0.0367188
9 0.3802083 0.1937500 0.0156250 0.0359375
11 0.5950521 0.4375000 0.0161458 0.0359375
11 0.4606771 0.9007812 0.0234375 0.0234375
9 0.4614583 0.2226562 0.0197917 0.0250000
6 0.3325521 0.7316406 0.0171875 0.0304687
11 0.4687500 0.4539063 0.0156250 0.0343750
11 0.7195312 0.5667969 0.0255208 0.0242188
6 0.6203125 0.2000000 0.0229167 0.0281250
9 0.4216146 0.4785156 0.0171875 0.0351562
7 0.4942708 0.6792969 0.0250000 0.0257812
7 0.6781250 0.4652344 0.0197917 0.0367188
9 0.6065104 0.8238281 0.0171875 0.0226562
7 0.3875000 0.2988281 0.0229167 0.0226562
8 0.6104167 0.6574219 0.0177083 0.0398437
