4 0.6677083 0.7300781 0.0166667 0.0460938
4 0.7033854 0.3613281 0.0348958 0.0257812
0 0.3791667 0.2582031 0.0177083 0.0570312
1 0.6552083 0.5910156 0.0385417 0.0289063
5 0.7127604 0.5265625 0.0338542 0.0390625
5 0.4033854 0.4003906 0.0234375 0.0351562
5 0.5388021 0.2453125 0.0307292 0.0421875
2 0.6911458 0.3632812 0.0260417 0.0343750
4 0.5533854 0.3500000 0.0182292 0.0281250
4 0.3002604 0.4621094 0.0307292 0.0398437
0 0.4177083 0.5343750 0.0354167 0.0375000
1 0.4328125 0.3707031 0.0343750 0.0289063
2 0.5609375 0.3632812 0.0322917 0.0359375
5 0.3593750 0.6750000 0.0197917 0.0453125
4 0.4679687 0.5925781 0.0328125 0.0257812
0 0.7093750 0.4382813 0.0166667 0.0343750
2 0.7333333 0.5320312 0.0333333 0.0343750
4 0.6421875 0.3410156 0.0333333 0.0226562
1 0.5820312 0.1699219 0.0286458 0.0445313
3 0.5502604 0.1785156 0.0338542 0.0351562
0 0.3070312 0.5484375 0.0161458 0.0281250
4 0.5343750 0.7695312 0.0333333 0.0406250
0 0.5484375 0.4195313 0.0333333 0.0406250
0 0.6023437 0.2433594 0.0348958 0.0257812
1 0.6638021 0.3441406 0.0286458 0.0320312
0 0.3403646 0.4375000 0.0348958 0.0296875
4 0.5455729 0.6003906 0.0401042 0.0273438
3 0.4213542 0.2074219 0.0260417 0.0460938
1 0.5815104 0.6726562 0.0328125 0.0296875
1 0.6515625 0.3406250 0.0281250 0.0296875
3 0.6955729 0.6097656 0.0171875 0.0367188
5 0.6638021 0.2980469 0.0223958 0.0570312
3 0.5807292 0.4042969 0.0197917 0.0398437
1 0.4895833 0.8203125 0.0312500 0.0281250
2 0.8098958 0.3980469 0.0333333 0.0304687
0 0.4460938 0.4812500 0.0307292 0.0265625
1 0.3289063 0.3148437 0.0380208 0.0281250
5 0.5059896 0.3523438 0.0328125 0.0250000
2 0.7429687 0.6308594 0.0390625 0.0320312
4 0.5765625 0.7082031 0.0375000 0.0257812
4 0.4825521 0.4746094 0.0380208 0.0304687
0 0.4369792 0.4917969 0.0281250 0.0367188
5 0.5395833 0.5050781 0.0385417 0.0273438
0 0.5919271 0.7976562 0.0244792 0.0375000
4 0.4031250 0.0222656 0.0229167 0.0445313
3 0.3963542 0.2421875 0.0312500 0.0218750
5 0.5468750 0.5917969 0.0229167 0.0585938
3 0.5736979 0.5468750 0.0203125 0.0343750
2 0.5481771 0.3628906 0.0203125 0.0539063
2 0.2768229 0.4460938 0.0380208 0.0281250
2 0.3846354 0.8015625 0.0213542 0.0562500
4 0.5554687 0.7550781 0.0338542 0.0351562
5 0.5354167 0.2941406 0.0250000 0.0367188
4 0.4554687 0.4976563 0.0203125 0.0312500
0 0.4664063 0.6476563 0.0338542 0.0281250
4 0.2812500 0.5781250 0.0270833 0.0281250
1 0.4351563 0.1628906 0.0171875 0.0429688
2 0.4570312 0.3023438 0.0328125 0.0328125
10 0.3867188 0.5464844 0.0213542 0.0398437
11 0.6190104 0.3789062 0.0328125 0.0375000
6 0.4177083 0.3832031 0.0208333 0.0398437
9 0.6484375 0.4410156 0.0343750 0.0476562
9 0.4036458 0.5851563 0.0281250 0.0359375
6 0.4403646 0.4894531 0.0307292 0.0539063
9 0.7151042 0.7316406 0.0239583 0.0539063
8 0.6666667 0.7140625 0.0354167 0.0343750
9 0.3664062 0.7769531 0.0338542 0.0382813
10 0.6229167 0.6523438 0.0281250 0.0421875
7 0.5726562 0.5796875 0.0276042 0.0312500
