1 0.4554687 0.3472656 0.0338542 0.0382813
2 0.7416667 0.2789063 0.0489583 0.0437500
3 0.6072917 0.5816406 0.0343750 0.0554687
0 0.6815104 0.2644531 0.0182292 0.0648438
3 0.7000000 0.4617188 0.0489583 0.0500000
4 0.6921875 0.7597656 0.0427083 0.0382813
2 0.4476562 0.8460937 0.0484375 0.0359375
2 0.2768229 0.3875000 0.0213542 0.0359375
4 0.5111979 0.1636719 0.0234375 0.0679687
2 0.7083333 0.6664062 0.0458333 0.0312500
5 0.5111979 0.5414062 0.0453125 0.0328125
3 0.5708333 0.3503906 0.0333333 0.0507812
0 0.5992188 0.7492188 0.0307292 0.0593750
4 0.6294271 0.3289063 0.0442708 0.0312500
3 0.5421875 0.5773438 0.0364583 0.0515625
5 0.7226562 0.6179687 0.0442708 0.0421875
1 0.3294271 0.4234375 0.0203125 0.0718750
2 0.4830729 0.2988281 0.0213542 0.0398437
4 0.4153646 0.3011719 0.0453125 0.0242188
5 0.3065104 0.7699219 0.0453125 0.0335937
2 0.5606771 0.7433594 0.0286458 0.0351562
0 0.7039062 0.3187500 0.0286458 0.0578125
1 0.6250000 0.5125000 0.0333333 0.0703125
2 0.3531250 0.7304688 0.0468750 0.0359375
3 0.3544271 0.2449219 0.0453125 0.0398437
0 0.6643229 0.5406250 0.0192708 0.0359375
3 0.4984375 0.3308594 0.0437500 0.0414062
0 0.4713542 0.9027344 0.0229167 0.0554687
2 0.5203125 0.4488281 0.0260417 0.0554687
2 0.5601563 0.5214844 0.0390625 0.0460938
4 0.5341146 0.6964844 0.0421875 0.0429688
4 0.6054688 0.4250000 0.0317708 0.0437500
3 0.6153646 0.3003906 0.0255208 0.0570312
2 0.4763021 0.6730469 0.0234375 0.0382813
2 0.5682292 0.6980469 0.0406250 0.0476562
3 0.5500000 0.4449219 0.0479167 0.0335937
0 0.2880208 0.6140625 0.0500000 0.0343750
4 0.6049479 0.5187500 0.0213542 0.0593750
0 0.6500000 0.5777344 0.0239583 0.0445313
2 0.7122396 0.4511719 0.0421875 0.0429688
2 0.3937500 0.1125000 0.0166667 0.0359375
0 0.4536458 0.3976562 0.0229167 0.0656250
2 0.3507812 0.2457031 0.0473958 0.0320312
4 0.4554687 0.8429688 0.0432292 0.0515625
2 0.4854167 0.8625000 0.0270833 0.0375000
0 0.6281250 0.4910156 0.0468750 0.0429688
1 0.6630208 0.9355469 0.0447917 0.0351562
3 0.3343750 0.3273437 0.0187500 0.0296875
0 0.3229167 0.6324219 0.0229167 0.0617188
0 0.5820312 0.5890625 0.0317708 0.0453125
3 0.4476562 0.2253906 0.0432292 0.0320312
1 0.6369792 0.3664062 0.0333333 0.0328125
1 0.5263021 0.3566406 0.0401042 0.0429688
1 0.5997396 0.1488281 0.0213542 0.0382813
3 0.6093750 0.4519531 0.0416667 0.0335937
1 0.3692708 0.5246094 0.0489583 0.0382813
5 0.6296875 0.4601562 0.0239583 0.0421875
10 0.5312500 0.6535156 0.0437500 0.0617188
8 0.7229167 0.3156250 0.0416667 0.0562500
7 0.4020833 0.3613281 0.0416667 0.0398437
7 0.5804687 0.4179688 0.0265625 0.0390625
7 0.5197917 0.7199219 0.0291667 0.0648438
11 0.3002604 0.7117187 0.0453125 0.0437500
10 0.5437500 0.1160156 0.0416667 0.0492187
9 0.3138021 0.3863281 0.0401042 0.0585938
9 0.6395833 0.7320313 0.0302083 0.0687500
8 0.4177083 0.4707031 0.0416667 0.0476562
