3 0.4278646 0.8265625 0.0942708 0.0937500
4 0.4377604 0.5992188 0.1140625 0.0843750
5 0.5179687 0.4718750 0.0973958 0.1046875
3 0.5325521 0.3933594 0.0984375 0.0976562
4 0.5888021 0.2429688 0.0536458 0.1750000
0 0.4054687 0.5507812 0.0546875 0.1656250
0 0.4596354 0.7554688 0.0536458 0.1375000
2 0.4651042 0.6105469 0.0458333 0.0835937
5 0.2947917 0.2871094 0.0604167 0.1304687
0 0.4221354 0.2769531 0.0713542 0.0789062
3 0.2942708 0.4785156 0.1135417 0.0835937
5 0.5601563 0.5960937 0.1130208 0.0859375
4 0.5609375 0.8585938 0.1093750 0.1343750
0 0.4221354 0.1937500 0.0703125 0.1812500
3 0.7270833 0.6558594 0.1229167 0.0898438
5 0.3002604 0.6058594 0.0984375 0.1539062
1 0.4078125 0.4195313 0.0718750 0.1015625
1 0.5296875 0.3031250 0.0812500 0.1843750
5 0.3138021 0.2683594 0.0953125 0.1742188
5 0.5973958 0.4539063 0.1093750 0.0734375
3 0.4802083 0.7261719 0.0750000 0.0867187
5 0.6476563 0.7457031 0.0869792 0.1429688
3 0.7651042 0.6574219 0.1250000 0.1054688
4 0.6473958 0.3445313 0.0895833 0.1093750
5 0.3286458 0.1242188 0.0854167 0.1390625
1 0.3981771 0.1269531 0.0848958 0.0898438
4 0.4648438 0.9441406 0.0848958 0.1101562
5 0.2919271 0.2699219 0.0619792 0.1148437
0 0.6117187 0.4164062 0.1026042 0.1062500
4 0.3666667 0.5000000 0.1093750 0.0875000
0 0.5361979 0.4140625 0.0807292 0.1546875
5 0.6093750 0.7781250 0.0927083 0.1375000
1 0.5580729 0.4917969 0.0942708 0.1164063
5 0.4864583 0.1074219 0.0562500 0.1882813
1 0.2992187 0.4273438 0.1026042 0.0937500
2 0.5973958 0.5656250 0.0864583 0.0968750
2 0.5317708 0.8628906 0.0697917 0.1257813
3 0.5940104 0.7765625 0.1130208 0.1015625
1 0.6388021 0.5839844 0.1057292 0.0742188
4 0.5546875 0.2281250 0.1156250 0.0984375
2 0.3713542 0.6269531 0.1208333 0.1179687
1 0.6203125 0.1019531 0.0656250 0.1867187
1 0.5455729 0.4386719 0.1046875 0.1492188
3 0.7093750 0.6222656 0.1239583 0.1085938
3 0.6500000 0.6996094 0.0958333 0.1132812
4 0.6085938 0.6523438 0.0963542 0.0875000
0 0.4218750 0.3714844 0.1260417 0.0898438
4 0.5343750 0.1992188 0.0697917 0.1687500
5 0.6268229 0.2273438 0.0682292 0.1781250
5 0.4125000 0.1589844 0.0843750 0.1039063
4 0.3223958 0.6515625 0.1125000 0.0906250
3 0.2697917 0.4625000 0.1125000 0.0765625
3 0.4648438 0.5449219 0.0609375 0.1601562
3 0.7679687 0.5089844 0.0692708 0.1085938
2 0.6166667 0.7277344 0.0875000 0.0960938
5 0.5708333 0.7128906 0.1000000 0.0976562
0 0.5997396 0.7375000 0.1088542 0.0765625
3 0.4335938 0.3289063 0.0755208 0.1984375
3 0.6041667 0.7917969 0.0583333 0.1210938
7 0.4481771 0.1468750 0.1119792 0.1296875
9 0.4062500 0.5824219 0.0802083 0.1085938
7 0.4679687 0.5957031 0.0744792 0.1710937
6 0.7317708 0.5605469 0.1229167 0.1382812
