0 0.4052083 0.3921875 0.0364583 0.0687500
4 0.5669271 0.1566406 0.0526042 0.0492187
1 0.6710938 0.6945313 0.0276042 0.0859375
1 0.5812500 0.3800781 0.0489583 0.0523438
2 0.6416667 0.3156250 0.0541667 0.0437500
5 0.7721354 0.4402344 0.0630208 0.0445313
2 0.5690104 0.8464844 0.0588542 0.0382813
5 0.6835938 0.6250000 0.0463542 0.0421875
3 0.3419271 0.4449219 0.0598958 0.0429688
4 0.6216146 0.6027344 0.0526042 0.0585938
2 0.5278646 0.3417969 0.0567708 0.0414062
4 0.5484375 0.4488281 0.0604167 0.0460938
0 0.4854167 0.5828125 0.0291667 0.0421875
4 0.7882813 0.7273437 0.0328125 0.0828125
5 0.6614583 0.4492188 0.0468750 0.0625000
5 0.5942708 0.6625000 0.0479167 0.0671875
0 0.3346354 0.4402344 0.0432292 0.0773438
0 0.4236979 0.6070313 0.0359375 0.0562500
2 0.4151042 0.6390625 0.0385417 0.0468750
5 0.5080729 0.6855469 0.0411458 0.0585938
1 0.6283854 0.5785156 0.0619792 0.0460938
1 0.3541667 0.2582031 0.0604167 0.0460938
5 0.4567708 0.7257813 0.0531250 0.0484375
0 0.6843750 0.2003906 0.0552083 0.0429688
5 0.4356771 0.8929687 0.0494792 0.0593750
1 0.4713542 0.7886719 0.0416667 0.0414062
2 0.4283854 0.6996094 0.0348958 0.0851563
3 0.3250000 0.4105469 0.0250000 0.0539063
1 0.6843750 0.5488281 0.0572917 0.0398437
5 0.5276042 0.3308594 0.0572917 0.0367188
4 0.3130208 0.3097656 0.0468750 0.0398437
5 0.6177083 0.2453125 0.0343750 0.0515625
2 0.5203125 0.1195313 0.0364583 0.0890625
1 0.6049479 0.1558594 0.0463542 0.0835937
1 0.7075521 0.8324219 0.0557292 0.0414062
3 0.4906250 0.1187500 0.0531250 0.0515625
0 0.6273437 0.6457031 0.0276042 0.0710937
5 0.4992187 0.7363281 0.0401042 0.0617188
4 0.5713542 0.2257812 0.0437500 0.0515625
3 0.3888021 0.1390625 0.0546875 0.0421875
9 0.6768229 0.8136719 0.0494792 0.0507812
8 0.6536458 0.6960937 0.0541667 0.0656250
8 0.6424479 0.2878906 0.0546875 0.0554687
8 0.2242187 0.5695313 0.0578125 0.0625000
11 0.4851563 0.4773438 0.0359375 0.0515625
7 0.2109375 0.3863281 0.0458333 0.0773438
6 0.5312500 0.3750000 0.0562500 0.0562500
10 0.3786458 0.2035156 0.0333333 0.0773438
6 0.2817708 0.6703125 0.0437500 0.0765625
11 0.2661458 0.3136719 0.0427083 0.0757812
7 0.6085938 0.1777344 0.0536458 0.0523438
6 0.7570313 0.6871094 0.0380208 0.0726563
7 0.4906250 0.7406250 0.0333333 0.0500000
10 0.7067708 0.6429687 0.0375000 0.0609375
9 0.6390625 0.2722656 0.0510417 0.0585938
8 0.6489583 0.7554688 0.0489583 0.0500000
8 0.4434896 0.6875000 0.0526042 0.0609375
11 0.5625000 0.2253906 0.0385417 0.0710937
