1 0.5179687 0.4378906 0.0432292 0.1023437
1 0.7789063 0.3363281 0.0817708 0.0554687
0 0.6385417 0.8777344 0.0593750 0.1023437
1 0.4708333 0.3808594 0.0729167 0.0523438
2 0.3250000 0.7937500 0.0375000 0.0406250
5 0.4216146 0.3972656 0.0869792 0.0664062
5 0.7195312 0.5937500 0.0713542 0.0812500
0 0.3239583 0.0679687 0.0312500 0.1218750
1 0.4817708 0.6148438 0.0781250 0.0546875
3 0.5809896 0.5570312 0.0828125 0.0656250
5 0.7296875 0.7417969 0.0802083 0.0601563
1 0.5039062 0.0527344 0.0557292 0.0898438
1 0.4880208 0.5574219 0.0427083 0.0554687
4 0.4945312 0.2015625 0.0755208 0.0546875
5 0.5013021 0.3105469 0.0484375 0.0992187
1 0.5781250 0.2089844 0.0541667 0.0742188
3 0.5505208 0.3394531 0.0697917 0.0554687
1 0.5221354 0.3671875 0.0473958 0.0562500
2 0.5466146 0.4656250 0.0723958 0.0906250
1 0.6057292 0.3500000 0.0531250 0.1078125
0 0.5138021 0.4093750 0.0776042 0.0546875
5 0.7361979 0.4960938 0.0411458 0.0656250
1 0.4119792 0.2480469 0.0479167 0.1226562
4 0.3445313 0.5207031 0.0734375 0.0476562
2 0.3669271 0.1925781 0.0588542 0.0960938
1 0.5468750 0.6031250 0.0625000 0.1015625
0 0.5416667 0.8761719 0.0416667 0.1117188
4 0.7062500 0.7902344 0.0843750 0.0601563
1 0.3997396 0.7726563 0.0401042 0.0578125
2 0.4145833 0.7003906 0.0322917 0.0960938
0 0.5489583 0.1910156 0.0843750 0.0632812
0 0.4820313 0.5636719 0.0828125 0.0585938
5 0.6648437 0.5144531 0.0401042 0.1148437
3 0.3486979 0.4960938 0.0734375 0.0609375
5 0.5054688 0.5820312 0.0380208 0.0703125
3 0.3791667 0.1410156 0.0500000 0.0476562
4 0.7234375 0.6109375 0.0437500 0.0953125
3 0.6187500 0.3644531 0.0479167 0.0851563
3 0.4127604 0.5921875 0.0682292 0.0578125
2 0.3697917 0.6003906 0.0468750 0.0726563
3 0.5216146 0.8054687 0.0796875 0.0562500
2 0.4281250 0.1136719 0.0500000 0.1054688
2 0.4109375 0.3105469 0.0843750 0.0570312
0 0.6578125 0.4781250 0.0333333 0.1031250
5 0.6606771 0.5023437 0.0526042 0.0937500
1 0.3882813 0.6796875 0.0484375 0.0765625
1 0.6643229 0.5617188 0.0442708 0.1187500
0 0.5507812 0.4722656 0.0359375 0.1148437
3 0.4692708 0.4726562 0.0552083 0.0656250
4 0.2619792 0.4750000 0.0645833 0.0656250
1 0.5221354 0.4800781 0.0463542 0.1054688
4 0.4950521 0.2875000 0.0317708 0.0828125
2 0.4390625 0.6789063 0.0395833 0.0750000
2 0.4625000 0.5664062 0.0781250 0.0546875
1 0.2778646 0.4250000 0.0859375 0.0671875
2 0.7539062 0.6347656 0.0817708 0.0632812
3 0.7119792 0.6613281 0.0854167 0.0695313
3 0.5580729 0.2847656 0.0348958 0.1007813
0 0.2791667 0.7453125 0.0802083 0.0578125
3 0.5859375 0.4316406 0.0812500 0.0554687
2 0.4830729 0.7312500 0.0526042 0.0468750
5 0.7026042 0.4515625 0.0427083 0.0812500
3 0.5356771 0.8386719 0.0380208 0.0898438
0 0.5085937 0.3179688 0.0713542 0.0859375
0 0.3635417 0.7652344 0.0375000 0.0601563
2 0.5692708 0.2964844 0.0500000 0.0523438
1 0.6276042 0.1445312 0.0718750 0.0484375
5 0.5854167 0.4410156 0.0375000 0.0742188
2 0.7765625 0.4054687 0.0479167 0.0609375
0 0.4627604 0.7207031 0.0692708 0.1023437
0 0.6968750 0.5074219 0.0833333 0.0601563
0 0.5263021 0.7714844 0.0765625 0.0492187
2 0.4677083 0.2296875 0.0677083 0.0562500
0 0.4015625 0.4824219 0.0687500 0.0601563
4 0.4596354 0.7542969 0.0838542 0.0601563
2 0.4638021 0.5984375 0.0734375 0.0515625
1 0.3890625 0.1691406 0.0510417 0.1039063
9 0.3218750 0.7843750 0.0833333 0.0812500
8 0.6585937 0.9734375 0.0442708 0.0515625
7 0.6122396 0.5183594 0.0651042 0.0757812
11 0.3148437 0.2628906 0.0473958 0.0929688
6 0.6171875 0.6085938 0.0635417 0.1062500
8 0.3955729 0.8894531 0.0473958 0.1085938
11 0.5364583 0.8000000 0.0718750 0.0750000
9 0.4687500 0.3062500 0.0541667 0.0828125
11 0.6458333 0.6933594 0.0656250 0.0835937
6 0.4372396 0.8531250 0.0713542 0.0718750
6 0.6031250 0.4207031 0.0697917 0.0695313
8 0.7013021 0.2804687 0.0484375 0.1140625
7 0.4361979 0.5339844 0.0765625 0.0742188
7 0.5276042 0.8015625 0.0593750 0.1078125
