0 0.5937500 0.3835938 0.0145833 0.0312500
0 0.4002604 0.5093750 0.0151042 0.0359375
1 0.5942708 0.6144531 0.0135417 0.0320312
0 0.3494792 0.4128906 0.0281250 0.0210938
5 0.4851563 0.4667969 0.0203125 0.0195312
5 0.6338542 0.7527344 0.0125000 0.0195312
2 0.7062500 0.7742187 0.0260417 0.0171875
3 0.5960937 0.8398438 0.0151042 0.0171875
4 0.6994792 0.8140625 0.0114583 0.0390625
5 0.3950521 0.3511719 0.0276042 0.0195312
0 0.5408854 0.4714844 0.0213542 0.0195312
5 0.6927083 0.6066406 0.0208333 0.0257812
3 0.4455729 0.4910156 0.0182292 0.0398437
4 0.3963542 0.6941406 0.0114583 0.0195312
5 0.5367188 0.5828125 0.0182292 0.0296875
5 0.6781250 0.3820312 0.0260417 0.0250000
3 0.2768229 0.8730469 0.0265625 0.0195312
5 0.6028646 0.8527344 0.0244792 0.0210938
3 0.6117187 0.6199219 0.0151042 0.0257812
1 0.7442708 0.5363281 0.0197917 0.0210938
2 0.5091146 0.3078125 0.0223958 0.0218750
3 0.5966146 0.4570312 0.0223958 0.0203125
3 0.4414062 0.7250000 0.0151042 0.0406250
0 0.5679688 0.8921875 0.0276042 0.0234375
1 0.4929688 0.7437500 0.0119792 0.0328125
0 0.4973958 0.8234375 0.0218750 0.0218750
5 0.6484375 0.2718750 0.0166667 0.0359375
2 0.3565104 0.4492188 0.0140625 0.0296875
4 0.6208333 0.3765625 0.0114583 0.0203125
1 0.5510417 0.2183594 0.0135417 0.0398437
5 0.4856771 0.6070313 0.0244792 0.0187500
1 0.5390625 0.6000000 0.0177083 0.0343750
5 0.4111979 0.9187500 0.0171875 0.0359375
1 0.6088542 0.3398438 0.0125000 0.0375000
1 0.5635417 0.6171875 0.0260417 0.0171875
3 0.5197917 0.7644531 0.0281250 0.0195312
3 0.3148437 0.7910156 0.0265625 0.0195312
0 0.4598958 0.5371094 0.0166667 0.0210938
4 0.1976563 0.4656250 0.0244792 0.0234375
0 0.6106771 0.4234375 0.0119792 0.0406250
0 0.6252604 0.1535156 0.0192708 0.0179687
1 0.7471354 0.8054687 0.0265625 0.0171875
3 0.3005208 0.6949219 0.0145833 0.0398437
0 0.4041667 0.3296875 0.0218750 0.0281250
1 0.5158854 0.2960937 0.0109375 0.0359375
3 0.3924479 0.6785156 0.0171875 0.0320312
4 0.4614583 0.7199219 0.0145833 0.0242188
2 0.5833333 0.8066406 0.0187500 0.0414062
1 0.6171875 0.6414062 0.0156250 0.0359375
4 0.5296875 0.8328125 0.0260417 0.0250000
3 0.6705729 0.3816406 0.0276042 0.0226562
9 0.4929688 0.6835938 0.0223958 0.0390625
7 0.3666667 0.4570312 0.0187500 0.0343750
11 0.4825521 0.8082031 0.0182292 0.0398437
8 0.5265625 0.6347656 0.0218750 0.0335937
11 0.2684896 0.3156250 0.0171875 0.0375000
8 0.4302083 0.4726562 0.0239583 0.0343750
7 0.3640625 0.8859375 0.0229167 0.0312500
9 0.4166667 0.8324219 0.0197917 0.0335937
9 0.3716146 0.4671875 0.0276042 0.0265625
7 0.6151042 0.6351562 0.0156250 0.0234375
8 0.6830729 0.5511719 0.0234375 0.0320312
9 0.4403646 0.6117187 0.0203125 0.0265625
8 0.4984375 0.5429688 0.0229167 0.0359375
9 0.3979167 0.4355469 0.0229167 0.0226562
11 0.3013021 0.4574219 0.0265625 0.0351562
