4 0.5921875 0.8039063 0.0187500 0.0468750
2 0.3971354 0.2230469 0.0296875 0.0320312
4 0.6768229 0.2898438 0.0328125 0.0265625
0 0.4161458 0.5726562 0.0333333 0.0281250
1 0.5101562 0.7234375 0.0286458 0.0265625
3 0.5489583 0.4835937 0.0291667 0.0312500
5 0.3914063 0.3773437 0.0348958 0.0296875
4 0.4078125 0.5753906 0.0135417 0.0257812
11 0.6036458 0.7847656 0.0270833 0.0273438
8 0.5653646 0.4769531 0.0276042 0.0320312
11 0.5585938 0.4835937 0.0223958 0.0515625
8 0.5859375 0.2839844 0.0312500 0.0320312
10 0.6338542 0.3765625 0.0197917 0.0421875
11 0.5231771 0.3378906 0.0276042 0.0367188
10 0.4734375 0.8046875 0.0302083 0.0390625
10 0.6364583 0.2417969 0.0250000 0.0460938
8 0.3500000 0.4691406 0.0312500 0.0304687
10 0.4666667 0.2539062 0.0208333 0.0312500
6 0.4703125 0.8269531 0.0302083 0.0335937
7 0.3083333 0.7539062 0.0291667 0.0296875
11 0.4903646 0.5085937 0.0265625 0.0312500
6 0.6966146 0.5367188 0.0307292 0.0359375
7 0.3643229 0.7195312 0.0317708 0.0312500
