3 0.4677083 0.8257813 0.0385417 0.1093750
2 0.4903646 0.9320312 0.0421875 0.0500000
0 0.5598958 0.4417969 0.0520833 0.0695313
1 0.6596354 0.4625000 0.0796875 0.0625000
4 0.3049479 0.6406250 0.0744792 0.0750000
4 0.6635417 0.4406250 0.0447917 0.0656250
0 0.4705729 0.2539062 0.0307292 0.1093750
2 0.6744792 0.6406250 0.0385417 0.1234375
4 0.5348958 0.3687500 0.0395833 0.0687500
4 0.5296875 0.3460937 0.0781250 0.0671875
2 0.3630208 0.5007812 0.0364583 0.0875000
5 0.3760417 0.7281250 0.0510417 0.0875000
3 0.4049479 0.3707031 0.0786458 0.0695313
0 0.3466146 0.6824219 0.0776042 0.0492187
2 0.7276042 0.6796875 0.0312500 0.0765625
1 0.4489583 0.8292969 0.0510417 0.1007813
2 0.4778646 0.5015625 0.0546875 0.0750000
3 0.3111979 0.7531250 0.0526042 0.0906250
4 0.5773438 0.3238281 0.0640625 0.0851563
2 0.3208333 0.7156250 0.0812500 0.0593750
3 0.4429688 0.4433594 0.0734375 0.0632812
1 0.4447917 0.1484375 0.0739583 0.0578125
2 0.3713542 0.3949219 0.0364583 0.1085938
4 0.5703125 0.4828125 0.0416667 0.0843750
2 0.5070313 0.3972656 0.0671875 0.0945312
0 0.5549479 0.7941406 0.0755208 0.0539063
4 0.6703125 0.0765625 0.0406250 0.1187500
3 0.2648437 0.6683594 0.0776042 0.0664062
0 0.4585938 0.7050781 0.0546875 0.1195313
0 0.6151042 0.2414062 0.0343750 0.0656250
5 0.5950521 0.0820312 0.0473958 0.0625000
10 0.4661458 0.4000000 0.0531250 0.0968750
8 0.3815104 0.5878906 0.0703125 0.0726563
6 0.5846354 0.4128906 0.0744792 0.0804688
9 0.7216146 0.7597656 0.0744792 0.0914062
7 0.5406250 0.4179688 0.0468750 0.1015625
8 0.7401042 0.5269531 0.0687500 0.0929688
6 0.7046875 0.3105469 0.0468750 0.0664062
9 0.5380208 0.5609375 0.0770833 0.0765625
10 0.5864583 0.1585938 0.0541667 0.1234375
10 0.4869792 0.7378906 0.0635417 0.0960938
9 0.6062500 0.6062500 0.0697917 0.1046875
9 0.3257813 0.5273438 0.0661458 0.0968750
