0 0.2656250 0.3968750 0.0427083 0.0343750
1 0.5781250 0.8496094 0.0281250 0.0539063
5 0.5291667 0.8066406 0.0218750 0.0367188
0 0.5031250 0.3703125 0.0458333 0.0359375
3 0.6757812 0.7851562 0.0484375 0.0421875
0 0.3726563 0.2429688 0.0328125 0.0656250
1 0.5911458 0.2046875 0.0406250 0.0421875
1 0.5473958 0.5695313 0.0500000 0.0390625
3 0.5822917 0.5074219 0.0395833 0.0445313
0 0.4244792 0.8785156 0.0197917 0.0726563
3 0.6091146 0.7140625 0.0369792 0.0484375
1 0.3348958 0.7628906 0.0458333 0.0335937
3 0.4252604 0.2042969 0.0380208 0.0398437
4 0.4486979 0.0214844 0.0338542 0.0429688
0 0.5531250 0.7167969 0.0364583 0.0351562
0 0.3216146 0.6550781 0.0421875 0.0398437
2 0.6705729 0.2320312 0.0526042 0.0312500
4 0.4341146 0.5039062 0.0296875 0.0515625
0 0.6263021 0.3191406 0.0317708 0.0679687
4 0.4846354 0.1289062 0.0359375 0.0718750
5 0.7429687 0.6957031 0.0557292 0.0460938
2 0.6242188 0.6441406 0.0338542 0.0445313
5 0.6611979 0.5796875 0.0473958 0.0343750
1 0.6877604 0.4437500 0.0473958 0.0343750
4 0.6875000 0.4582031 0.0489583 0.0367188
2 0.7000000 0.4925781 0.0447917 0.0507812
1 0.5684896 0.5277344 0.0515625 0.0335937
2 0.2872396 0.1453125 0.0505208 0.0312500
1 0.6802083 0.4773438 0.0520833 0.0390625
3 0.6526042 0.7566406 0.0479167 0.0335937
2 0.6593750 0.5597656 0.0458333 0.0335937
2 0.4830729 0.6035156 0.0244792 0.0367188
0 0.4445312 0.9273438 0.0421875 0.0578125
3 0.4018229 0.3656250 0.0421875 0.0406250
5 0.4591146 0.3496094 0.0265625 0.0617188
1 0.7533854 0.3855469 0.0432292 0.0414062
3 0.3562500 0.5121094 0.0447917 0.0367188
4 0.4330729 0.6632813 0.0234375 0.0593750
4 0.5375000 0.7558594 0.0333333 0.0445313
0 0.5924479 0.5039062 0.0421875 0.0718750
5 0.3343750 0.7281250 0.0291667 0.0390625
4 0.4578125 0.4984375 0.0343750 0.0453125
2 0.3567708 0.9636719 0.0343750 0.0710937
4 0.4734375 0.0296875 0.0250000 0.0593750
4 0.4697917 0.5468750 0.0479167 0.0468750
3 0.5273438 0.2949219 0.0453125 0.0554687
5 0.6380208 0.7609375 0.0208333 0.0312500
3 0.4156250 0.8476562 0.0302083 0.0734375
3 0.3757813 0.3617187 0.0401042 0.0593750
4 0.6127604 0.1960938 0.0317708 0.0406250
4 0.5768229 0.6375000 0.0296875 0.0359375
5 0.6273437 0.2875000 0.0546875 0.0390625
2 0.7658854 0.3156250 0.0505208 0.0453125
5 0.2596354 0.4691406 0.0526042 0.0398437
5 0.4333333 0.7562500 0.0531250 0.0375000
4 0.4760417 0.7191406 0.0291667 0.0398437
5 0.2533854 0.4187500 0.0317708 0.0609375
1 0.6057292 0.2421875 0.0427083 0.0359375
0 0.3125000 0.3609375 0.0250000 0.0343750
0 0.6059896 0.3167969 0.0390625 0.0351562
2 0.6169271 0.4816406 0.0536458 0.0398437
3 0.6270833 0.2531250 0.0250000 0.0734375
0 0.6307292 0.2066406 0.0437500 0.0695313
1 0.5333333 0.2535156 0.0479167 0.0429688
4 0.3776042 0.8273438 0.0364583 0.0718750
4 0.4981771 0.4636719 0.0234375 0.0320312
2 0.6177083 0.6613281 0.0427083 0.0539063
4 0.2778646 0.6664062 0.0317708 0.0406250
11 0.6450521 0.5031250 0.0484375 0.0484375
6 0.7197917 0.4722656 0.0447917 0.0632812
6 0.3411458 0.4187500 0.0416667 0.0609375
10 0.2708333 0.6792969 0.0437500 0.0445313
11 0.7161458 0.4070313 0.0322917 0.0687500
7 0.3726563 0.3429687 0.0421875 0.0468750
8 0.5236979 0.5871094 0.0338542 0.0601563
