0 0.5934896 0.5441406 0.0494792 0.0351562
2 0.3890625 0.7351562 0.0500000 0.0406250
3 0.6036458 0.5675781 0.0364583 0.0367188
1 0.5825521 0.5636719 0.0421875 0.0351562
1 0.7692708 0.6398438 0.0395833 0.0359375
4 0.5476562 0.6332031 0.0401042 0.0460938
4 0.7458333 0.4593750 0.0312500 0.0656250
2 0.4651042 0.7054687 0.0468750 0.0406250
3 0.6666667 0.4164062 0.0510417 0.0296875
2 0.7710938 0.6187500 0.0421875 0.0343750
2 0.7236979 0.5027344 0.0223958 0.0695313
0 0.4713542 0.3222656 0.0437500 0.0320312
0 0.2765625 0.4003906 0.0229167 0.0695313
4 0.5507812 0.1136719 0.0213542 0.0617188
4 0.5265625 0.6925781 0.0468750 0.0367188
0 0.6609375 0.8136719 0.0500000 0.0445313
1 0.3854167 0.7167969 0.0468750 0.0367188
5 0.5817708 0.6710938 0.0281250 0.0781250
2 0.6299479 0.8093750 0.0359375 0.0453125
3 0.4645833 0.8500000 0.0322917 0.0375000
1 0.5598958 0.5671875 0.0364583 0.0453125
1 0.5018229 0.2914062 0.0234375 0.0765625
3 0.5135417 0.3921875 0.0270833 0.0421875
5 0.5057292 0.5308594 0.0479167 0.0367188
2 0.6778646 0.1957031 0.0473958 0.0382813
0 0.3393229 0.8921875 0.0255208 0.0515625
5 0.3320312 0.9035156 0.0348958 0.0648438
3 0.5372396 0.2328125 0.0255208 0.0343750
3 0.6252604 0.6980469 0.0421875 0.0304687
0 0.5533854 0.7523437 0.0307292 0.0437500
0 0.6338542 0.5046875 0.0333333 0.0578125
4 0.3963542 0.1695312 0.0447917 0.0281250
2 0.4028646 0.9472656 0.0453125 0.0335937
3 0.8145833 0.5078125 0.0406250 0.0593750
0 0.2669271 0.2738281 0.0286458 0.0351562
2 0.5479167 0.2792969 0.0489583 0.0351562
2 0.5833333 0.6500000 0.0291667 0.0375000
10 0.6679688 0.5027344 0.0463542 0.0601563
6 0.6250000 0.2640625 0.0458333 0.0578125
8 0.5070313 0.5449219 0.0421875 0.0414062
10 0.6302083 0.2910156 0.0291667 0.0679687
9 0.6226563 0.6054688 0.0463542 0.0671875
9 0.5815104 0.5937500 0.0442708 0.0437500
11 0.5013021 0.2082031 0.0421875 0.0492187
9 0.3546875 0.3582031 0.0416667 0.0414062
11 0.4807292 0.3835938 0.0312500 0.0437500
