0 0.5781250 0.1714844 0.0343750 0.0695313
5 0.6093750 0.3261719 0.0447917 0.0367188
0 0.3257813 0.3628906 0.0255208 0.0757812
5 0.5773438 0.6386719 0.0484375 0.0460938
5 0.5645833 0.4425781 0.0479167 0.0382813
3 0.6106771 0.6457031 0.0296875 0.0585938
0 0.4481771 0.2144531 0.0359375 0.0585938
3 0.2869792 0.7652344 0.0395833 0.0507812
5 0.3497396 0.2523437 0.0276042 0.0828125
2 0.5812500 0.4738281 0.0562500 0.0398437
1 0.6317708 0.2734375 0.0416667 0.0343750
5 0.7265625 0.3851562 0.0572917 0.0343750
1 0.5617188 0.5910156 0.0536458 0.0367188
3 0.6973958 0.4507813 0.0375000 0.0468750
3 0.5273438 0.3902344 0.0369792 0.0320312
3 0.6414062 0.1175781 0.0505208 0.0414062
5 0.6973958 0.3976562 0.0489583 0.0375000
1 0.7437500 0.4046875 0.0489583 0.0453125
5 0.3151042 0.4113281 0.0291667 0.0492187
3 0.5653646 0.1660156 0.0223958 0.0742188
4 0.6757812 0.6292969 0.0557292 0.0367188
4 0.5526042 0.7597656 0.0447917 0.0492187
1 0.4877604 0.3722656 0.0453125 0.0507812
0 0.5520833 0.1125000 0.0416667 0.0437500
1 0.5278646 0.4250000 0.0338542 0.0828125
4 0.3619792 0.2187500 0.0447917 0.0468750
3 0.3523438 0.1714844 0.0536458 0.0460938
5 0.3106771 0.6003906 0.0244792 0.0382813
0 0.5276042 0.2949219 0.0333333 0.0460938
0 0.5013021 0.7289062 0.0338542 0.0687500
2 0.4273438 0.4343750 0.0442708 0.0421875
4 0.4460938 0.5789062 0.0432292 0.0421875
2 0.7263021 0.5750000 0.0296875 0.0750000
2 0.4846354 0.1671875 0.0338542 0.0781250
1 0.4106771 0.7617188 0.0307292 0.0281250
5 0.5812500 0.7015625 0.0500000 0.0437500
3 0.4312500 0.3812500 0.0416667 0.0703125
5 0.3281250 0.2746094 0.0197917 0.0710937
1 0.5291667 0.6101562 0.0281250 0.0453125
1 0.4065104 0.2117188 0.0359375 0.0421875
5 0.6937500 0.4746094 0.0520833 0.0414062
4 0.7335938 0.4300781 0.0494792 0.0445313
0 0.2330729 0.1621094 0.0546875 0.0398437
2 0.4234375 0.3953125 0.0531250 0.0421875
6 0.3765625 0.8636719 0.0447917 0.0679687
10 0.4333333 0.5984375 0.0312500 0.0437500
7 0.4234375 0.5640625 0.0291667 0.0656250
11 0.4182292 0.8792969 0.0500000 0.0492187
11 0.3458333 0.6578125 0.0291667 0.0687500
8 0.5427083 0.1437500 0.0302083 0.0703125
6 0.5304688 0.1164063 0.0515625 0.0562500
10 0.4385417 0.7574219 0.0291667 0.0570312
9 0.3867188 0.8375000 0.0328125 0.0718750
6 0.7049479 0.3140625 0.0328125 0.0703125
6 0.7341146 0.2484375 0.0307292 0.0656250
7 0.4471354 0.3753906 0.0286458 0.0617188
8 0.6541667 0.2988281 0.0322917 0.0773438
11 0.6682292 0.4699219 0.0479167 0.0710937
6 0.7908854 0.5886719 0.0515625 0.0507812
9 0.4083333 0.5640625 0.0531250 0.0515625
6 0.6682292 0.6484375 0.0510417 0.0640625
8 0.3309896 0.4863281 0.0411458 0.0523438
7 0.4148438 0.4804688 0.0390625 0.0562500
