2 0.6367188 0.5296875 0.0244792 0.0140625
2 0.5544271 0.3679688 0.0265625 0.0250000
3 0.5877604 0.5773438 0.0203125 0.0296875
2 0.6539063 0.1894531 0.0265625 0.0179687
0 0.3723958 0.2871094 0.0291667 0.0226562
2 0.4817708 0.2539062 0.0197917 0.0296875
3 0.4231771 0.3277344 0.0171875 0.0367188
5 0.7036458 0.1484375 0.0281250 0.0234375
5 0.6500000 0.4234375 0.0177083 0.0328125
4 0.6773438 0.8207031 0.0255208 0.0179687
4 0.4747396 0.1781250 0.0234375 0.0218750
0 0.3781250 0.8933594 0.0281250 0.0210938
2 0.5007812 0.2609375 0.0140625 0.0171875
1 0.2921875 0.7902344 0.0270833 0.0195312
3 0.5710937 0.7996094 0.0171875 0.0242188
0 0.5807292 0.3476562 0.0197917 0.0281250
3 0.6270833 0.8289062 0.0270833 0.0203125
4 0.5830729 0.4136719 0.0151042 0.0398437
3 0.6210938 0.4011719 0.0265625 0.0273438
5 0.4520833 0.6210938 0.0208333 0.0265625
4 0.7513021 0.7433594 0.0140625 0.0398437
2 0.3184896 0.2000000 0.0265625 0.0187500
5 0.7710938 0.3828125 0.0244792 0.0296875
1 0.5817708 0.2175781 0.0125000 0.0414062
0 0.5671875 0.5242187 0.0270833 0.0187500
5 0.5898438 0.5722656 0.0244792 0.0304687
2 0.4507813 0.5671875 0.0171875 0.0187500
5 0.7567708 0.6816406 0.0156250 0.0367188
3 0.5687500 0.3433594 0.0218750 0.0242188
2 0.4304688 0.7332031 0.0265625 0.0195312
1 0.5700521 0.2988281 0.0151042 0.0335937
4 0.6263021 0.6968750 0.0213542 0.0312500
4 0.5669271 0.3519531 0.0255208 0.0195312
5 0.5911458 0.2308594 0.0208333 0.0367188
5 0.6507812 0.7585937 0.0119792 0.0421875
4 0.5138021 0.2964844 0.0234375 0.0320312
3 0.5619792 0.4558594 0.0166667 0.0304687
2 0.5710937 0.5898438 0.0161458 0.0437500
4 0.5283854 0.3484375 0.0119792 0.0218750
1 0.4101562 0.9292969 0.0119792 0.0195312
2 0.4773438 0.7738281 0.0182292 0.0257812
3 0.5802083 0.4406250 0.0250000 0.0250000
3 0.4197917 0.4351563 0.0239583 0.0296875
1 0.5713542 0.2218750 0.0197917 0.0343750
0 0.5080729 0.8378906 0.0234375 0.0304687
1 0.4065104 0.3429687 0.0244792 0.0218750
2 0.5093750 0.2097656 0.0260417 0.0195312
0 0.6205729 0.4796875 0.0151042 0.0250000
0 0.6341146 0.5347656 0.0223958 0.0179687
3 0.5731771 0.2476562 0.0130208 0.0218750
3 0.6450521 0.3667969 0.0119792 0.0382813
1 0.6052083 0.4093750 0.0250000 0.0187500
4 0.6174479 0.8316406 0.0255208 0.0179687
0 0.3773437 0.5582031 0.0255208 0.0195312
5 0.5723958 0.4300781 0.0125000 0.0320312
1 0.5450521 0.5242187 0.0255208 0.0171875
5 0.7197917 0.4117188 0.0166667 0.0375000
2 0.3635417 0.4492188 0.0114583 0.0234375
3 0.4531250 0.1417969 0.0166667 0.0273438
0 0.5830729 0.3855469 0.0276042 0.0179687
0 0.5093750 0.8285156 0.0260417 0.0226562
4 0.5924479 0.6570312 0.0171875 0.0250000
3 0.6468750 0.3050781 0.0125000 0.0320312
2 0.5257812 0.8027344 0.0161458 0.0414062
4 0.6416667 0.5722656 0.0104167 0.0164063
3 0.7458333 0.4070313 0.0260417 0.0203125
0 0.5455729 0.8117188 0.0234375 0.0203125
3 0.2973958 0.5664062 0.0208333 0.0187500
0 0.6065104 0.3792969 0.0213542 0.0195312
0 0.3031250 0.4949219 0.0260417 0.0195312
3 0.3197917 0.6156250 0.0177083 0.0218750
4 0.4916667 0.0398437 0.0250000 0.0265625
5 0.4447917 0.7789063 0.0145833 0.0203125
1 0.4960938 0.2953125 0.0276042 0.0187500
2 0.5296875 0.4019531 0.0260417 0.0226562
1 0.4138021 0.1527344 0.0182292 0.0320312
10 0.5427083 0.5648437 0.0197917 0.0375000
9 0.6664062 0.7312500 0.0161458 0.0390625
6 0.6476563 0.6027344 0.0234375 0.0226562
10 0.6106771 0.2894531 0.0244792 0.0226562
6 0.6606771 0.6671875 0.0192708 0.0390625
8 0.6377604 0.8421875 0.0171875 0.0390625
11 0.6013021 0.7175781 0.0223958 0.0351562
11 0.4158854 0.3878906 0.0171875 0.0304687
8 0.4453125 0.6894531 0.0229167 0.0320312
9 0.6455729 0.5636719 0.0161458 0.0242188
10 0.6054688 0.5941406 0.0182292 0.0257812
6 0.5231771 0.5937500 0.0234375 0.0234375
9 0.5718750 0.2617188 0.0187500 0.0328125
6 0.5476562 0.4917969 0.0244792 0.0289063
8 0.6721354 0.2800781 0.0244792 0.0257812
9 0.4239583 0.6769531 0.0197917 0.0398437
8 0.4455729 0.4039063 0.0255208 0.0250000
8 0.5661458 0.7234375 0.0197917 0.0375000
