5 0.4841146 0.8664063 0.0265625 0.0218750
4 0.6192708 0.2265625 0.0291667 0.0296875
2 0.6424479 0.5730469 0.0223958 0.0289063
1 0.6265625 0.2507813 0.0312500 0.0203125
1 0.3518229 0.3773437 0.0192708 0.0484375
2 0.6335937 0.5398437 0.0296875 0.0265625
3 0.6773438 0.2375000 0.0265625 0.0234375
1 0.3416667 0.5308594 0.0197917 0.0273438
3 0.3093750 0.4441406 0.0145833 0.0335937
5 0.3963542 0.6230469 0.0229167 0.0289063
5 0.5377604 0.4542969 0.0286458 0.0210938
1 0.4010417 0.0765625 0.0197917 0.0468750
3 0.4955729 0.6082031 0.0192708 0.0398437
1 0.5406250 0.7332031 0.0135417 0.0273438
1 0.5093750 0.8148437 0.0260417 0.0218750
3 0.5963542 0.7187500 0.0281250 0.0203125
0 0.5192708 0.1515625 0.0302083 0.0203125
5 0.3377604 0.2632813 0.0234375 0.0390625
1 0.3229167 0.6242188 0.0322917 0.0203125
1 0.5065104 0.8125000 0.0234375 0.0375000
2 0.2463542 0.5363281 0.0281250 0.0273438
5 0.4750000 0.6031250 0.0229167 0.0359375
1 0.6695313 0.3734375 0.0317708 0.0234375
0 0.5875000 0.5578125 0.0208333 0.0171875
1 0.6473958 0.3835938 0.0166667 0.0390625
2 0.4054687 0.4972656 0.0182292 0.0367188
0 0.6059896 0.5457031 0.0203125 0.0242188
4 0.2783854 0.3511719 0.0140625 0.0257812
3 0.3864583 0.7253906 0.0291667 0.0273438
4 0.4411458 0.7328125 0.0270833 0.0265625
4 0.5648437 0.8183594 0.0203125 0.0460938
2 0.5645833 0.4535156 0.0166667 0.0210938
5 0.4036458 0.8191406 0.0125000 0.0429688
5 0.7020833 0.5675781 0.0302083 0.0210938
4 0.4132812 0.1394531 0.0182292 0.0335937
5 0.4708333 0.0964844 0.0197917 0.0226562
0 0.4619792 0.2230469 0.0239583 0.0382813
1 0.8070312 0.3863281 0.0296875 0.0257812
2 0.4664063 0.3808594 0.0203125 0.0445313
4 0.6611979 0.1648438 0.0265625 0.0234375
5 0.6231771 0.2800781 0.0244792 0.0257812
4 0.4536458 0.7625000 0.0302083 0.0218750
2 0.7218750 0.5304688 0.0291667 0.0203125
4 0.4903646 0.5601563 0.0171875 0.0453125
3 0.4382813 0.4871094 0.0276042 0.0242188
4 0.6250000 0.4558594 0.0135417 0.0273438
4 0.3492188 0.5781250 0.0255208 0.0296875
3 0.5119792 0.1625000 0.0208333 0.0421875
4 0.6325521 0.5304688 0.0307292 0.0265625
4 0.5752604 0.5093750 0.0213542 0.0281250
5 0.5242187 0.6421875 0.0161458 0.0375000
2 0.5531250 0.5898438 0.0333333 0.0265625
8 0.4557292 0.5214844 0.0229167 0.0289063
7 0.4270833 0.2093750 0.0218750 0.0406250
8 0.2468750 0.6261719 0.0250000 0.0398437
7 0.4606771 0.1500000 0.0234375 0.0421875
8 0.5088542 0.8035156 0.0218750 0.0398437
9 0.2197917 0.5835938 0.0270833 0.0406250
6 0.3911458 0.2601562 0.0229167 0.0421875
9 0.6299479 0.5281250 0.0171875 0.0343750
10 0.6653646 0.8414063 0.0182292 0.0406250
11 0.2736979 0.4554687 0.0255208 0.0453125
8 0.7250000 0.7707031 0.0302083 0.0289063
7 0.3742187 0.4117188 0.0182292 0.0421875
6 0.4000000 0.5421875 0.0302083 0.0343750
9 0.4841146 0.8250000 0.0213542 0.0390625
11 0.5356771 0.6554688 0.0234375 0.0359375
8 0.4921875 0.6855469 0.0260417 0.0335937
11 0.5453125 0.7750000 0.0291667 0.0296875
9 0.4653646 0.8496094 0.0223958 0.0398437
