0 0.6632813 0.4742188 0.0223958 0.0234375
5 0.6328125 0.4851563 0.0333333 0.0250000
1 0.4846354 0.3968750 0.0317708 0.0187500
2 0.6934896 0.6312500 0.0317708 0.0265625
1 0.4968750 0.3914063 0.0322917 0.0343750
1 0.5523438 0.2835937 0.0203125 0.0218750
1 0.5500000 0.2164062 0.0177083 0.0453125
3 0.5138021 0.8902344 0.0182292 0.0445313
1 0.5617188 0.2226562 0.0234375 0.0218750
5 0.6023437 0.5265625 0.0192708 0.0453125
4 0.5934896 0.5980469 0.0182292 0.0304687
1 0.4442708 0.1828125 0.0177083 0.0218750
3 0.2843750 0.7261719 0.0312500 0.0226562
5 0.4536458 0.5984375 0.0197917 0.0500000
3 0.4921875 0.2203125 0.0322917 0.0218750
3 0.4601562 0.2734375 0.0161458 0.0500000
3 0.6390625 0.7160156 0.0177083 0.0414062
3 0.7268229 0.4960938 0.0307292 0.0234375
1 0.5924479 0.2085937 0.0192708 0.0234375
4 0.5158854 0.6023437 0.0151042 0.0296875
1 0.6549479 0.2542969 0.0223958 0.0210938
4 0.5216146 0.4644531 0.0255208 0.0210938
0 0.5369792 0.2484375 0.0218750 0.0421875
3 0.4768229 0.8183594 0.0192708 0.0414062
5 0.2552083 0.7792969 0.0333333 0.0242188
4 0.3020833 0.5070313 0.0281250 0.0359375
5 0.4195313 0.2054688 0.0265625 0.0265625
3 0.6273437 0.4597656 0.0244792 0.0257812
4 0.4721354 0.3531250 0.0161458 0.0359375
4 0.3002604 0.6558594 0.0317708 0.0257812
2 0.2580729 0.2960937 0.0276042 0.0375000
4 0.6164063 0.3343750 0.0317708 0.0265625
0 0.5773438 0.7402344 0.0192708 0.0460938
5 0.6161458 0.4933594 0.0270833 0.0382813
5 0.5875000 0.6613281 0.0291667 0.0210938
1 0.3364583 0.7441406 0.0302083 0.0226562
4 0.5166667 0.2363281 0.0302083 0.0210938
1 0.4690104 0.9660156 0.0296875 0.0335937
0 0.6221354 0.7281250 0.0286458 0.0406250
3 0.3213542 0.4425781 0.0333333 0.0210938
4 0.5481771 0.2242187 0.0203125 0.0203125
2 0.5135417 0.2882812 0.0302083 0.0218750
2 0.6062500 0.4871094 0.0260417 0.0398437
2 0.2791667 0.2453125 0.0302083 0.0187500
2 0.5026042 0.6023437 0.0229167 0.0406250
4 0.4361979 0.7660156 0.0276042 0.0226562
3 0.5880208 0.1691406 0.0250000 0.0257812
0 0.6554688 0.6531250 0.0192708 0.0234375
4 0.6067708 0.4464844 0.0125000 0.0351562
4 0.6166667 0.7324219 0.0322917 0.0226562
3 0.6572917 0.6425781 0.0208333 0.0367188
11 0.3109375 0.2480469 0.0312500 0.0335937
6 0.6372396 0.5859375 0.0213542 0.0468750
8 0.3864583 0.5222656 0.0302083 0.0414062
6 0.5403646 0.7488281 0.0213542 0.0335937
6 0.7515625 0.2785156 0.0260417 0.0445313
11 0.4841146 0.7656250 0.0255208 0.0312500
11 0.7434896 0.5406250 0.0223958 0.0296875
6 0.3250000 0.4949219 0.0312500 0.0304687
