4 0.6328125 0.4492188 0.0145833 0.0453125
3 0.5809896 0.4031250 0.0307292 0.0234375
5 0.5234375 0.3605469 0.0187500 0.0210938
5 0.7023438 0.5546875 0.0203125 0.0281250
5 0.6083333 0.6902344 0.0166667 0.0414062
1 0.4882812 0.5011719 0.0140625 0.0351562
4 0.6638021 0.1718750 0.0286458 0.0171875
1 0.6526042 0.1003906 0.0291667 0.0226562
3 0.4851563 0.7906250 0.0223958 0.0390625
2 0.5588542 0.7097656 0.0250000 0.0195312
4 0.3809896 0.1878906 0.0192708 0.0398437
3 0.4489583 0.2164062 0.0218750 0.0375000
0 0.5416667 0.3261719 0.0291667 0.0195312
0 0.6309896 0.5597656 0.0203125 0.0335937
1 0.5614583 0.5042969 0.0302083 0.0257812
10 0.5419271 0.2199219 0.0265625 0.0257812
7 0.4239583 0.3179688 0.0197917 0.0390625
9 0.3979167 0.8121094 0.0218750 0.0414062
8 0.3825521 0.8191406 0.0265625 0.0335937
6 0.5997396 0.4148438 0.0244792 0.0265625
11 0.4101562 0.8132812 0.0317708 0.0328125
9 0.6526042 0.4933594 0.0229167 0.0351562
6 0.5052083 0.6515625 0.0239583 0.0250000
8 0.4770833 0.5250000 0.0291667 0.0281250
9 0.5684896 0.4878906 0.0171875 0.0382813
6 0.5653646 0.4761719 0.0255208 0.0335937
10 0.5747396 0.2593750 0.0255208 0.0343750
