1 0.5226563 0.3753906 0.0234375 0.0257812
3 0.3536458 0.1011719 0.0239583 0.0273438
5 0.5427083 0.6937500 0.0218750 0.0312500
2 0.3924479 0.6562500 0.0265625 0.0203125
4 0.2471354 0.6367188 0.0286458 0.0187500
5 0.3638021 0.5832031 0.0265625 0.0273438
1 0.5005208 0.4718750 0.0187500 0.0187500
0 0.5416667 0.6871094 0.0239583 0.0273438
2 0.6963542 0.7757812 0.0291667 0.0203125
0 0.4880208 0.6585937 0.0197917 0.0375000
3 0.5682292 0.6074219 0.0187500 0.0351562
4 0.4075521 0.8140625 0.0182292 0.0375000
2 0.4578125 0.7593750 0.0260417 0.0250000
4 0.5367188 0.5925781 0.0244792 0.0210938
4 0.6033854 0.6886719 0.0265625 0.0242188
5 0.5763021 0.1898438 0.0213542 0.0312500
2 0.5661458 0.8011719 0.0281250 0.0210938
0 0.6638021 0.5636719 0.0161458 0.0210938
2 0.7078125 0.4484375 0.0135417 0.0359375
1 0.4705729 0.3906250 0.0161458 0.0171875
4 0.4768229 0.5191406 0.0140625 0.0179687
0 0.4479167 0.7898437 0.0125000 0.0156250
0 0.6130208 0.5574219 0.0239583 0.0242188
1 0.4114583 0.6031250 0.0291667 0.0203125
5 0.6591146 0.6906250 0.0109375 0.0218750
2 0.6518229 0.3738281 0.0265625 0.0195312
5 0.5768229 0.7796875 0.0255208 0.0312500
1 0.5656250 0.4796875 0.0250000 0.0250000
5 0.6450521 0.7480469 0.0161458 0.0382813
2 0.3153646 0.2777344 0.0203125 0.0273438
5 0.6210938 0.5394531 0.0161458 0.0335937
2 0.6341146 0.5425781 0.0265625 0.0195312
4 0.6872396 0.2824219 0.0130208 0.0367188
5 0.6695313 0.4554687 0.0255208 0.0281250
5 0.4364583 0.5726562 0.0208333 0.0234375
3 0.7609375 0.4828125 0.0281250 0.0234375
4 0.4812500 0.1773437 0.0197917 0.0218750
1 0.4091146 0.7726563 0.0171875 0.0203125
5 0.5867187 0.4007812 0.0244792 0.0250000
4 0.5067708 0.7472656 0.0156250 0.0351562
3 0.5208333 0.2140625 0.0187500 0.0156250
1 0.5627604 0.3281250 0.0161458 0.0156250
5 0.3434896 0.7539062 0.0203125 0.0343750
4 0.8127604 0.3648438 0.0234375 0.0203125
1 0.3453125 0.5847656 0.0250000 0.0179687
4 0.3976562 0.4507813 0.0255208 0.0250000
5 0.4158854 0.5187500 0.0171875 0.0375000
1 0.6453125 0.3308594 0.0135417 0.0414062
5 0.5130208 0.7523437 0.0270833 0.0187500
0 0.4445312 0.5160156 0.0130208 0.0320312
2 0.5341146 0.5250000 0.0276042 0.0234375
1 0.5406250 0.1082031 0.0239583 0.0289063
0 0.4705729 0.5722656 0.0192708 0.0226562
4 0.5890625 0.5972656 0.0218750 0.0179687
5 0.5059896 0.2953125 0.0276042 0.0234375
2 0.5992188 0.6882812 0.0255208 0.0234375
4 0.4679687 0.7382812 0.0265625 0.0250000
1 0.7611979 0.6675781 0.0192708 0.0367188
1 0.2513021 0.5433594 0.0213542 0.0304687
0 0.2273438 0.6285156 0.0265625 0.0210938
3 0.3820312 0.5054688 0.0296875 0.0234375
5 0.6570312 0.4277344 0.0265625 0.0226562
5 0.7171875 0.3687500 0.0260417 0.0265625
2 0.5929688 0.1371094 0.0161458 0.0367188
1 0.5742188 0.9136719 0.0265625 0.0289063
2 0.5406250 0.8000000 0.0145833 0.0203125
4 0.5505208 0.3898437 0.0291667 0.0265625
3 0.6591146 0.6035156 0.0151042 0.0367188
0 0.7307292 0.4070313 0.0218750 0.0312500
3 0.5763021 0.6324219 0.0276042 0.0226562
3 0.5588542 0.4746094 0.0281250 0.0195312
5 0.5458333 0.3039062 0.0250000 0.0171875
4 0.6236979 0.6199219 0.0276042 0.0179687
5 0.3223958 0.7226562 0.0177083 0.0187500
3 0.6697917 0.6144531 0.0208333 0.0242188
2 0.5541667 0.7281250 0.0166667 0.0328125
0 0.7075521 0.3472656 0.0265625 0.0195312
3 0.6963542 0.4640625 0.0302083 0.0234375
4 0.6546875 0.5273438 0.0177083 0.0187500
1 0.3708333 0.6156250 0.0145833 0.0406250
9 0.4401042 0.5285156 0.0281250 0.0335937
10 0.6372396 0.3417969 0.0265625 0.0242188
8 0.5500000 0.2582031 0.0250000 0.0367188
8 0.7255208 0.4218750 0.0270833 0.0250000
6 0.4104167 0.3707031 0.0250000 0.0382813
9 0.7093750 0.1960938 0.0208333 0.0406250
6 0.6518229 0.4742188 0.0182292 0.0312500
6 0.6216146 0.2144531 0.0244792 0.0382813
10 0.4075521 0.5703125 0.0171875 0.0390625
11 0.6794271 0.4179688 0.0203125 0.0375000
6 0.6500000 0.3062500 0.0218750 0.0406250
8 0.6546875 0.0707031 0.0187500 0.0367188
8 0.6338542 0.4019531 0.0250000 0.0273438
11 0.7098958 0.2667969 0.0260417 0.0257812
6 0.4861979 0.2976563 0.0161458 0.0328125
11 0.5958333 0.3964844 0.0197917 0.0289063
