1 0.5096354 0.4191406 0.0255208 0.0398437
5 0.5843750 0.3320312 0.0197917 0.0218750
4 0.4002604 0.8050781 0.0171875 0.0257812
1 0.7692708 0.7421875 0.0312500 0.0343750
5 0.5916667 0.6375000 0.0166667 0.0359375
5 0.5265625 0.1738281 0.0197917 0.0242188
5 0.5177083 0.3671875 0.0281250 0.0281250
5 0.3559896 0.6125000 0.0338542 0.0312500
3 0.5351562 0.5746094 0.0234375 0.0226562
2 0.4309896 0.4476562 0.0348958 0.0312500
2 0.6057292 0.8644531 0.0260417 0.0257812
3 0.2565104 0.4605469 0.0317708 0.0257812
3 0.6093750 0.7617188 0.0218750 0.0296875
0 0.5523438 0.2398437 0.0328125 0.0203125
2 0.5432292 0.8601562 0.0291667 0.0265625
3 0.3841146 0.3679688 0.0317708 0.0281250
5 0.3721354 0.1140625 0.0234375 0.0406250
5 0.5528646 0.5445313 0.0348958 0.0250000
5 0.6098958 0.4886719 0.0156250 0.0398437
0 0.7390625 0.4218750 0.0302083 0.0265625
5 0.6794271 0.4296875 0.0317708 0.0234375
3 0.5554687 0.5746094 0.0286458 0.0210938
1 0.6080729 0.5707031 0.0161458 0.0507812
5 0.5333333 0.8722656 0.0312500 0.0382813
1 0.4458333 0.7175781 0.0302083 0.0257812
2 0.4442708 0.4078125 0.0322917 0.0250000
0 0.5789062 0.1722656 0.0223958 0.0242188
4 0.5361979 0.3023438 0.0317708 0.0203125
5 0.6666667 0.5691406 0.0322917 0.0257812
2 0.5302083 0.4027344 0.0302083 0.0320312
1 0.5796875 0.4941406 0.0291667 0.0210938
5 0.4028646 0.2335937 0.0276042 0.0359375
4 0.6046875 0.7601562 0.0187500 0.0281250
5 0.4065104 0.4148438 0.0296875 0.0296875
2 0.5645833 0.3460937 0.0197917 0.0453125
4 0.4825521 0.6605469 0.0192708 0.0226562
3 0.7161458 0.3882813 0.0312500 0.0218750
3 0.6325521 0.2925781 0.0244792 0.0335937
4 0.2973958 0.5066406 0.0333333 0.0335937
1 0.5500000 0.6042969 0.0312500 0.0226562
0 0.6833333 0.7328125 0.0312500 0.0343750
5 0.5817708 0.2210938 0.0166667 0.0406250
5 0.6882812 0.1566406 0.0338542 0.0242188
0 0.4419271 0.4675781 0.0265625 0.0320312
1 0.5502604 0.6175781 0.0161458 0.0351562
1 0.4744792 0.7289062 0.0239583 0.0390625
11 0.5502604 0.4980469 0.0223958 0.0492187
10 0.2979167 0.6179687 0.0260417 0.0421875
8 0.6455729 0.4171875 0.0223958 0.0375000
7 0.3729167 0.4539063 0.0302083 0.0421875
9 0.4895833 0.5929688 0.0291667 0.0328125
6 0.4997396 0.2671875 0.0296875 0.0281250
