2 0.7226562 0.3914063 0.0338542 0.0281250
3 0.6385417 0.8210937 0.0281250 0.0468750
5 0.6867188 0.5886719 0.0359375 0.0273438
3 0.4466146 0.5984375 0.0244792 0.0500000
4 0.3658854 0.2746094 0.0255208 0.0539063
5 0.3364583 0.5402344 0.0177083 0.0398437
0 0.6067708 0.7281250 0.0364583 0.0281250
3 0.3713542 0.5726562 0.0218750 0.0328125
4 0.5062500 0.2917969 0.0333333 0.0335937
3 0.6263021 0.5253906 0.0307292 0.0289063
5 0.3197917 0.4371094 0.0250000 0.0273438
4 0.4916667 0.5152344 0.0250000 0.0539063
5 0.3286458 0.4355469 0.0302083 0.0492187
2 0.2614583 0.2281250 0.0229167 0.0390625
3 0.7197917 0.4175781 0.0395833 0.0257812
0 0.4111979 0.1074219 0.0276042 0.0476562
5 0.4153646 0.7578125 0.0203125 0.0531250
4 0.4929688 0.1480469 0.0307292 0.0414062
0 0.4059896 0.1671875 0.0213542 0.0500000
1 0.5963542 0.2574219 0.0364583 0.0226562
5 0.4635417 0.6078125 0.0229167 0.0250000
0 0.4716146 0.4117188 0.0223958 0.0453125
1 0.4768229 0.8890625 0.0223958 0.0546875
5 0.6158854 0.2917969 0.0296875 0.0523438
1 0.3882813 0.2828125 0.0348958 0.0281250
4 0.6552083 0.3699219 0.0197917 0.0382813
4 0.5158854 0.7769531 0.0213542 0.0367188
0 0.3841146 0.4656250 0.0401042 0.0328125
2 0.6817708 0.4132812 0.0312500 0.0343750
11 0.4505208 0.2652344 0.0302083 0.0429688
