4 0.2809896 0.5257812 0.0286458 0.0875000
5 0.6903646 0.5777344 0.0640625 0.0460938
2 0.4096354 0.6886719 0.0265625 0.0382813
3 0.3578125 0.4355469 0.0291667 0.0742188
1 0.5570312 0.2203125 0.0567708 0.0421875
2 0.5856771 0.4539063 0.0296875 0.0890625
2 0.5312500 0.8160156 0.0593750 0.0398437
4 0.5750000 0.0851563 0.0583333 0.0390625
0 0.5403646 0.2335937 0.0390625 0.0875000
0 0.6458333 0.5546875 0.0552083 0.0406250
1 0.4369792 0.8050781 0.0552083 0.0492187
2 0.5117188 0.4046875 0.0359375 0.0718750
2 0.3752604 0.4894531 0.0401042 0.0554687
2 0.5062500 0.4382813 0.0291667 0.0468750
0 0.5109375 0.7937500 0.0531250 0.0437500
0 0.5302083 0.3460937 0.0312500 0.0562500
3 0.5916667 0.6253906 0.0354167 0.0851563
0 0.7294271 0.3496094 0.0473958 0.0507812
1 0.2627604 0.3875000 0.0598958 0.0390625
0 0.4002604 0.3972656 0.0557292 0.0460938
5 0.3539062 0.3031250 0.0442708 0.0671875
0 0.4697917 0.2242187 0.0552083 0.0546875
2 0.6778646 0.6246094 0.0317708 0.0695313
2 0.5567708 0.6273437 0.0364583 0.0796875
5 0.6794271 0.5351562 0.0494792 0.0406250
2 0.6572917 0.6511719 0.0375000 0.0523438
0 0.5031250 0.1859375 0.0291667 0.0937500
1 0.6151042 0.4992187 0.0395833 0.0718750
0 0.6947917 0.4238281 0.0614583 0.0523438
2 0.6450521 0.2566406 0.0567708 0.0429688
4 0.6906250 0.3039062 0.0520833 0.0390625
3 0.5348958 0.3972656 0.0343750 0.0617188
5 0.6638021 0.3750000 0.0557292 0.0406250
2 0.6091146 0.3058594 0.0307292 0.0757812
2 0.4044271 0.5500000 0.0307292 0.0906250
3 0.7041667 0.1351563 0.0260417 0.0859375
3 0.5148438 0.6238281 0.0588542 0.0585938
2 0.4528646 0.3050781 0.0473958 0.0585938
5 0.4851563 0.8191406 0.0390625 0.0898438
4 0.5195312 0.2832031 0.0338542 0.0429688
0 0.3531250 0.3308594 0.0562500 0.0460938
0 0.6593750 0.7144531 0.0364583 0.0835937
4 0.3153646 0.7984375 0.0557292 0.0375000
2 0.6559896 0.1093750 0.0578125 0.0421875
5 0.6981771 0.7390625 0.0598958 0.0531250
3 0.5075521 0.4089844 0.0296875 0.0414062
1 0.4242187 0.8859375 0.0515625 0.0671875
2 0.5018229 0.0390625 0.0380208 0.0687500
5 0.6677083 0.6089844 0.0572917 0.0414062
1 0.3187500 0.8156250 0.0270833 0.0906250
2 0.7153646 0.5718750 0.0463542 0.0765625
6 0.3841146 0.6570312 0.0557292 0.0781250
11 0.4132812 0.4285156 0.0338542 0.0507812
9 0.4018229 0.4023438 0.0401042 0.0765625
8 0.6468750 0.1800781 0.0531250 0.0695313
6 0.4408854 0.2929688 0.0463542 0.0687500
8 0.6473958 0.5273438 0.0552083 0.0609375
11 0.7263021 0.5234375 0.0557292 0.0671875
7 0.5796875 0.8640625 0.0354167 0.0828125
11 0.2919271 0.2402344 0.0421875 0.0867187
6 0.6885417 0.5199219 0.0520833 0.0539063
7 0.4125000 0.1250000 0.0541667 0.0562500
7 0.4809896 0.7917969 0.0536458 0.0867187
7 0.6260417 0.9109375 0.0541667 0.0546875
7 0.5770833 0.5445313 0.0520833 0.0671875
7 0.7611979 0.4261719 0.0536458 0.0523438
9 0.4348958 0.3230469 0.0572917 0.0632812
