3 0.5861979 0.4843750 0.0317708 0.0250000
4 0.2565104 0.5210938 0.0338542 0.0312500
2 0.3460937 0.8007812 0.0276042 0.0421875
1 0.6765625 0.8007812 0.0187500 0.0406250
4 0.5812500 0.6851563 0.0218750 0.0343750
1 0.5601563 0.4710937 0.0223958 0.0359375
2 0.3830729 0.4492188 0.0140625 0.0437500
3 0.5596354 0.8445312 0.0255208 0.0484375
5 0.6195312 0.4882812 0.0307292 0.0343750
5 0.3270833 0.5410156 0.0343750 0.0382813
0 0.6705729 0.3070312 0.0234375 0.0515625
5 0.7020833 0.6300781 0.0406250 0.0320312
2 0.5656250 0.5351562 0.0260417 0.0328125
5 0.3640625 0.5234375 0.0218750 0.0359375
0 0.3078125 0.6609375 0.0187500 0.0234375
2 0.5018229 0.7386719 0.0192708 0.0382813
4 0.6559896 0.1777344 0.0171875 0.0476562
0 0.6950521 0.3886719 0.0265625 0.0257812
3 0.4916667 0.5578125 0.0375000 0.0281250
1 0.7065104 0.6675781 0.0213542 0.0445313
3 0.4414062 0.2343750 0.0359375 0.0281250
0 0.6460938 0.8601562 0.0296875 0.0406250
5 0.6669271 0.8859375 0.0359375 0.0250000
2 0.2864583 0.5031250 0.0291667 0.0484375
3 0.6843750 0.7800781 0.0364583 0.0273438
4 0.4971354 0.3117187 0.0171875 0.0421875
7 0.4335938 0.3050781 0.0328125 0.0367188
10 0.6914062 0.3695312 0.0307292 0.0468750
9 0.7343750 0.4046875 0.0343750 0.0453125
10 0.5346354 0.9144531 0.0338542 0.0335937
10 0.7575521 0.5363281 0.0338542 0.0320312
11 0.3859375 0.8761719 0.0333333 0.0507812
6 0.5820312 0.6441406 0.0286458 0.0351562
7 0.6500000 0.7980469 0.0270833 0.0351562
9 0.4192708 0.6734375 0.0270833 0.0546875
7 0.5013021 0.4976563 0.0223958 0.0312500
7 0.6117187 0.6539063 0.0265625 0.0500000
6 0.4489583 0.2808594 0.0208333 0.0320312
6 0.4940104 0.6726562 0.0359375 0.0515625
8 0.5429688 0.7468750 0.0255208 0.0531250
