3 0.3940104 0.6828125 0.0182292 0.0250000
4 0.5736979 0.7972656 0.0192708 0.0507812
2 0.5937500 0.5582031 0.0270833 0.0320312
5 0.5161458 0.7175781 0.0260417 0.0445313
3 0.4890625 0.5992188 0.0208333 0.0359375
1 0.6406250 0.6433594 0.0260417 0.0226562
4 0.4520833 0.4328125 0.0312500 0.0218750
1 0.6026042 0.4460938 0.0333333 0.0234375
2 0.3632812 0.2632813 0.0338542 0.0250000
4 0.5440104 0.5621094 0.0192708 0.0429688
2 0.5640625 0.4925781 0.0156250 0.0273438
1 0.4445312 0.6769531 0.0171875 0.0320312
2 0.6791667 0.4257812 0.0312500 0.0250000
1 0.7445312 0.4953125 0.0338542 0.0218750
2 0.6695313 0.4906250 0.0234375 0.0343750
5 0.5723958 0.2796875 0.0145833 0.0328125
2 0.5138021 0.5363281 0.0276042 0.0273438
2 0.5307292 0.6925781 0.0260417 0.0429688
0 0.7807292 0.5835938 0.0281250 0.0328125
4 0.4369792 0.8953125 0.0229167 0.0406250
8 0.5916667 0.4308594 0.0229167 0.0304687
9 0.7398438 0.6886719 0.0276042 0.0304687
11 0.6026042 0.9343750 0.0312500 0.0359375
6 0.4734375 0.2667969 0.0218750 0.0335937
11 0.4020833 0.6160156 0.0333333 0.0335937
7 0.6585937 0.2480469 0.0213542 0.0492187
9 0.5992188 0.5000000 0.0296875 0.0296875
7 0.5713542 0.8812500 0.0229167 0.0437500
7 0.5812500 0.1527344 0.0322917 0.0398437
7 0.4523437 0.2417969 0.0296875 0.0289063
6 0.3500000 0.3437500 0.0312500 0.0390625
9 0.2638021 0.5855469 0.0307292 0.0429688
6 0.2830729 0.3777344 0.0213542 0.0460938
8 0.3500000 0.4406250 0.0343750 0.0343750
8 0.4828125 0.3378906 0.0281250 0.0289063
9 0.6223958 0.3058594 0.0250000 0.0460938
7 0.4768229 0.2726562 0.0276042 0.0484375
