0 0.4536458 0.6582031 0.0333333 0.0257812
5 0.6260417 0.1882813 0.0250000 0.0390625
0 0.6054688 0.5515625 0.0244792 0.0265625
5 0.5598958 0.4058594 0.0187500 0.0226562
5 0.6158854 0.4941406 0.0182292 0.0351562
2 0.4588542 0.7414063 0.0177083 0.0531250
0 0.5260417 0.5519531 0.0302083 0.0382813
2 0.6765625 0.4109375 0.0354167 0.0265625
5 0.4177083 0.6226563 0.0302083 0.0218750
2 0.6554688 0.5878906 0.0317708 0.0195312
4 0.5989583 0.7437500 0.0312500 0.0218750
0 0.5929688 0.2781250 0.0286458 0.0296875
2 0.5580729 0.3347656 0.0192708 0.0398437
1 0.6078125 0.2625000 0.0177083 0.0234375
2 0.6627604 0.2695312 0.0203125 0.0437500
2 0.6356771 0.4714844 0.0307292 0.0289063
1 0.5606771 0.2242187 0.0317708 0.0234375
5 0.4278646 0.2308594 0.0151042 0.0476562
5 0.4369792 0.4359375 0.0187500 0.0265625
5 0.6958333 0.3507812 0.0322917 0.0265625
5 0.2765625 0.5929688 0.0218750 0.0359375
4 0.3026042 0.7636719 0.0312500 0.0226562
4 0.6036458 0.6179687 0.0177083 0.0437500
5 0.7565104 0.5109375 0.0151042 0.0281250
2 0.4854167 0.2257812 0.0354167 0.0250000
5 0.2552083 0.4027344 0.0208333 0.0367188
5 0.4070313 0.2921875 0.0286458 0.0359375
0 0.2723958 0.3195312 0.0343750 0.0250000
4 0.4356771 0.1714844 0.0151042 0.0289063
3 0.7028646 0.5113281 0.0338542 0.0242188
4 0.4992187 0.5718750 0.0223958 0.0281250
0 0.4473958 0.5636719 0.0333333 0.0195312
3 0.5278646 0.4585938 0.0182292 0.0234375
0 0.4520833 0.6777344 0.0187500 0.0492187
2 0.4932292 0.6792969 0.0302083 0.0273438
4 0.5585938 0.5605469 0.0182292 0.0507812
1 0.6281250 0.5898438 0.0291667 0.0171875
2 0.5710937 0.2171875 0.0255208 0.0484375
1 0.7296875 0.6453125 0.0208333 0.0421875
0 0.6723958 0.5648437 0.0260417 0.0250000
5 0.3044271 0.3343750 0.0130208 0.0234375
1 0.7625000 0.6132812 0.0250000 0.0406250
0 0.3958333 0.5300781 0.0197917 0.0398437
3 0.3263021 0.2046875 0.0338542 0.0234375
3 0.4330729 0.2957031 0.0213542 0.0304687
10 0.4596354 0.6648437 0.0276042 0.0328125
6 0.5526042 0.6562500 0.0312500 0.0343750
6 0.5914063 0.4046875 0.0286458 0.0312500
6 0.5291667 0.6300781 0.0187500 0.0414062
10 0.4125000 0.2171875 0.0208333 0.0312500
11 0.4101562 0.7937500 0.0244792 0.0281250
6 0.4476562 0.6484375 0.0296875 0.0468750
11 0.6859375 0.4988281 0.0208333 0.0398437
9 0.3570313 0.6839844 0.0265625 0.0351562
6 0.6070313 0.6945313 0.0276042 0.0421875
9 0.5768229 0.3375000 0.0276042 0.0468750
7 0.6510417 0.6906250 0.0312500 0.0406250
9 0.5244792 0.6195312 0.0312500 0.0343750
10 0.5968750 0.6820312 0.0291667 0.0281250
11 0.6216146 0.5847656 0.0255208 0.0367188
7 0.3859375 0.7855469 0.0281250 0.0429688
10 0.5617188 0.4835937 0.0296875 0.0359375
