1 0.6523438 0.3902344 0.0473958 0.0320312
4 0.6039062 0.4265625 0.0213542 0.0625000
5 0.5471354 0.6687500 0.0442708 0.0328125
1 0.5703125 0.3070312 0.0395833 0.0531250
4 0.6705729 0.5550781 0.0442708 0.0304687
0 0.6489583 0.2542969 0.0250000 0.0632812
4 0.5018229 0.1894531 0.0317708 0.0570312
0 0.4361979 0.5023437 0.0338542 0.0375000
5 0.4255208 0.3550781 0.0218750 0.0570312
2 0.5846354 0.5074219 0.0421875 0.0289063
2 0.5270833 0.3312500 0.0406250 0.0359375
4 0.3968750 0.5910156 0.0302083 0.0507812
0 0.6622396 0.7007813 0.0380208 0.0468750
1 0.6010417 0.6132812 0.0458333 0.0390625
5 0.2773438 0.5285156 0.0494792 0.0445313
5 0.3575521 0.5335937 0.0442708 0.0296875
2 0.3747396 0.4632812 0.0380208 0.0296875
3 0.4609375 0.4867187 0.0468750 0.0359375
1 0.4494792 0.4441406 0.0343750 0.0367188
1 0.6674479 0.3109375 0.0213542 0.0640625
1 0.5841146 0.7097656 0.0328125 0.0539063
0 0.3955729 0.8039063 0.0453125 0.0343750
0 0.5864583 0.0617188 0.0270833 0.0421875
3 0.6020833 0.3179688 0.0479167 0.0281250
0 0.5864583 0.0914062 0.0458333 0.0312500
4 0.5153646 0.9339844 0.0213542 0.0648438
4 0.4424479 0.2980469 0.0276042 0.0445313
1 0.5398437 0.4703125 0.0203125 0.0375000
4 0.3684896 0.4476562 0.0203125 0.0328125
5 0.6854167 0.5941406 0.0500000 0.0335937
5 0.3877604 0.5109375 0.0213542 0.0562500
5 0.2911458 0.5703125 0.0406250 0.0453125
2 0.5770833 0.4722656 0.0406250 0.0460938
4 0.3635417 0.8093750 0.0281250 0.0671875
5 0.4143229 0.6847656 0.0359375 0.0554687
0 0.3679688 0.2562500 0.0265625 0.0609375
2 0.4718750 0.6730469 0.0208333 0.0710937
1 0.6445312 0.4105469 0.0265625 0.0492187
5 0.3263021 0.3281250 0.0380208 0.0468750
3 0.2156250 0.5957031 0.0333333 0.0523438
1 0.7638021 0.7507812 0.0484375 0.0390625
3 0.4065104 0.5875000 0.0213542 0.0671875
5 0.5229167 0.5468750 0.0458333 0.0296875
2 0.4848958 0.5832031 0.0229167 0.0601563
1 0.5526042 0.7710938 0.0468750 0.0296875
3 0.5276042 0.3750000 0.0291667 0.0640625
0 0.4898438 0.3691406 0.0328125 0.0539063
1 0.7330729 0.2222656 0.0442708 0.0304687
5 0.6713542 0.4636719 0.0500000 0.0367188
5 0.3864583 0.5863281 0.0312500 0.0492187
0 0.5265625 0.7531250 0.0354167 0.0531250
2 0.5796875 0.7601562 0.0239583 0.0406250
3 0.4388021 0.4812500 0.0286458 0.0562500
1 0.6179687 0.2921875 0.0307292 0.0609375
1 0.3575521 0.5914063 0.0223958 0.0296875
2 0.4057292 0.7570313 0.0260417 0.0640625
1 0.5572917 0.4507813 0.0229167 0.0359375
0 0.4236979 0.3863281 0.0213542 0.0539063
5 0.6177083 0.3621094 0.0427083 0.0320312
2 0.3833333 0.5445313 0.0239583 0.0390625
4 0.7018229 0.5308594 0.0421875 0.0273438
1 0.3736979 0.6820312 0.0244792 0.0484375
1 0.3921875 0.7429687 0.0208333 0.0640625
2 0.4179688 0.8125000 0.0463542 0.0437500
5 0.2802083 0.4625000 0.0291667 0.0625000
3 0.3192708 0.4238281 0.0437500 0.0429688
11 0.5804687 0.8132812 0.0442708 0.0468750
