1 0.4742188 0.6140625 0.0286458 0.0484375
3 0.7216146 0.3003906 0.0328125 0.0351562
5 0.4130208 0.7058594 0.0458333 0.0476562
1 0.5523438 0.3859375 0.0369792 0.0375000
0 0.4177083 0.6980469 0.0395833 0.0320312
4 0.7221354 0.7074219 0.0463542 0.0335937
0 0.6179687 0.5695313 0.0223958 0.0593750
2 0.2903646 0.5699219 0.0244792 0.0648438
5 0.5434896 0.5714844 0.0276042 0.0570312
4 0.3817708 0.4945312 0.0239583 0.0312500
3 0.2367188 0.5742188 0.0401042 0.0312500
0 0.4770833 0.6691406 0.0427083 0.0367188
5 0.5692708 0.4265625 0.0447917 0.0531250
2 0.5908854 0.3042969 0.0390625 0.0320312
5 0.6786458 0.2472656 0.0354167 0.0460938
3 0.2992187 0.5140625 0.0411458 0.0296875
3 0.2057292 0.6679688 0.0343750 0.0359375
2 0.7218750 0.7445312 0.0208333 0.0656250
4 0.6875000 0.2804687 0.0343750 0.0406250
7 0.2229167 0.4894531 0.0302083 0.0382813
8 0.3828125 0.3460937 0.0385417 0.0531250
8 0.3666667 0.7476563 0.0260417 0.0593750
7 0.4958333 0.4664063 0.0322917 0.0421875
11 0.6309896 0.1652344 0.0421875 0.0414062
8 0.7000000 0.4847656 0.0416667 0.0398437
6 0.5520833 0.3265625 0.0375000 0.0375000
6 0.7169271 0.2203125 0.0380208 0.0406250
9 0.5703125 0.1781250 0.0406250 0.0406250
11 0.5143229 0.8203125 0.0369792 0.0609375
11 0.4895833 0.6878906 0.0364583 0.0382813
