3 0.5447917 0.8441406 0.0739583 0.0960938
0 0.3187500 0.7691406 0.0885417 0.0507812
4 0.1838542 0.5550781 0.0468750 0.0789062
5 0.5276042 0.4476562 0.0864583 0.0609375
3 0.6664062 0.6527344 0.0807292 0.0570312
5 0.3937500 0.3542969 0.0458333 0.1289062
2 0.4229167 0.7492188 0.0427083 0.0593750
3 0.7236979 0.5066406 0.0796875 0.0664062
4 0.4281250 0.6277344 0.0625000 0.0679687
2 0.2942708 0.9066406 0.0572917 0.0773438
0 0.4346354 0.3363281 0.0526042 0.1132812
4 0.7263021 0.5398437 0.0713542 0.0812500
1 0.5479167 0.4171875 0.0875000 0.0765625
0 0.3041667 0.1335938 0.0385417 0.0750000
5 0.6919271 0.5816406 0.0765625 0.0585938
5 0.6143229 0.1324219 0.0744792 0.0554687
1 0.6278646 0.1960938 0.0796875 0.0546875
2 0.3981771 0.2906250 0.0546875 0.0921875
5 0.6893229 0.4621094 0.0776042 0.0570312
1 0.5114583 0.0343750 0.0447917 0.0687500
5 0.3843750 0.3828125 0.0479167 0.0906250
0 0.6153646 0.3980469 0.0526042 0.0414062
5 0.5554687 0.6238281 0.0453125 0.0882813
0 0.6570312 0.2019531 0.0494792 0.1257813
2 0.6841146 0.6292969 0.0442708 0.0585938
2 0.6973958 0.3132813 0.0697917 0.0625000
2 0.7151042 0.5449219 0.0781250 0.0617188
0 0.3388021 0.3320312 0.0723958 0.0640625
4 0.3125000 0.1132812 0.0822917 0.0546875
4 0.5880208 0.1394531 0.0395833 0.0679687
5 0.5164062 0.5589844 0.0505208 0.0679687
0 0.5981771 0.8828125 0.0723958 0.0593750
0 0.5627604 0.2898438 0.0567708 0.0640625
3 0.5322917 0.6949219 0.0812500 0.0648438
8 0.7757812 0.3605469 0.0765625 0.0757812
8 0.6968750 0.6832031 0.0739583 0.0804688
7 0.5250000 0.4183594 0.0552083 0.1179687
11 0.4684896 0.7746094 0.0557292 0.1164063
6 0.4203125 0.6136719 0.0781250 0.0757812
10 0.6601562 0.5425781 0.0796875 0.1054688
9 0.6851563 0.6117187 0.0703125 0.0687500
7 0.5375000 0.6835938 0.0656250 0.0750000
11 0.4390625 0.6726562 0.0604167 0.1187500
11 0.6270833 0.5519531 0.0739583 0.1070312
6 0.5528646 0.4390625 0.0692708 0.0687500
7 0.3111979 0.3941406 0.0682292 0.1132812
9 0.6958333 0.4300781 0.0458333 0.1007813
11 0.6466146 0.4316406 0.0828125 0.0804688
7 0.2710938 0.6867188 0.0734375 0.0781250
9 0.7143229 0.2804687 0.0776042 0.0734375
7 0.4864583 0.7054687 0.0739583 0.0734375
7 0.6841146 0.7316406 0.0515625 0.0976562
10 0.7643229 0.2433594 0.0765625 0.0804688
9 0.6632813 0.3660156 0.0515625 0.1117188
