3 0.4109375 0.3394531 0.0208333 0.0476562
2 0.5742188 0.4609375 0.0223958 0.0484375
0 0.3812500 0.2570312 0.0166667 0.0484375
4 0.3434896 0.4718750 0.0359375 0.0312500
5 0.4208333 0.3500000 0.0343750 0.0234375
4 0.6203125 0.7871094 0.0312500 0.0289063
3 0.4544271 0.5117188 0.0203125 0.0343750
3 0.7354167 0.4500000 0.0343750 0.0312500
2 0.5906250 0.2773438 0.0354167 0.0296875
5 0.3726563 0.4828125 0.0317708 0.0265625
1 0.5875000 0.4164062 0.0177083 0.0468750
4 0.4197917 0.2714844 0.0239583 0.0320312
4 0.4924479 0.6300781 0.0348958 0.0242188
4 0.7278646 0.4804688 0.0369792 0.0250000
3 0.6453125 0.3632812 0.0260417 0.0375000
2 0.4338542 0.1281250 0.0208333 0.0421875
5 0.4963542 0.3246094 0.0177083 0.0304687
3 0.7330729 0.6242188 0.0182292 0.0406250
5 0.4666667 0.4656250 0.0239583 0.0375000
3 0.6200521 0.4570312 0.0223958 0.0359375
5 0.3039062 0.3253906 0.0182292 0.0382813
1 0.6020833 0.6359375 0.0208333 0.0500000
2 0.5611979 0.3664062 0.0328125 0.0437500
5 0.5205729 0.5125000 0.0276042 0.0437500
3 0.5119792 0.5207031 0.0270833 0.0273438
0 0.3562500 0.1734375 0.0343750 0.0312500
2 0.5132813 0.2046875 0.0213542 0.0390625
4 0.4708333 0.0660156 0.0197917 0.0492187
2 0.6578125 0.5019531 0.0322917 0.0289063
4 0.5385417 0.5812500 0.0291667 0.0234375
0 0.5846354 0.4812500 0.0390625 0.0281250
5 0.6921875 0.6242188 0.0135417 0.0250000
4 0.7078125 0.4992187 0.0364583 0.0296875
5 0.6044271 0.5894531 0.0234375 0.0445313
0 0.4117188 0.7460938 0.0182292 0.0578125
2 0.7138021 0.7953125 0.0244792 0.0250000
2 0.7445312 0.4535156 0.0348958 0.0414062
1 0.6684896 0.3851562 0.0317708 0.0265625
1 0.4364583 0.5210938 0.0250000 0.0343750
1 0.2723958 0.4812500 0.0385417 0.0265625
2 0.6781250 0.3585937 0.0229167 0.0484375
4 0.6570312 0.4496094 0.0182292 0.0507812
5 0.4283854 0.8500000 0.0244792 0.0406250
2 0.5432292 0.5523438 0.0260417 0.0234375
2 0.6049479 0.9781250 0.0244792 0.0421875
5 0.5854167 0.5320312 0.0218750 0.0250000
3 0.3510417 0.4417969 0.0177083 0.0335937
0 0.4111979 0.4039063 0.0244792 0.0406250
0 0.4315104 0.4230469 0.0369792 0.0289063
2 0.6614583 0.4554687 0.0218750 0.0437500
3 0.5479167 0.5312500 0.0322917 0.0234375
1 0.6757812 0.2367188 0.0348958 0.0250000
3 0.5700521 0.6039062 0.0348958 0.0265625
8 0.6093750 0.5964844 0.0333333 0.0414062
9 0.4505208 0.4277344 0.0197917 0.0335937
8 0.4664063 0.4617188 0.0234375 0.0359375
10 0.4242187 0.6570312 0.0338542 0.0328125
7 0.6361979 0.3019531 0.0359375 0.0351562
6 0.5903646 0.1445312 0.0234375 0.0312500
9 0.4041667 0.5003906 0.0364583 0.0398437
10 0.5677083 0.8761719 0.0333333 0.0414062
8 0.4606771 0.3046875 0.0244792 0.0562500
