4 0.6580729 0.4089844 0.0703125 0.0679687
1 0.4752604 0.6117187 0.0765625 0.0656250
3 0.5101562 0.5972656 0.0567708 0.1023437
1 0.7007813 0.3875000 0.0713542 0.0625000
0 0.2893229 0.4402344 0.0453125 0.0773438
4 0.7260417 0.5261719 0.0760417 0.0757812
4 0.5335937 0.4312500 0.0609375 0.0625000
0 0.4768229 0.3937500 0.0619792 0.0812500
3 0.4682292 0.5933594 0.0583333 0.0867187
2 0.6242188 0.6515625 0.0796875 0.0609375
0 0.5622396 0.3593750 0.0463542 0.0750000
1 0.6351562 0.8550781 0.0588542 0.0804688
2 0.6799479 0.4570312 0.0682292 0.0703125
3 0.7476563 0.8015625 0.0421875 0.1171875
0 0.3674479 0.2265625 0.0630208 0.0515625
3 0.4174479 0.2160156 0.0588542 0.0867187
0 0.7085938 0.3933594 0.0838542 0.0460938
0 0.6187500 0.4234375 0.0312500 0.1000000
5 0.6674479 0.6117187 0.0411458 0.0578125
1 0.7018229 0.4734375 0.0734375 0.0484375
4 0.6085938 0.1511719 0.0421875 0.1257813
4 0.3934896 0.5199219 0.0640625 0.1023437
5 0.5460938 0.6359375 0.0421875 0.1140625
2 0.6750000 0.4968750 0.0854167 0.0578125
3 0.3052083 0.3800781 0.0812500 0.0601563
3 0.6213542 0.0929688 0.0812500 0.0562500
5 0.3609375 0.5472656 0.0385417 0.0726563
0 0.4114583 0.1464844 0.0666667 0.1085938
4 0.5476562 0.3398438 0.0598958 0.0718750
0 0.3213542 0.7542969 0.0781250 0.0570312
0 0.6091146 0.5187500 0.0401042 0.0578125
5 0.6768229 0.4441406 0.0390625 0.1289062
3 0.6294271 0.6589844 0.0578125 0.0632812
3 0.6690104 0.6917969 0.0661458 0.0804688
1 0.5888021 0.4488281 0.0442708 0.0570312
0 0.7106771 0.5011719 0.0578125 0.0695313
1 0.5476562 0.2957031 0.0463542 0.1085938
5 0.2901042 0.4339844 0.0583333 0.0929688
1 0.6169271 0.5167969 0.0755208 0.0570312
5 0.4369792 0.5398437 0.0458333 0.0796875
2 0.3213542 0.6726562 0.0739583 0.0546875
5 0.3614583 0.8406250 0.0770833 0.0609375
2 0.7276042 0.5121094 0.0802083 0.0757812
3 0.4020833 0.7273437 0.0437500 0.1078125
0 0.3885417 0.3656250 0.0729167 0.0484375
4 0.4039063 0.8667969 0.0640625 0.0882813
6 0.6875000 0.2320312 0.0739583 0.0875000
9 0.7875000 0.3351562 0.0791667 0.0921875
7 0.5270833 0.8246094 0.0739583 0.1007813
8 0.6213542 0.6820312 0.0687500 0.1218750
8 0.3734375 0.7652344 0.0822917 0.0804688
11 0.4645833 0.4578125 0.0739583 0.1015625
7 0.6776042 0.5132813 0.0739583 0.0703125
8 0.8375000 0.1925781 0.0802083 0.0773438
10 0.6062500 0.3449219 0.0750000 0.0726563
11 0.7572917 0.4808594 0.0791667 0.0773438
8 0.4802083 0.5218750 0.0802083 0.1062500
8 0.4653646 0.1039063 0.0713542 0.0765625
