4 0.4171875 0.1894531 0.1458333 0.1132812
3 0.6627604 0.7808594 0.0682292 0.2132813
2 0.3919271 0.3191406 0.1223958 0.1507813
2 0.6830729 0.8511719 0.1401042 0.1117188
4 0.4914062 0.9078125 0.1109375 0.1828125
7 0.5119792 0.5078125 0.1250000 0.1250000
11 0.3039062 0.3718750 0.1265625 0.1265625
7 0.5585938 0.6707031 0.1015625 0.2210938
7 0.5135417 0.8046875 0.0968750 0.2312500
6 0.6799479 0.6000000 0.0890625 0.1437500
9 0.3997396 0.8261719 0.0921875 0.2226562
8 0.3463542 0.6671875 0.0885417 0.1906250
11 0.6260417 0.5507812 0.1458333 0.1890625
9 0.7333333 0.2105469 0.1291667 0.1304687
8 0.7218750 0.5011719 0.0937500 0.1398437
