3 0.5039062 0.2875000 0.0151042 0.0234375
0 0.5484375 0.7777344 0.0260417 0.0242188
1 0.7221354 0.5320312 0.0130208 0.0250000
2 0.4403646 0.7285156 0.0265625 0.0226562
2 0.5968750 0.8667969 0.0239583 0.0335937
3 0.3158854 0.5984375 0.0140625 0.0343750
0 0.4085937 0.4851563 0.0286458 0.0203125
4 0.7208333 0.7101563 0.0250000 0.0218750
1 0.6486979 0.5320312 0.0234375 0.0328125
1 0.5562500 0.4035156 0.0145833 0.0429688
4 0.6825521 0.6593750 0.0171875 0.0203125
1 0.4059896 0.7136719 0.0140625 0.0148437
0 0.4533854 0.1207031 0.0203125 0.0351562
0 0.6468750 0.4687500 0.0135417 0.0203125
3 0.5901042 0.8660156 0.0281250 0.0195312
3 0.7296875 0.3976562 0.0218750 0.0312500
5 0.3450521 0.7250000 0.0140625 0.0250000
4 0.6385417 0.4949219 0.0145833 0.0210938
2 0.3614583 0.4085937 0.0145833 0.0187500
1 0.3296875 0.5878906 0.0302083 0.0257812
1 0.6502604 0.3347656 0.0182292 0.0351562
1 0.4617188 0.8117188 0.0161458 0.0171875
2 0.5072917 0.2070312 0.0104167 0.0281250
3 0.5398437 0.3753906 0.0244792 0.0210938
3 0.6424479 0.6902344 0.0223958 0.0273438
1 0.6372396 0.7226562 0.0234375 0.0281250
4 0.6515625 0.5796875 0.0250000 0.0203125
5 0.6513021 0.2753906 0.0161458 0.0398437
5 0.4554687 0.8121094 0.0265625 0.0195312
3 0.2755208 0.8101563 0.0281250 0.0234375
3 0.4651042 0.4546875 0.0156250 0.0250000
1 0.5869792 0.7390625 0.0260417 0.0187500
1 0.7057292 0.5046875 0.0239583 0.0343750
4 0.3070312 0.2960937 0.0265625 0.0203125
3 0.3929687 0.3753906 0.0119792 0.0335937
3 0.4924479 0.8574219 0.0182292 0.0398437
0 0.5916667 0.6593750 0.0270833 0.0250000
5 0.5718750 0.7992187 0.0197917 0.0265625
4 0.4132812 0.6097656 0.0244792 0.0210938
1 0.5578125 0.5050781 0.0239583 0.0226562
8 0.6695313 0.5429688 0.0171875 0.0250000
8 0.5223958 0.4445312 0.0239583 0.0234375
6 0.4148438 0.2367188 0.0203125 0.0406250
