5 0.2671875 0.5250000 0.0270833 0.0265625
0 0.6533854 0.6085938 0.0161458 0.0250000
0 0.6481771 0.1761719 0.0151042 0.0226562
1 0.5776042 0.3300781 0.0166667 0.0398437
4 0.5195312 0.5117188 0.0296875 0.0218750
1 0.6390625 0.3710938 0.0281250 0.0281250
5 0.6354167 0.6953125 0.0166667 0.0265625
3 0.3072917 0.4667969 0.0302083 0.0242188
1 0.6565104 0.3464844 0.0317708 0.0304687
4 0.5515625 0.1410156 0.0250000 0.0335937
5 0.3643229 0.7492188 0.0203125 0.0296875
2 0.4695313 0.2742188 0.0161458 0.0484375
4 0.5432292 0.4707031 0.0145833 0.0242188
3 0.5140625 0.5496094 0.0270833 0.0164063
4 0.6145833 0.6566406 0.0250000 0.0320312
4 0.7273437 0.1039063 0.0296875 0.0203125
5 0.5255208 0.7710938 0.0250000 0.0265625
0 0.5927083 0.3308594 0.0270833 0.0367188
1 0.6557292 0.7062500 0.0260417 0.0218750
2 0.5953125 0.6765625 0.0270833 0.0343750
1 0.7432292 0.4453125 0.0229167 0.0250000
1 0.7286458 0.4335938 0.0302083 0.0250000
4 0.2953125 0.6339844 0.0229167 0.0351562
3 0.6505208 0.3722656 0.0281250 0.0226562
0 0.6903646 0.6500000 0.0244792 0.0265625
3 0.5544271 0.4332031 0.0192708 0.0289063
1 0.4643229 0.1085938 0.0317708 0.0218750
2 0.3630208 0.4328125 0.0208333 0.0234375
0 0.5971354 0.5578125 0.0213542 0.0421875
0 0.5437500 0.6542969 0.0208333 0.0226562
1 0.3914063 0.7898437 0.0192708 0.0484375
2 0.6026042 0.3171875 0.0218750 0.0484375
2 0.6460938 0.4937500 0.0265625 0.0281250
1 0.6596354 0.6496094 0.0307292 0.0273438
1 0.3695312 0.1894531 0.0286458 0.0242188
5 0.6591146 0.1765625 0.0276042 0.0250000
0 0.5554687 0.7148438 0.0223958 0.0203125
4 0.3348958 0.2683594 0.0197917 0.0210938
4 0.7341146 0.3402344 0.0286458 0.0242188
5 0.5372396 0.9117188 0.0192708 0.0375000
3 0.5466146 0.4386719 0.0244792 0.0179687
3 0.4973958 0.6605469 0.0312500 0.0273438
3 0.4072917 0.5261719 0.0218750 0.0257812
3 0.4963542 0.0832031 0.0239583 0.0367188
5 0.4994792 0.5121094 0.0177083 0.0429688
0 0.2260417 0.3183594 0.0197917 0.0476562
4 0.4424479 0.5792969 0.0317708 0.0210938
6 0.7791667 0.4695313 0.0260417 0.0375000
7 0.5210938 0.5929688 0.0223958 0.0453125
8 0.6760417 0.5550781 0.0208333 0.0382813
7 0.3838542 0.5441406 0.0291667 0.0289063
8 0.5164062 0.8132812 0.0307292 0.0296875
7 0.2697917 0.7539062 0.0239583 0.0468750
9 0.6502604 0.4804688 0.0307292 0.0406250
8 0.3135417 0.7671875 0.0291667 0.0312500
10 0.6111979 0.4500000 0.0265625 0.0265625
7 0.5010417 0.2347656 0.0291667 0.0367188
10 0.6156250 0.7898437 0.0291667 0.0343750
7 0.5695313 0.4253906 0.0203125 0.0367188
8 0.5893229 0.6468750 0.0265625 0.0359375
8 0.5937500 0.2140625 0.0260417 0.0406250
11 0.3036458 0.5546875 0.0302083 0.0375000
8 0.5520833 0.3363281 0.0218750 0.0460938
8 0.5721354 0.5281250 0.0276042 0.0312500
