3 0.4979167 0.6507812 0.0364583 0.0453125
1 0.3536458 0.3562500 0.0375000 0.0890625
5 0.6835938 0.3472656 0.0546875 0.0429688
4 0.4783854 0.2132813 0.0401042 0.0656250
0 0.5601563 0.7761719 0.0515625 0.0539063
0 0.6052083 0.0722656 0.0260417 0.0773438
4 0.5075521 0.3488281 0.0578125 0.0367188
5 0.6619792 0.5437500 0.0479167 0.0578125
2 0.6679688 0.5777344 0.0484375 0.0617188
3 0.6156250 0.1867187 0.0583333 0.0390625
4 0.5184896 0.6660156 0.0328125 0.0367188
0 0.3080729 0.8128906 0.0369792 0.0835937
0 0.4713542 0.4890625 0.0489583 0.0390625
1 0.5901042 0.3035156 0.0500000 0.0429688
0 0.5229167 0.4234375 0.0552083 0.0390625
2 0.5270833 0.2921875 0.0270833 0.0671875
3 0.6497396 0.5054688 0.0536458 0.0375000
1 0.5815104 0.5886719 0.0359375 0.0460938
5 0.5520833 0.3195312 0.0281250 0.0437500
2 0.6072917 0.2101562 0.0489583 0.0453125
3 0.6583333 0.4527344 0.0479167 0.0523438
8 0.4924479 0.6828125 0.0442708 0.0531250
8 0.3471354 0.4898438 0.0546875 0.0593750
11 0.3791667 0.6765625 0.0572917 0.0562500
7 0.4429688 0.4355469 0.0432292 0.0742188
6 0.3539062 0.7925781 0.0453125 0.0757812
8 0.6335937 0.4644531 0.0463542 0.0757812
6 0.5729167 0.1527344 0.0468750 0.0867187
8 0.5638021 0.7265625 0.0359375 0.0828125
11 0.3135417 0.9074219 0.0385417 0.0804688
7 0.6695313 0.2222656 0.0505208 0.0492187
7 0.5648437 0.3597656 0.0473958 0.0523438
10 0.6015625 0.5667969 0.0562500 0.0523438
10 0.6861979 0.4988281 0.0515625 0.0773438
9 0.6307292 0.7253906 0.0552083 0.0585938
11 0.3234375 0.6515625 0.0364583 0.0500000
9 0.5377604 0.5902344 0.0401042 0.0570312
9 0.4096354 0.4773438 0.0536458 0.0531250
8 0.5557292 0.6871094 0.0375000 0.0789062
10 0.4609375 0.4722656 0.0479167 0.0460938
6 0.4250000 0.1519531 0.0552083 0.0617188
