1 0.3807292 0.7375000 0.0239583 0.0187500
4 0.5638021 0.7683594 0.0161458 0.0257812
1 0.4367187 0.4605469 0.0234375 0.0179687
0 0.4776042 0.7542969 0.0166667 0.0210938
3 0.6377604 0.5917969 0.0265625 0.0195312
5 0.3429687 0.7093750 0.0182292 0.0171875
5 0.3445313 0.3769531 0.0203125 0.0242188
2 0.4020833 0.5558594 0.0135417 0.0367188
0 0.3453125 0.4066406 0.0250000 0.0195312
3 0.3117187 0.7066406 0.0109375 0.0164063
0 0.4867187 0.5113281 0.0119792 0.0367188
0 0.3156250 0.5828125 0.0239583 0.0218750
3 0.4869792 0.6402344 0.0104167 0.0273438
4 0.5593750 0.6695313 0.0197917 0.0187500
2 0.4372396 0.3851562 0.0161458 0.0390625
1 0.5286458 0.3761719 0.0156250 0.0273438
4 0.5906250 0.4410156 0.0239583 0.0164063
3 0.5270833 0.8261719 0.0125000 0.0351562
4 0.5776042 0.6636719 0.0239583 0.0148437
4 0.5596354 0.7964844 0.0130208 0.0195312
5 0.4328125 0.3632812 0.0229167 0.0156250
4 0.6817708 0.6285156 0.0229167 0.0210938
2 0.6859375 0.3964844 0.0156250 0.0195312
3 0.6455729 0.6390625 0.0140625 0.0359375
1 0.5265625 0.6214844 0.0218750 0.0257812
5 0.4361979 0.6460938 0.0130208 0.0234375
3 0.4213542 0.7230469 0.0114583 0.0164063
1 0.6015625 0.5867187 0.0145833 0.0203125
2 0.7140625 0.4636719 0.0135417 0.0179687
0 0.5744792 0.6117187 0.0229167 0.0234375
4 0.7007813 0.7714844 0.0234375 0.0164063
3 0.4460938 0.3625000 0.0151042 0.0375000
1 0.5497396 0.7250000 0.0234375 0.0218750
1 0.5979167 0.8351563 0.0177083 0.0296875
0 0.6036458 0.6828125 0.0197917 0.0328125
4 0.5731771 0.6019531 0.0109375 0.0242188
3 0.5419271 0.5632812 0.0244792 0.0234375
2 0.4684896 0.1738281 0.0119792 0.0179687
4 0.7338542 0.5132813 0.0156250 0.0343750
1 0.3557292 0.7105469 0.0125000 0.0382813
3 0.4471354 0.5296875 0.0223958 0.0187500
1 0.4234375 0.2277344 0.0208333 0.0226562
1 0.6244792 0.7218750 0.0229167 0.0328125
2 0.2872396 0.5457031 0.0234375 0.0304687
0 0.7515625 0.5945312 0.0187500 0.0343750
2 0.5880208 0.2398437 0.0260417 0.0281250
0 0.4468750 0.1414063 0.0156250 0.0250000
0 0.5255208 0.3894531 0.0229167 0.0164063
0 0.5114583 0.2496094 0.0239583 0.0179687
4 0.5687500 0.6160156 0.0218750 0.0210938
3 0.7031250 0.6640625 0.0250000 0.0187500
0 0.4903646 0.7121094 0.0119792 0.0242188
4 0.2822917 0.2511719 0.0156250 0.0320312
1 0.6432292 0.5613281 0.0135417 0.0257812
0 0.5080729 0.7761719 0.0140625 0.0226562
2 0.3927083 0.2265625 0.0229167 0.0187500
3 0.6020833 0.4765625 0.0208333 0.0265625
4 0.3622396 0.5878906 0.0223958 0.0132812
0 0.3864583 0.5234375 0.0260417 0.0218750
2 0.7088542 0.3667969 0.0250000 0.0257812
5 0.5825521 0.6242188 0.0192708 0.0296875
5 0.2773438 0.4140625 0.0234375 0.0171875
2 0.5463542 0.3164062 0.0229167 0.0187500
4 0.3255208 0.5726562 0.0218750 0.0171875
1 0.6575521 0.7496094 0.0223958 0.0179687
0 0.2734375 0.6738281 0.0260417 0.0226562
1 0.7364583 0.5160156 0.0197917 0.0195312
2 0.2627604 0.5339844 0.0234375 0.0195312
1 0.6049479 0.2925781 0.0234375 0.0179687
2 0.4718750 0.4839844 0.0166667 0.0226562
5 0.6786458 0.4601562 0.0239583 0.0187500
2 0.6903646 0.3410156 0.0234375 0.0179687
1 0.4687500 0.5980469 0.0145833 0.0226562
0 0.2700521 0.6109375 0.0109375 0.0281250
1 0.6627604 0.3527344 0.0203125 0.0210938
3 0.4330729 0.3753906 0.0140625 0.0257812
9 0.3781250 0.5812500 0.0218750 0.0218750
9 0.5651042 0.4207031 0.0166667 0.0289063
11 0.4497396 0.6328125 0.0213542 0.0375000
11 0.6046875 0.3480469 0.0166667 0.0273438
8 0.5708333 0.5253906 0.0197917 0.0257812
7 0.5192708 0.4523437 0.0250000 0.0265625
8 0.3565104 0.8945312 0.0234375 0.0296875
8 0.4731771 0.6238281 0.0213542 0.0257812
11 0.4791667 0.8121094 0.0229167 0.0273438
9 0.4950521 0.5652344 0.0151042 0.0335937
6 0.6419271 0.3355469 0.0244792 0.0226562
6 0.6692708 0.6382813 0.0239583 0.0281250
7 0.7359375 0.2683594 0.0197917 0.0273438
8 0.4460938 0.4812500 0.0151042 0.0296875
6 0.1799479 0.4046875 0.0171875 0.0375000
10 0.6992188 0.6179687 0.0203125 0.0218750
7 0.6773438 0.3957031 0.0244792 0.0226562
