0 0.5023437 0.2882812 0.0401042 0.0343750
5 0.3205729 0.2382812 0.0463542 0.0312500
3 0.4117188 0.2691406 0.0213542 0.0585938
3 0.5020833 0.1175781 0.0281250 0.0554687
4 0.5695313 0.1789062 0.0421875 0.0281250
5 0.5989583 0.7039062 0.0291667 0.0265625
0 0.3125000 0.5656250 0.0447917 0.0312500
5 0.5263021 0.9105469 0.0213542 0.0601563
4 0.5619792 0.1351563 0.0375000 0.0375000
4 0.5859375 0.4917969 0.0260417 0.0351562
1 0.7450521 0.6871094 0.0432292 0.0351562
0 0.5747396 0.2019531 0.0421875 0.0320312
5 0.5575521 0.1683594 0.0223958 0.0460938
2 0.5536458 0.6121094 0.0447917 0.0335937
5 0.6182292 0.5718750 0.0406250 0.0343750
1 0.4166667 0.7480469 0.0406250 0.0398437
0 0.5257812 0.5406250 0.0182292 0.0484375
1 0.6703125 0.5929688 0.0406250 0.0296875
1 0.6513021 0.4562500 0.0328125 0.0375000
4 0.6781250 0.5882812 0.0385417 0.0312500
1 0.4307292 0.7207031 0.0270833 0.0320312
2 0.6218750 0.7128906 0.0458333 0.0289063
0 0.4484375 0.8234375 0.0343750 0.0437500
2 0.6606771 0.6511719 0.0255208 0.0289063
3 0.5979167 0.6207031 0.0270833 0.0382813
3 0.7393229 0.3378906 0.0276042 0.0570312
5 0.5195312 0.4281250 0.0213542 0.0375000
0 0.5348958 0.4785156 0.0208333 0.0398437
3 0.3796875 0.6160156 0.0427083 0.0367188
5 0.7190104 0.4578125 0.0390625 0.0343750
5 0.5955729 0.6242188 0.0328125 0.0453125
5 0.7205729 0.7679687 0.0411458 0.0359375
8 0.6000000 0.3281250 0.0364583 0.0421875
7 0.6403646 0.6148438 0.0390625 0.0375000
8 0.4070313 0.7453125 0.0276042 0.0625000
10 0.6351562 0.3761719 0.0411458 0.0398437
11 0.4502604 0.7832031 0.0421875 0.0429688
8 0.2927083 0.3683594 0.0281250 0.0414062
9 0.6085938 0.2660156 0.0380208 0.0429688
11 0.5429688 0.5792969 0.0380208 0.0414062
10 0.3393229 0.6871094 0.0276042 0.0523438
7 0.3867188 0.6644531 0.0401042 0.0398437
11 0.6109375 0.2398437 0.0291667 0.0593750
8 0.6531250 0.3445313 0.0406250 0.0406250
6 0.6703125 0.9230469 0.0333333 0.0679687
10 0.3276042 0.2929688 0.0395833 0.0421875
9 0.6039062 0.9273438 0.0369792 0.0375000
8 0.7997396 0.6101562 0.0359375 0.0421875
9 0.5484375 0.4148438 0.0375000 0.0421875
10 0.5705729 0.4019531 0.0390625 0.0382813
10 0.3895833 0.7597656 0.0395833 0.0601563
