0 0.4338542 0.7871094 0.0614583 0.0429688
2 0.3169271 0.1484375 0.0557292 0.0734375
3 0.6229167 0.7367187 0.0708333 0.0421875
5 0.3877604 0.5039062 0.0380208 0.1031250
0 0.6213542 0.8027344 0.0385417 0.0773438
0 0.3052083 0.3750000 0.0333333 0.0937500
3 0.5783854 0.3703125 0.0515625 0.0625000
4 0.4442708 0.3906250 0.0458333 0.0734375
2 0.4132812 0.3187500 0.0380208 0.1109375
2 0.5828125 0.3316406 0.0729167 0.0507812
1 0.5658854 0.4007812 0.0567708 0.0640625
5 0.4781250 0.4679687 0.0354167 0.0781250
3 0.5239583 0.4988281 0.0656250 0.0835937
1 0.2140625 0.6277344 0.0531250 0.0476562
5 0.4046875 0.2960937 0.0614583 0.0906250
4 0.4979167 0.8613281 0.0750000 0.0507812
5 0.6380208 0.4679687 0.0489583 0.1171875
2 0.3098958 0.3855469 0.0447917 0.1132812
5 0.4382813 0.8156250 0.0536458 0.0734375
5 0.6348958 0.7191406 0.0645833 0.0976562
4 0.7031250 0.1929687 0.0708333 0.0578125
0 0.4729167 0.6800781 0.0635417 0.0601563
3 0.2778646 0.2031250 0.0786458 0.0531250
1 0.5257812 0.8453125 0.0515625 0.0640625
0 0.3640625 0.6445312 0.0489583 0.0781250
5 0.4281250 0.3902344 0.0583333 0.0585938
4 0.6578125 0.6976562 0.0322917 0.1125000
4 0.3200521 0.8234375 0.0828125 0.0640625
5 0.4609375 0.7425781 0.0635417 0.0523438
0 0.3763021 0.6125000 0.0723958 0.0562500
4 0.5510417 0.6546875 0.0364583 0.0609375
2 0.7158854 0.8007812 0.0807292 0.0593750
4 0.7007813 0.4714844 0.0723958 0.0757812
0 0.6252604 0.6546875 0.0348958 0.0765625
4 0.4432292 0.1617187 0.0437500 0.1062500
0 0.7236979 0.3500000 0.0796875 0.0531250
4 0.7218750 0.7203125 0.0427083 0.1234375
2 0.5307292 0.7160156 0.0385417 0.1132812
5 0.6528646 0.4535156 0.0494792 0.0773438
5 0.6664062 0.7160156 0.0838542 0.0617188
2 0.5304688 0.3859375 0.0692708 0.0765625
5 0.6825521 0.6570312 0.0661458 0.1062500
3 0.6666667 0.3496094 0.0760417 0.0539063
1 0.5242187 0.6582031 0.0484375 0.0585938
4 0.6622396 0.4175781 0.0817708 0.0492187
11 0.3424479 0.7710938 0.0630208 0.1078125
10 0.3906250 0.5714844 0.0572917 0.0945312
6 0.5460938 0.5355469 0.0494792 0.1148437
6 0.5591146 0.3824219 0.0442708 0.0664062
6 0.1539062 0.8207031 0.0640625 0.1039063
10 0.5820312 0.1285156 0.0630208 0.1117188
9 0.5708333 0.4277344 0.0791667 0.0898438
8 0.6872396 0.2171875 0.0796875 0.0890625
10 0.5658854 0.2449219 0.0713542 0.0757812
