5 0.7291667 0.6097656 0.0677083 0.0992187
1 0.3265625 0.6472656 0.0750000 0.0804688
1 0.6919271 0.4089844 0.0838542 0.0523438
2 0.6960937 0.4601562 0.0776042 0.0656250
5 0.6562500 0.4289062 0.0812500 0.0562500
3 0.5632812 0.1718750 0.0515625 0.1234375
4 0.6765625 0.3914063 0.0541667 0.0468750
3 0.7119792 0.5507812 0.0729167 0.0937500
1 0.6322917 0.7347656 0.0812500 0.0695313
5 0.3148437 0.5359375 0.0411458 0.1171875
0 0.7286458 0.7621094 0.0854167 0.0539063
0 0.6789063 0.2734375 0.0848958 0.0671875
1 0.6320313 0.8773437 0.0796875 0.0671875
0 0.4927083 0.0839844 0.0625000 0.0570312
0 0.7377604 0.4007812 0.0807292 0.0812500
4 0.5773438 0.7281250 0.0317708 0.0671875
4 0.2614583 0.5292969 0.0583333 0.0945312
1 0.3289063 0.6890625 0.0765625 0.0609375
0 0.4622396 0.4382813 0.0703125 0.0750000
2 0.5856771 0.6144531 0.0776042 0.0460938
0 0.4549479 0.5949219 0.0515625 0.0929688
1 0.5213542 0.6664062 0.0666667 0.1046875
1 0.7309896 0.5121094 0.0442708 0.0835937
3 0.4440104 0.3839844 0.0692708 0.0523438
4 0.6867188 0.9257812 0.0869792 0.0609375
3 0.5125000 0.4136719 0.0416667 0.1242188
1 0.6484375 0.4511719 0.0781250 0.0867187
2 0.7419271 0.3394531 0.0848958 0.0835937
0 0.5658854 0.7136719 0.0494792 0.0992187
1 0.4757812 0.5628906 0.0421875 0.0773438
1 0.4312500 0.5187500 0.0385417 0.1078125
1 0.3401042 0.6070313 0.0468750 0.0953125
3 0.3679688 0.6019531 0.0776042 0.0523438
3 0.6231771 0.4363281 0.0671875 0.0664062
3 0.6151042 0.1632812 0.0427083 0.1109375
3 0.4898438 0.9378906 0.0546875 0.1054688
5 0.7338542 0.3785156 0.0479167 0.1007813
4 0.5744792 0.5113281 0.0843750 0.0617188
1 0.4026042 0.3433594 0.0583333 0.0835937
1 0.7513021 0.3226562 0.0776042 0.0578125
2 0.4468750 0.1816406 0.0479167 0.1148437
1 0.3291667 0.4902344 0.0885417 0.0710937
3 0.4932292 0.4574219 0.0541667 0.0445313
2 0.6260417 0.2125000 0.0833333 0.0578125
2 0.5494792 0.1320312 0.0375000 0.0609375
3 0.4526042 0.3773437 0.0500000 0.0703125
3 0.5265625 0.6167969 0.0812500 0.0585938
3 0.6898437 0.3429687 0.0369792 0.1171875
1 0.5846354 0.5203125 0.0755208 0.0703125
4 0.4088542 0.8441406 0.0791667 0.0554687
5 0.4114583 0.2976563 0.0781250 0.0546875
1 0.7559896 0.5062500 0.0703125 0.0703125
0 0.5567708 0.2140625 0.0885417 0.0546875
2 0.7739583 0.5343750 0.0812500 0.0671875
0 0.2817708 0.6691406 0.0739583 0.0523438
1 0.6033854 0.3894531 0.0796875 0.0570312
5 0.3677083 0.6824219 0.0531250 0.1148437
0 0.5596354 0.8605469 0.0557292 0.0945312
0 0.5976562 0.8742188 0.0807292 0.0578125
0 0.6395833 0.2367188 0.0416667 0.0640625
5 0.5281250 0.1828125 0.0562500 0.0984375
3 0.7000000 0.4058594 0.0614583 0.0851563
3 0.4614583 0.4031250 0.0281250 0.0546875
5 0.6278646 0.1882813 0.0765625 0.0531250
3 0.2653646 0.5773438 0.0598958 0.0609375
1 0.5843750 0.4296875 0.0677083 0.0515625
1 0.4393229 0.2609375 0.0463542 0.0718750
3 0.4656250 0.9722656 0.0739583 0.0539063
0 0.3234375 0.3984375 0.0812500 0.0578125
4 0.6070313 0.6218750 0.0838542 0.0656250
3 0.5596354 0.7882813 0.0786458 0.0531250
3 0.3143229 0.6488281 0.0411458 0.0585938
2 0.6403646 0.2941406 0.0640625 0.0789062
1 0.5601563 0.5167969 0.0807292 0.0648438
3 0.5510417 0.2203125 0.0510417 0.0640625
5 0.2291667 0.3214844 0.0447917 0.1132812
0 0.6804687 0.3832031 0.0734375 0.0570312
0 0.4768229 0.4003906 0.0786458 0.0710937
3 0.5611979 0.5781250 0.0494792 0.0625000
9 0.4591146 0.8378906 0.0755208 0.1023437
8 0.4432292 0.7992187 0.0562500 0.1015625
11 0.7093750 0.2902344 0.0802083 0.0773438
10 0.7369792 0.3468750 0.0843750 0.0796875
8 0.5138021 0.5738281 0.0536458 0.0992187
7 0.7390625 0.2523437 0.0510417 0.1187500
6 0.4492188 0.6886719 0.0703125 0.0695313
8 0.3664062 0.4937500 0.0744792 0.0718750
11 0.4138021 0.2085937 0.0651042 0.0968750
10 0.4604167 0.7867188 0.0739583 0.1031250
6 0.4247396 0.1007813 0.0609375 0.1125000
11 0.5804687 0.8441406 0.0744792 0.0820312
7 0.6130208 0.2097656 0.0500000 0.1195313
8 0.4713542 0.3675781 0.0604167 0.0789062
8 0.5729167 0.4562500 0.0750000 0.0781250
