5 0.5726562 0.8164062 0.0619792 0.1953125
5 0.4338542 0.7957031 0.0937500 0.1710937
2 0.5924479 0.3027344 0.1484375 0.1210938
2 0.5377604 0.2273438 0.1182292 0.0875000
1 0.4703125 0.7761719 0.0822917 0.0929688
0 0.3710938 0.7921875 0.0651042 0.1109375
1 0.3854167 0.8410156 0.0812500 0.1476562
3 0.6166667 0.4101562 0.1010417 0.1375000
3 0.5205729 0.9109375 0.1244792 0.0968750
4 0.4481771 0.6914062 0.1411458 0.0828125
2 0.6380208 0.2550781 0.1270833 0.0820312
0 0.4752604 0.5636719 0.1140625 0.0976562
4 0.6346354 0.9582031 0.1026042 0.0820312
2 0.3052083 0.3765625 0.0562500 0.0953125
0 0.3786458 0.7261719 0.1072917 0.1117188
5 0.2934896 0.3324219 0.0838542 0.1851562
4 0.6572917 0.6375000 0.1458333 0.1140625
4 0.5533854 0.2160156 0.1369792 0.0851563
2 0.2869792 0.4488281 0.1270833 0.0867187
4 0.4585938 0.0449219 0.0744792 0.0898438
4 0.4638021 0.1785156 0.1307292 0.1023437
1 0.5294271 0.6613281 0.1109375 0.1148437
4 0.5429688 0.3144531 0.1244792 0.1054688
2 0.7122396 0.4843750 0.1359375 0.0984375
2 0.3763021 0.4367187 0.1276042 0.1125000
2 0.4583333 0.3503906 0.0729167 0.1835938
4 0.6510417 0.2605469 0.1364583 0.0945312
2 0.7424479 0.2902344 0.1390625 0.0929688
1 0.4036458 0.7683594 0.0729167 0.1273438
3 0.2447917 0.5433594 0.1302083 0.0804688
4 0.4401042 0.5781250 0.0656250 0.1765625
2 0.6135417 0.7125000 0.0833333 0.1718750
3 0.6320313 0.8875000 0.1067708 0.1140625
1 0.3466146 0.0816406 0.1307292 0.1242188
0 0.5981771 0.2117188 0.0817708 0.1031250
3 0.5932292 0.5863281 0.1125000 0.1679688
1 0.3325521 0.4171875 0.1307292 0.1093750
4 0.6218750 0.4339844 0.0760417 0.1054688
4 0.7778646 0.6066406 0.1442708 0.1242188
4 0.6052083 0.6281250 0.0718750 0.1562500
1 0.5950521 0.5433594 0.1244792 0.1242188
0 0.7591146 0.8398438 0.1328125 0.1062500
1 0.7572917 0.4402344 0.1322917 0.1242188
1 0.4505208 0.8140625 0.0625000 0.2078125
4 0.4908854 0.3730469 0.0890625 0.1070312
4 0.6486979 0.6371094 0.1244792 0.1398437
5 0.4744792 0.8339844 0.0937500 0.1539062
4 0.5395833 0.5820312 0.1208333 0.0734375
2 0.6580729 0.3250000 0.1348958 0.0859375
5 0.4963542 0.8945312 0.0802083 0.1156250
4 0.2427083 0.7097656 0.1281250 0.0960938
0 0.2703125 0.5031250 0.0562500 0.1187500
4 0.3153646 0.5890625 0.1390625 0.0812500
2 0.3486979 0.6937500 0.1328125 0.1031250
4 0.5875000 0.3921875 0.1104167 0.1640625
2 0.5054688 0.7273437 0.0703125 0.1140625
3 0.6776042 0.1988281 0.0781250 0.1054688
1 0.5807292 0.6972656 0.0583333 0.1804688
2 0.5854167 0.2464844 0.1000000 0.0929688
4 0.6645833 0.6054688 0.1125000 0.1203125
4 0.6091146 0.2613281 0.1213542 0.0804688
0 0.4861979 0.6351562 0.1182292 0.1218750
0 0.7221354 0.4632812 0.0932292 0.1734375
0 0.3541667 0.4789062 0.0979167 0.1187500
4 0.6007813 0.1964844 0.1067708 0.0960938
0 0.3484375 0.3894531 0.0562500 0.1117188
9 0.3895833 0.0769531 0.0864583 0.1539062
10 0.3252604 0.2128906 0.0776042 0.1195313
7 0.4244792 0.5523438 0.1072917 0.1812500
11 0.4395833 0.4105469 0.1010417 0.1273438
11 0.7789063 0.6652344 0.1015625 0.1867187
7 0.5520833 0.4402344 0.1062500 0.1335938
8 0.6317708 0.8570313 0.0875000 0.1906250
11 0.7742187 0.3554688 0.1369792 0.1328125
6 0.6968750 0.3140625 0.0802083 0.1406250
9 0.5229167 0.8320312 0.1072917 0.1140625
9 0.6210938 0.4902344 0.0817708 0.1585938
11 0.3822917 0.6265625 0.1291667 0.1234375
8 0.6880208 0.2847656 0.1270833 0.1382812
7 0.6348958 0.6101562 0.1010417 0.1671875
9 0.7442708 0.7664062 0.1208333 0.1609375
8 0.6231771 0.6714844 0.1317708 0.1257813
9 0.6226563 0.1906250 0.0890625 0.1265625
9 0.7518229 0.5742188 0.1067708 0.1609375
