1 0.4312500 0.2656250 0.0156250 0.0187500
1 0.6213542 0.6625000 0.0135417 0.0328125
5 0.3630208 0.8843750 0.0114583 0.0265625
0 0.4625000 0.7847656 0.0104167 0.0351562
2 0.6653646 0.4554687 0.0109375 0.0375000
1 0.6265625 0.7519531 0.0208333 0.0195312
1 0.6656250 0.5363281 0.0239583 0.0148437
4 0.6135417 0.4750000 0.0145833 0.0343750
1 0.6083333 0.8199219 0.0218750 0.0148437
3 0.4023438 0.8210937 0.0119792 0.0265625
3 0.4174479 0.7777344 0.0119792 0.0351562
4 0.5268229 0.8480469 0.0234375 0.0210938
3 0.5213542 0.6062500 0.0239583 0.0218750
2 0.4419271 0.5214844 0.0182292 0.0242188
5 0.6695313 0.3191406 0.0223958 0.0195312
2 0.4421875 0.4292969 0.0208333 0.0226562
2 0.3877604 0.5195312 0.0182292 0.0156250
1 0.4523437 0.1632812 0.0223958 0.0156250
0 0.5611979 0.6671875 0.0213542 0.0156250
3 0.3552083 0.4031250 0.0250000 0.0171875
0 0.5927083 0.8687500 0.0187500 0.0250000
1 0.5125000 0.1074219 0.0156250 0.0242188
0 0.6750000 0.3058594 0.0166667 0.0273438
2 0.4229167 0.6261719 0.0114583 0.0367188
3 0.6119792 0.7597656 0.0197917 0.0289063
1 0.5528646 0.5328125 0.0182292 0.0218750
3 0.5755208 0.6328125 0.0239583 0.0218750
5 0.4830729 0.4761719 0.0151042 0.0164063
2 0.7914062 0.3359375 0.0171875 0.0171875
3 0.5200521 0.7101563 0.0213542 0.0187500
11 0.5989583 0.1914062 0.0229167 0.0234375
8 0.2859375 0.3324219 0.0145833 0.0257812
9 0.2927083 0.2972656 0.0218750 0.0226562
6 0.6122396 0.6382813 0.0223958 0.0234375
10 0.3919271 0.8035156 0.0192708 0.0304687
9 0.3244792 0.5660156 0.0229167 0.0226562
10 0.6153646 0.2066406 0.0203125 0.0335937
11 0.6138021 0.3316406 0.0223958 0.0226562
