2 0.6166667 0.4824219 0.0197917 0.0148437
4 0.3864583 0.5355469 0.0229167 0.0195312
1 0.3559896 0.9152344 0.0244792 0.0195312
0 0.5375000 0.5796875 0.0197917 0.0171875
3 0.5268229 0.0832031 0.0223958 0.0304687
3 0.4643229 0.7464844 0.0161458 0.0242188
5 0.5091146 0.1941406 0.0223958 0.0257812
5 0.3880208 0.3578125 0.0239583 0.0218750
1 0.4981771 0.6078125 0.0213542 0.0234375
1 0.7122396 0.4988281 0.0234375 0.0179687
5 0.5833333 0.6710938 0.0135417 0.0187500
1 0.5742188 0.4156250 0.0098958 0.0203125
5 0.7085938 0.3542969 0.0234375 0.0179687
1 0.6486979 0.1425781 0.0244792 0.0210938
1 0.6296875 0.6339844 0.0114583 0.0320312
5 0.4877604 0.3000000 0.0213542 0.0171875
3 0.4473958 0.4867187 0.0187500 0.0250000
4 0.5481771 0.8312500 0.0182292 0.0296875
2 0.5861979 0.6460938 0.0192708 0.0218750
0 0.4971354 0.5671875 0.0182292 0.0218750
1 0.3049479 0.3777344 0.0171875 0.0195312
4 0.3640625 0.2730469 0.0125000 0.0304687
4 0.6265625 0.5660156 0.0208333 0.0195312
3 0.5273438 0.6480469 0.0192708 0.0320312
4 0.5997396 0.5695313 0.0255208 0.0218750
1 0.4265625 0.2992187 0.0218750 0.0140625
2 0.5914063 0.5820312 0.0161458 0.0265625
2 0.5861979 0.3230469 0.0151042 0.0195312
4 0.6364583 0.4988281 0.0229167 0.0148437
1 0.6476563 0.4917969 0.0203125 0.0273438
4 0.7432292 0.7531250 0.0250000 0.0171875
2 0.6127604 0.3003906 0.0255208 0.0195312
3 0.6041667 0.3253906 0.0208333 0.0257812
5 0.5476562 0.2472656 0.0140625 0.0210938
5 0.5390625 0.6179687 0.0218750 0.0140625
5 0.5677083 0.5550781 0.0208333 0.0257812
0 0.4802083 0.3667969 0.0229167 0.0195312
1 0.4981771 0.7242188 0.0171875 0.0234375
0 0.5838542 0.7117187 0.0239583 0.0234375
0 0.7234375 0.4082031 0.0250000 0.0210938
3 0.6052083 0.5542969 0.0239583 0.0179687
5 0.5033854 0.4296875 0.0119792 0.0250000
5 0.3729167 0.2593750 0.0197917 0.0203125
2 0.2502604 0.7058594 0.0171875 0.0289063
0 0.6460938 0.3769531 0.0234375 0.0164063
1 0.5893229 0.6250000 0.0244792 0.0234375
4 0.5104167 0.3707031 0.0218750 0.0195312
0 0.2994792 0.5316406 0.0250000 0.0179687
0 0.2804687 0.5214844 0.0109375 0.0195312
2 0.6312500 0.4125000 0.0239583 0.0187500
5 0.5278646 0.6894531 0.0213542 0.0179687
2 0.3684896 0.5582031 0.0255208 0.0242188
2 0.6669271 0.4261719 0.0213542 0.0179687
1 0.6429687 0.3300781 0.0213542 0.0148437
4 0.4242187 0.4699219 0.0130208 0.0304687
3 0.6286458 0.6984375 0.0187500 0.0187500
4 0.6247396 0.5628906 0.0140625 0.0257812
2 0.3388021 0.6234375 0.0119792 0.0343750
8 0.3955729 0.2820313 0.0223958 0.0218750
9 0.3690104 0.6957031 0.0171875 0.0226562
7 0.6992188 0.5738281 0.0213542 0.0335937
9 0.5692708 0.6281250 0.0197917 0.0359375
10 0.5992188 0.5613281 0.0203125 0.0195312
8 0.3486979 0.6257812 0.0213542 0.0234375
9 0.2403646 0.5757813 0.0151042 0.0218750
7 0.6372396 0.5363281 0.0223958 0.0226562
8 0.5950521 0.6492187 0.0213542 0.0218750
9 0.5291667 0.3945312 0.0197917 0.0296875
11 0.6973958 0.7355469 0.0145833 0.0335937
