0 0.4940104 0.8398438 0.0317708 0.0250000
0 0.7341146 0.6339844 0.0244792 0.0257812
3 0.4635417 0.3234375 0.0166667 0.0203125
3 0.7018229 0.4976563 0.0171875 0.0265625
0 0.5190104 0.2085937 0.0359375 0.0234375
3 0.7382812 0.6125000 0.0307292 0.0218750
10 0.5617188 0.6066406 0.0255208 0.0398437
11 0.5638021 0.2570312 0.0338542 0.0328125
6 0.4992187 0.7152344 0.0213542 0.0492187
10 0.6078125 0.2699219 0.0291667 0.0476562
9 0.6973958 0.8230469 0.0291667 0.0289063
9 0.6700521 0.2976563 0.0203125 0.0484375
10 0.2940104 0.7128906 0.0296875 0.0289063
10 0.4846354 0.6039062 0.0296875 0.0328125
6 0.6783854 0.1390625 0.0328125 0.0312500
9 0.7437500 0.5386719 0.0312500 0.0335937
6 0.6940104 0.2773438 0.0276042 0.0296875
10 0.4085937 0.6742187 0.0296875 0.0296875
6 0.6111979 0.7265625 0.0307292 0.0296875
