2 0.5736979 0.6679688 0.0234375 0.0171875
0 0.4216146 0.1523438 0.0223958 0.0187500
1 0.7187500 0.7511719 0.0229167 0.0132812
0 0.4432292 0.8082031 0.0166667 0.0304687
5 0.3825521 0.5156250 0.0161458 0.0234375
0 0.6572917 0.3625000 0.0135417 0.0156250
0 0.6234375 0.3406250 0.0229167 0.0250000
0 0.3546875 0.6894531 0.0125000 0.0226562
5 0.7330729 0.6320313 0.0192708 0.0218750
2 0.5768229 0.6941406 0.0213542 0.0257812
3 0.4132812 0.3308594 0.0119792 0.0335937
3 0.6526042 0.5949219 0.0145833 0.0351562
5 0.5500000 0.5449219 0.0166667 0.0242188
1 0.6549479 0.6316406 0.0130208 0.0335937
1 0.4710937 0.5503906 0.0151042 0.0304687
5 0.5817708 0.1457031 0.0114583 0.0351562
3 0.2906250 0.5281250 0.0125000 0.0312500
11 0.3622396 0.8285156 0.0161458 0.0320312
9 0.2687500 0.4378906 0.0145833 0.0335937
6 0.6187500 0.4980469 0.0218750 0.0210938
11 0.6809896 0.5910156 0.0151042 0.0210938
11 0.3776042 0.3753906 0.0197917 0.0242188
10 0.3544271 0.7417969 0.0203125 0.0257812
11 0.6916667 0.3609375 0.0218750 0.0218750
9 0.4619792 0.6984375 0.0208333 0.0328125
7 0.4872396 0.2246094 0.0203125 0.0273438
9 0.3117187 0.5058594 0.0244792 0.0257812
10 0.3651042 0.7183594 0.0187500 0.0335937
11 0.4927083 0.5460938 0.0187500 0.0234375
8 0.5138021 0.5687500 0.0203125 0.0203125
