3 0.6627604 0.7898437 0.0328125 0.0781250
0 0.4809896 0.5875000 0.0265625 0.0750000
2 0.4656250 0.8417969 0.0375000 0.0554687
1 0.6802083 0.6343750 0.0458333 0.0531250
2 0.7710938 0.3460937 0.0494792 0.0515625
1 0.6882812 0.3097656 0.0234375 0.0539063
0 0.2630208 0.4406250 0.0458333 0.0656250
2 0.6690104 0.5527344 0.0390625 0.0523438
4 0.6994792 0.5148438 0.0375000 0.0546875
4 0.3598958 0.4906250 0.0333333 0.0468750
3 0.6192708 0.6300781 0.0375000 0.0414062
1 0.6783854 0.6894531 0.0484375 0.0523438
1 0.4075521 0.4386719 0.0463542 0.0507812
0 0.5296875 0.6371094 0.0562500 0.0414062
2 0.6713542 0.6195312 0.0468750 0.0359375
0 0.6072917 0.6527344 0.0270833 0.0820312
0 0.4833333 0.2179687 0.0229167 0.0437500
5 0.3721354 0.5277344 0.0453125 0.0632812
4 0.5882812 0.4355469 0.0255208 0.0570312
0 0.5986979 0.8781250 0.0338542 0.0750000
2 0.4895833 0.7550781 0.0458333 0.0429688
4 0.5307292 0.2035156 0.0281250 0.0742188
1 0.5903646 0.0695313 0.0328125 0.0640625
3 0.5731771 0.3320312 0.0463542 0.0406250
4 0.3648438 0.7832031 0.0203125 0.0773438
1 0.4630208 0.6007813 0.0302083 0.0765625
4 0.7148438 0.7156250 0.0505208 0.0421875
0 0.4203125 0.4277344 0.0364583 0.0773438
4 0.4442708 0.4566406 0.0270833 0.0570312
4 0.2619792 0.2902344 0.0208333 0.0398437
5 0.4518229 0.3933594 0.0276042 0.0414062
1 0.5757813 0.3152344 0.0442708 0.0460938
0 0.6471354 0.5628906 0.0380208 0.0632812
1 0.7132812 0.5582031 0.0265625 0.0429688
4 0.5088542 0.6617188 0.0479167 0.0484375
1 0.2648437 0.3128906 0.0307292 0.0507812
0 0.6653646 0.1644531 0.0255208 0.0523438
0 0.6161458 0.7996094 0.0510417 0.0414062
4 0.7044271 0.6574219 0.0515625 0.0554687
0 0.5697917 0.1949219 0.0281250 0.0726563
4 0.5372396 0.1085938 0.0505208 0.0359375
2 0.5598958 0.5472656 0.0510417 0.0382813
5 0.4854167 0.1207031 0.0250000 0.0757812
8 0.5447917 0.7308594 0.0479167 0.0476562
8 0.6471354 0.4566406 0.0463542 0.0460938
9 0.7739583 0.3320312 0.0510417 0.0500000
9 0.5307292 0.8566406 0.0364583 0.0742188
10 0.6898437 0.5882812 0.0432292 0.0515625
7 0.5861979 0.3160156 0.0432292 0.0523438
9 0.4854167 0.8652344 0.0510417 0.0757812
6 0.6710938 0.5804687 0.0484375 0.0515625
10 0.5973958 0.4636719 0.0531250 0.0742188
10 0.3434896 0.4441406 0.0494792 0.0554687
8 0.3781250 0.5312500 0.0375000 0.0484375
8 0.6721354 0.4925781 0.0536458 0.0554687
10 0.4578125 0.7355469 0.0468750 0.0539063
9 0.3682292 0.3628906 0.0510417 0.0710937
8 0.7765625 0.4859375 0.0500000 0.0515625
11 0.7786458 0.6261719 0.0364583 0.0695313
6 0.4921875 0.5574219 0.0302083 0.0664062
