5 0.5166667 0.4656250 0.0156250 0.0500000
1 0.2705729 0.6832031 0.0328125 0.0226562
2 0.3111979 0.2664063 0.0130208 0.0453125
1 0.3440104 0.3429687 0.0140625 0.0250000
4 0.5174479 0.2902344 0.0244792 0.0273438
2 0.6447917 0.7632813 0.0229167 0.0312500
4 0.4049479 0.0996094 0.0255208 0.0273438
0 0.5468750 0.6636719 0.0197917 0.0210938
5 0.6898437 0.6394531 0.0307292 0.0289063
1 0.7778646 0.3800781 0.0265625 0.0273438
1 0.4388021 0.4871094 0.0276042 0.0273438
5 0.5000000 0.2839844 0.0166667 0.0507812
5 0.5361979 0.3691406 0.0317708 0.0210938
1 0.3320312 0.3070312 0.0255208 0.0484375
0 0.5752604 0.2375000 0.0286458 0.0234375
1 0.5588542 0.0878906 0.0260417 0.0242188
2 0.4132812 0.6835938 0.0255208 0.0406250
5 0.5523438 0.3011719 0.0161458 0.0476562
5 0.5395833 0.7429687 0.0250000 0.0343750
3 0.4632812 0.9246094 0.0307292 0.0242188
0 0.7450521 0.5140625 0.0151042 0.0390625
0 0.4463542 0.6750000 0.0177083 0.0281250
5 0.5492187 0.6921875 0.0182292 0.0234375
4 0.7041667 0.6332031 0.0166667 0.0476562
1 0.2223958 0.5058594 0.0145833 0.0242188
1 0.3473958 0.4480469 0.0250000 0.0351562
0 0.4718750 0.4082031 0.0187500 0.0242188
5 0.5005208 0.5082031 0.0177083 0.0320312
3 0.6328125 0.7714844 0.0260417 0.0195312
5 0.6356771 0.1777344 0.0317708 0.0335937
0 0.6125000 0.2839844 0.0145833 0.0445313
0 0.5453125 0.0746094 0.0177083 0.0429688
5 0.6526042 0.2246094 0.0145833 0.0429688
2 0.4083333 0.5468750 0.0166667 0.0234375
5 0.3927083 0.0984375 0.0208333 0.0343750
1 0.3638021 0.2371094 0.0223958 0.0476562
1 0.5677083 0.4878906 0.0333333 0.0242188
5 0.5015625 0.7648438 0.0218750 0.0343750
5 0.2848958 0.4300781 0.0187500 0.0226562
3 0.4190104 0.5269531 0.0203125 0.0273438
4 0.5260417 0.4445312 0.0291667 0.0296875
3 0.5307292 0.3070312 0.0322917 0.0265625
3 0.5841146 0.1628906 0.0296875 0.0226562
3 0.6674479 0.5335937 0.0328125 0.0250000
5 0.3023438 0.4000000 0.0151042 0.0250000
5 0.4671875 0.4375000 0.0135417 0.0187500
1 0.6859375 0.6085938 0.0218750 0.0437500
0 0.4682292 0.4703125 0.0177083 0.0250000
4 0.5901042 0.7656250 0.0281250 0.0281250
0 0.4575521 0.6480469 0.0286458 0.0304687
3 0.7085938 0.7457031 0.0140625 0.0195312
2 0.5041667 0.7605469 0.0208333 0.0476562
2 0.5437500 0.4355469 0.0260417 0.0273438
2 0.2651042 0.5621094 0.0343750 0.0242188
2 0.6484375 0.5687500 0.0177083 0.0328125
3 0.7489583 0.5222656 0.0312500 0.0289063
3 0.4500000 0.6156250 0.0291667 0.0218750
3 0.5513021 0.3621094 0.0307292 0.0210938
1 0.6210938 0.6128906 0.0317708 0.0304687
2 0.3033854 0.4585938 0.0213542 0.0406250
0 0.6619792 0.6156250 0.0322917 0.0281250
1 0.4520833 0.4535156 0.0145833 0.0320312
5 0.6250000 0.2957031 0.0312500 0.0226562
5 0.4908854 0.3898437 0.0161458 0.0218750
2 0.4007812 0.1781250 0.0296875 0.0265625
1 0.8130208 0.5949219 0.0291667 0.0210938
2 0.2450521 0.3152344 0.0317708 0.0242188
2 0.4208333 0.8234375 0.0343750 0.0281250
4 0.5216146 0.3230469 0.0296875 0.0304687
3 0.3164062 0.5359375 0.0130208 0.0343750
0 0.5877604 0.5601563 0.0223958 0.0281250
3 0.7184896 0.4398437 0.0265625 0.0328125
3 0.4971354 0.5417969 0.0296875 0.0273438
1 0.6770833 0.9558594 0.0197917 0.0273438
0 0.6494792 0.8031250 0.0302083 0.0234375
2 0.5132813 0.5558594 0.0265625 0.0242188
6 0.6625000 0.4339844 0.0250000 0.0460938
6 0.3958333 0.3097656 0.0260417 0.0382813
