5 0.6325521 0.5277344 0.0869792 0.0960938
0 0.3309896 0.4355469 0.0515625 0.1023437
1 0.6184896 0.6261719 0.0890625 0.0632812
1 0.4559896 0.6500000 0.0776042 0.1156250
4 0.5919271 0.3101563 0.0848958 0.1187500
3 0.5026042 0.5007812 0.0614583 0.0781250
1 0.6731771 0.4992187 0.0838542 0.0671875
4 0.7031250 0.3156250 0.0697917 0.0687500
3 0.4833333 0.4898438 0.0395833 0.0765625
1 0.3348958 0.3148437 0.0843750 0.0718750
1 0.5216146 0.4851563 0.0526042 0.0687500
3 0.6908854 0.5500000 0.0713542 0.0625000
2 0.3580729 0.1855469 0.0557292 0.1289062
4 0.3888021 0.5628906 0.1046875 0.0726563
5 0.3877604 0.4589844 0.0869792 0.0695313
4 0.4710937 0.5972656 0.0536458 0.1210938
2 0.3945312 0.4648438 0.0401042 0.0890625
6 0.4385417 0.2421875 0.0770833 0.1093750
6 0.4690104 0.6218750 0.0536458 0.0812500
11 0.6583333 0.3332031 0.0833333 0.0820312
7 0.7130208 0.3984375 0.0864583 0.0859375
11 0.8320312 0.5757813 0.0744792 0.1312500
11 0.3250000 0.4984375 0.0572917 0.0906250
9 0.4062500 0.9136719 0.0593750 0.1257813
9 0.6786458 0.9183594 0.0968750 0.1320312
