2 0.3846354 0.1597656 0.0234375 0.0585938
4 0.4893229 0.8722656 0.0276042 0.1070312
5 0.5361979 0.4378906 0.0609375 0.0414062
2 0.5932292 0.7160156 0.0645833 0.0523438
3 0.6927083 0.5164062 0.0614583 0.0500000
1 0.2846354 0.5777344 0.0703125 0.0523438
1 0.6578125 0.7707031 0.0343750 0.0664062
2 0.6804687 0.6304688 0.0630208 0.0546875
1 0.6630208 0.5300781 0.0645833 0.0523438
2 0.7361979 0.5257812 0.0588542 0.0812500
4 0.5083333 0.2429688 0.0614583 0.0390625
5 0.5966146 0.2343750 0.0296875 0.1046875
4 0.2986979 0.5449219 0.0380208 0.0585938
1 0.4799479 0.5039062 0.0348958 0.0656250
3 0.5153646 0.2960937 0.0380208 0.1062500
0 0.6705729 0.2812500 0.0578125 0.0640625
2 0.6484375 0.3894531 0.0604167 0.0554687
0 0.4135417 0.4890625 0.0364583 0.0390625
4 0.7539062 0.7019531 0.0369792 0.0835937
0 0.3510417 0.7320313 0.0437500 0.0828125
1 0.4786458 0.3117187 0.0416667 0.0515625
1 0.4807292 0.6035156 0.0531250 0.0882813
1 0.6263021 0.7453125 0.0619792 0.0656250
1 0.4070313 0.5550781 0.0359375 0.0523438
4 0.7971354 0.4042969 0.0640625 0.0476562
3 0.7182292 0.6691406 0.0635417 0.0429688
1 0.7421875 0.5882812 0.0500000 0.0468750
5 0.2971354 0.3425781 0.0515625 0.0664062
0 0.6307292 0.1683594 0.0687500 0.0445313
5 0.5338542 0.3386719 0.0302083 0.0726563
3 0.7286458 0.2273438 0.0635417 0.0453125
3 0.5317708 0.4753906 0.0385417 0.0476562
3 0.6736979 0.5570312 0.0713542 0.0531250
2 0.3778646 0.2492187 0.0515625 0.0906250
4 0.4627604 0.2359375 0.0359375 0.0593750
0 0.3161458 0.2117188 0.0510417 0.0718750
4 0.6971354 0.5652344 0.0619792 0.0539063
1 0.5809896 0.8750000 0.0630208 0.0671875
4 0.5346354 0.5445313 0.0348958 0.0578125
5 0.7132812 0.5152344 0.0453125 0.0523438
2 0.7419271 0.4042969 0.0723958 0.0523438
0 0.5796875 0.5519531 0.0614583 0.0664062
3 0.6502604 0.8671875 0.0598958 0.0484375
2 0.6359375 0.2937500 0.0572917 0.0468750
5 0.6971354 0.6171875 0.0723958 0.0500000
3 0.3057292 0.3835938 0.0697917 0.0500000
4 0.3359375 0.9960938 0.0291667 0.0062500
11 0.6531250 0.6132812 0.0614583 0.0687500
8 0.4611979 0.4601562 0.0380208 0.0875000
9 0.7653646 0.3160156 0.0682292 0.0664062
8 0.4260417 0.2468750 0.0645833 0.0640625
7 0.4755208 0.8648438 0.0625000 0.0609375
8 0.4184896 0.5773438 0.0421875 0.0593750
6 0.3489583 0.4863281 0.0645833 0.0632812
6 0.5078125 0.4480469 0.0645833 0.0648438
10 0.5627604 0.4492188 0.0630208 0.0609375
10 0.6791667 0.4953125 0.0406250 0.0765625
9 0.1947917 0.7878906 0.0614583 0.0601563
11 0.7632813 0.4316406 0.0671875 0.0992187
11 0.5604167 0.8156250 0.0666667 0.0703125
7 0.3744792 0.5035156 0.0531250 0.1007813
11 0.3059896 0.3859375 0.0609375 0.0640625
10 0.6770833 0.2085937 0.0406250 0.0937500
8 0.2505208 0.8589844 0.0614583 0.0882813
