3 0.6065104 0.4851563 0.0348958 0.1046875
4 0.5476562 0.6910156 0.0494792 0.0398437
4 0.6161458 0.7863281 0.0458333 0.0445313
5 0.5869792 0.7386719 0.0333333 0.0617188
5 0.6039062 0.4105469 0.0307292 0.0851563
4 0.5278646 0.3699219 0.0463542 0.0835937
1 0.3190104 0.5566406 0.0651042 0.0507812
1 0.3476562 0.4886719 0.0359375 0.0867187
5 0.3986979 0.3128906 0.0421875 0.0445313
3 0.2552083 0.5164062 0.0604167 0.0625000
0 0.6283854 0.7003906 0.0359375 0.0945312
5 0.6585937 0.3785156 0.0317708 0.1054688
0 0.5601563 0.6613281 0.0484375 0.0742188
5 0.6835938 0.4476562 0.0609375 0.0546875
2 0.7382812 0.6179687 0.0661458 0.0656250
1 0.5903646 0.4671875 0.0390625 0.0953125
4 0.4348958 0.6656250 0.0322917 0.0859375
2 0.4880208 0.4390625 0.0614583 0.0515625
3 0.4434896 0.3542969 0.0453125 0.0695313
3 0.6666667 0.6289062 0.0645833 0.0671875
4 0.5815104 0.6507812 0.0255208 0.0531250
0 0.2776042 0.2003906 0.0468750 0.0664062
1 0.6026042 0.7253906 0.0687500 0.0585938
0 0.5473958 0.3464844 0.0635417 0.0445313
5 0.2890625 0.7562500 0.0656250 0.0500000
5 0.3856771 0.5582031 0.0619792 0.0429688
1 0.5572917 0.6550781 0.0656250 0.0492187
4 0.6674479 0.4738281 0.0734375 0.0507812
3 0.5153646 0.4500000 0.0609375 0.0562500
3 0.3986979 0.5925781 0.0369792 0.0648438
3 0.4158854 0.5652344 0.0484375 0.0632812
3 0.3513021 0.4589844 0.0317708 0.0976562
0 0.2739583 0.3691406 0.0656250 0.0476562
0 0.3356771 0.6640625 0.0515625 0.0703125
1 0.2955729 0.5839844 0.0651042 0.0773438
5 0.7067708 0.3742187 0.0614583 0.0453125
10 0.7299479 0.3546875 0.0630208 0.0625000
8 0.5161458 0.4714844 0.0593750 0.0867187
7 0.2565104 0.5597656 0.0588542 0.0601563
6 0.5096354 0.5832031 0.0536458 0.0601563
11 0.5593750 0.4914062 0.0531250 0.0640625
10 0.5651042 0.8308594 0.0635417 0.0664062
