3 0.6552083 0.3925781 0.0875000 0.0820312
1 0.3528646 0.2515625 0.0557292 0.0734375
2 0.6153646 0.7929688 0.0578125 0.0937500
0 0.4856771 0.1792969 0.0453125 0.1242188
1 0.5916667 0.2203125 0.0802083 0.0593750
2 0.6856771 0.5484375 0.0911458 0.0593750
3 0.4281250 0.1863281 0.0458333 0.1257813
8 0.5007812 0.7156250 0.0786458 0.0937500
7 0.7171875 0.7707031 0.0500000 0.1101562
10 0.6226563 0.9406250 0.0567708 0.1171875
10 0.6440104 0.4808594 0.0776042 0.0757812
7 0.4979167 0.2824219 0.0572917 0.1335938
10 0.7380208 0.5828125 0.0562500 0.0828125
8 0.5822917 0.4378906 0.0572917 0.0882813
7 0.3132813 0.4781250 0.0661458 0.1296875
9 0.4281250 0.3664062 0.0656250 0.0984375
6 0.4411458 0.3218750 0.0750000 0.0750000
