3 0.6541667 0.6121094 0.0833333 0.0679687
2 0.6718750 0.6957031 0.0447917 0.1242188
1 0.6734375 0.3347656 0.0677083 0.0585938
2 0.5859375 0.5523438 0.0520833 0.1171875
1 0.6065104 0.4535156 0.0734375 0.0914062
5 0.6372396 0.5628906 0.0369792 0.0601563
5 0.8177083 0.4906250 0.0656250 0.0625000
5 0.3572917 0.5632812 0.0635417 0.0546875
2 0.3192708 0.1839844 0.0583333 0.0757812
1 0.5570312 0.1945312 0.0557292 0.1000000
3 0.5606771 0.0796875 0.0817708 0.0625000
5 0.5645833 0.6097656 0.0781250 0.0570312
1 0.5885417 0.3953125 0.0833333 0.0593750
0 0.2221354 0.4089844 0.0796875 0.0820312
3 0.6114583 0.6308594 0.0593750 0.0773438
0 0.5442708 0.4156250 0.0458333 0.0875000
0 0.3429687 0.8417969 0.0786458 0.0617188
4 0.5638021 0.6160156 0.0359375 0.0679687
0 0.2848958 0.5406250 0.0739583 0.0796875
0 0.6125000 0.5875000 0.0510417 0.1296875
4 0.7658854 0.4511719 0.0859375 0.0585938
2 0.4898438 0.9078125 0.0473958 0.1109375
4 0.5489583 0.2558594 0.0875000 0.0507812
2 0.5625000 0.0582031 0.0750000 0.0820312
3 0.2416667 0.5835938 0.0760417 0.0781250
1 0.4481771 0.5867187 0.0390625 0.1109375
5 0.5955729 0.2558594 0.0630208 0.1210938
1 0.4208333 0.7753906 0.0729167 0.0554687
1 0.4166667 0.3335938 0.0864583 0.0609375
5 0.5776042 0.7296875 0.0822917 0.0625000
0 0.4093750 0.6464844 0.0270833 0.0835937
3 0.4244792 0.1875000 0.0375000 0.1078125
5 0.5518229 0.5062500 0.0755208 0.0609375
3 0.6588542 0.8078125 0.0718750 0.0437500
0 0.6882812 0.7117187 0.0765625 0.0421875
3 0.4169271 0.3156250 0.0598958 0.0703125
4 0.5395833 0.2402344 0.0572917 0.1132812
4 0.4989583 0.8179688 0.0791667 0.0593750
0 0.4244792 0.5195312 0.0427083 0.0562500
4 0.6731771 0.6476563 0.0703125 0.0578125
4 0.3205729 0.9066406 0.0526042 0.0679687
5 0.5864583 0.2820313 0.0479167 0.1109375
1 0.6041667 0.6308594 0.0770833 0.0601563
4 0.3643229 0.6644531 0.0463542 0.0570312
3 0.3765625 0.3828125 0.0406250 0.0828125
5 0.6140625 0.5316406 0.0437500 0.0523438
0 0.2752604 0.8089844 0.0328125 0.1195313
5 0.3546875 0.3453125 0.0791667 0.0734375
5 0.4695313 0.6132812 0.0776042 0.0593750
0 0.3635417 0.1203125 0.0364583 0.0906250
4 0.4968750 0.0535156 0.0416667 0.0929688
5 0.3606771 0.4089844 0.0317708 0.0648438
2 0.3890625 0.4648438 0.0406250 0.1265625
5 0.3187500 0.5519531 0.0750000 0.0585938
4 0.5195312 0.5531250 0.0421875 0.0656250
2 0.6838542 0.3824219 0.0427083 0.0648438
3 0.4153646 0.5707031 0.0432292 0.1273438
2 0.3458333 0.2371094 0.0437500 0.0617188
4 0.4114583 0.5671875 0.0760417 0.0843750
1 0.6838542 0.3058594 0.0541667 0.0960938
2 0.3598958 0.7496094 0.0416667 0.1179687
0 0.8049479 0.6695313 0.0828125 0.0640625
5 0.6119792 0.5574219 0.0791667 0.0648438
3 0.5700521 0.8488281 0.0838542 0.0585938
3 0.4500000 0.2289063 0.0520833 0.0546875
0 0.4526042 0.2722656 0.0562500 0.0929688
5 0.6893229 0.8058594 0.0765625 0.0539063
0 0.6291667 0.2000000 0.0843750 0.0625000
10 0.6299479 0.6082031 0.0765625 0.0929688
6 0.8013021 0.4203125 0.0786458 0.0906250
