3 0.3572917 0.6308594 0.0333333 0.0289063
5 0.4757812 0.4031250 0.0401042 0.0328125
2 0.4236979 0.2000000 0.0171875 0.0250000
5 0.4893229 0.5773438 0.0213542 0.0343750
4 0.4312500 0.7441406 0.0229167 0.0523438
4 0.7130208 0.2476562 0.0375000 0.0234375
3 0.5255208 0.5488281 0.0177083 0.0445313
0 0.6783854 0.5578125 0.0328125 0.0359375
5 0.4718750 0.5894531 0.0229167 0.0429688
3 0.2882812 0.4207031 0.0244792 0.0289063
5 0.2851562 0.5613281 0.0255208 0.0351562
2 0.2773438 0.6113281 0.0203125 0.0570312
0 0.5848958 0.5699219 0.0260417 0.0382813
1 0.5507812 0.5332031 0.0213542 0.0257812
2 0.5450521 0.5824219 0.0369792 0.0273438
1 0.7026042 0.6132812 0.0250000 0.0437500
3 0.5914063 0.3078125 0.0151042 0.0250000
0 0.4257812 0.2667969 0.0140625 0.0507812
3 0.2729167 0.3246094 0.0281250 0.0398437
2 0.4265625 0.2402344 0.0343750 0.0476562
1 0.5255208 0.1839844 0.0333333 0.0367188
0 0.4299479 0.1628906 0.0192708 0.0507812
4 0.5398437 0.4515625 0.0276042 0.0531250
3 0.4093750 0.2394531 0.0177083 0.0367188
4 0.7447917 0.6683594 0.0375000 0.0226562
0 0.6299479 0.6187500 0.0276042 0.0312500
2 0.6710938 0.5406250 0.0348958 0.0343750
1 0.3893229 0.9156250 0.0234375 0.0500000
1 0.4429688 0.1187500 0.0213542 0.0453125
4 0.5263021 0.3937500 0.0348958 0.0250000
1 0.4908854 0.4152344 0.0213542 0.0570312
2 0.6341146 0.5585938 0.0213542 0.0375000
2 0.7091146 0.2203125 0.0161458 0.0437500
0 0.5856771 0.7054687 0.0348958 0.0250000
4 0.4611979 0.5046875 0.0213542 0.0359375
2 0.3932292 0.8460937 0.0333333 0.0484375
1 0.6408854 0.2898438 0.0223958 0.0296875
4 0.5960937 0.4660156 0.0203125 0.0289063
3 0.6411458 0.4386719 0.0364583 0.0289063
2 0.4760417 0.2500000 0.0354167 0.0296875
0 0.5401042 0.2019531 0.0187500 0.0492187
1 0.7231771 0.5328125 0.0411458 0.0312500
3 0.4955729 0.5468750 0.0255208 0.0421875
5 0.6005208 0.7484375 0.0166667 0.0265625
5 0.6687500 0.5730469 0.0187500 0.0492187
0 0.4606771 0.3203125 0.0265625 0.0343750
4 0.3020833 0.9027344 0.0354167 0.0273438
0 0.3236979 0.6339844 0.0369792 0.0398437
0 0.4875000 0.4531250 0.0333333 0.0390625
0 0.6570312 0.5925781 0.0369792 0.0320312
2 0.3934896 0.3773437 0.0380208 0.0281250
2 0.4666667 0.6632813 0.0260417 0.0421875
3 0.3205729 0.3503906 0.0348958 0.0351562
2 0.5723958 0.3628906 0.0302083 0.0242188
2 0.4976563 0.6738281 0.0369792 0.0382813
2 0.4427083 0.6789063 0.0260417 0.0312500
0 0.6580729 0.6199219 0.0348958 0.0242188
5 0.2695312 0.5175781 0.0192708 0.0429688
0 0.4705729 0.1949219 0.0380208 0.0257812
0 0.4734375 0.5546875 0.0239583 0.0390625
2 0.5335937 0.5414062 0.0338542 0.0265625
1 0.4653646 0.7539062 0.0338542 0.0312500
3 0.6364583 0.6449219 0.0281250 0.0445313
9 0.5638021 0.0601563 0.0276042 0.0546875
6 0.5979167 0.1621094 0.0312500 0.0351562
6 0.2151042 0.5367188 0.0333333 0.0453125
11 0.6510417 0.4187500 0.0291667 0.0328125
9 0.4179688 0.5503906 0.0276042 0.0523438
6 0.4445312 0.2660156 0.0234375 0.0507812
6 0.6903646 0.4691406 0.0359375 0.0351562
11 0.2440104 0.6437500 0.0328125 0.0421875
6 0.6731771 0.1359375 0.0348958 0.0343750
6 0.4312500 0.5378906 0.0302083 0.0507812
11 0.5986979 0.7324219 0.0234375 0.0351562
8 0.5104167 0.1343750 0.0322917 0.0500000
7 0.4125000 0.4109375 0.0218750 0.0500000
6 0.4265625 0.3343750 0.0354167 0.0359375
10 0.4838542 0.1929687 0.0343750 0.0421875
