4 0.5447917 0.6660156 0.0145833 0.0226562
0 0.2721354 0.2777344 0.0265625 0.0195312
0 0.4414062 0.3109375 0.0151042 0.0390625
2 0.4843750 0.0042969 0.0114583 0.0085938
0 0.5031250 0.7304688 0.0166667 0.0312500
1 0.2807292 0.5105469 0.0145833 0.0273438
0 0.6226563 0.6585937 0.0234375 0.0171875
0 0.6455729 0.4660156 0.0223958 0.0257812
1 0.3432292 0.4007812 0.0208333 0.0312500
0 0.4562500 0.1859375 0.0250000 0.0187500
0 0.5554687 0.6949219 0.0255208 0.0179687
0 0.4708333 0.2402344 0.0250000 0.0195312
1 0.3614583 0.7386719 0.0156250 0.0242188
1 0.4533854 0.7019531 0.0244792 0.0164063
5 0.4726562 0.6035156 0.0130208 0.0382813
0 0.4916667 0.6535156 0.0260417 0.0179687
0 0.7197917 0.4175781 0.0260417 0.0179687
5 0.6872396 0.3925781 0.0213542 0.0179687
5 0.6286458 0.7429687 0.0177083 0.0234375
0 0.5572917 0.2710938 0.0114583 0.0234375
5 0.3710938 0.3851562 0.0140625 0.0343750
2 0.5679688 0.5824219 0.0234375 0.0179687
0 0.5645833 0.3031250 0.0229167 0.0203125
2 0.6010417 0.2062500 0.0250000 0.0156250
2 0.3950521 0.7328125 0.0130208 0.0312500
3 0.6583333 0.4933594 0.0260417 0.0195312
2 0.3177083 0.6742187 0.0218750 0.0203125
0 0.6627604 0.4652344 0.0244792 0.0179687
3 0.6309896 0.4738281 0.0265625 0.0242188
2 0.7244792 0.3238281 0.0197917 0.0242188
9 0.7536458 0.2980469 0.0166667 0.0351562
11 0.2934896 0.7175781 0.0244792 0.0257812
6 0.5135417 0.2753906 0.0208333 0.0210938
10 0.3442708 0.2542969 0.0229167 0.0226562
8 0.3484375 0.3636719 0.0208333 0.0398437
10 0.5901042 0.5238281 0.0229167 0.0210938
10 0.4093750 0.3949219 0.0135417 0.0273438
8 0.3401042 0.5539063 0.0177083 0.0312500
11 0.4848958 0.5769531 0.0208333 0.0210938
6 0.5804687 0.2519531 0.0182292 0.0367188
7 0.5815104 0.6128906 0.0234375 0.0351562
7 0.4614583 0.7347656 0.0250000 0.0335937
11 0.4856771 0.6550781 0.0203125 0.0273438
8 0.6270833 0.4554687 0.0177083 0.0343750
7 0.5856771 0.3664062 0.0234375 0.0234375
11 0.5216146 0.6406250 0.0234375 0.0234375
6 0.3518229 0.3863281 0.0255208 0.0320312
7 0.4692708 0.5777344 0.0218750 0.0320312
