5 0.2315104 0.4417969 0.0526042 0.0335937
2 0.6869792 0.2078125 0.0500000 0.0562500
5 0.6450521 0.5746094 0.0484375 0.0335937
5 0.4289062 0.4937500 0.0286458 0.0484375
1 0.5013021 0.4117188 0.0234375 0.0562500
5 0.5916667 0.3343750 0.0302083 0.0687500
1 0.5539063 0.8058594 0.0234375 0.0492187
2 0.5286458 0.2902344 0.0406250 0.0570312
2 0.6031250 0.4109375 0.0218750 0.0437500
5 0.6554688 0.8761719 0.0307292 0.0398437
3 0.5562500 0.5066406 0.0406250 0.0523438
1 0.5557292 0.7109375 0.0500000 0.0406250
3 0.5335937 0.5578125 0.0380208 0.0593750
5 0.4958333 0.7097656 0.0270833 0.0601563
4 0.5898438 0.8351563 0.0369792 0.0609375
1 0.3867188 0.6835938 0.0328125 0.0500000
1 0.5971354 0.7183594 0.0348958 0.0632812
5 0.5216146 0.2070312 0.0265625 0.0687500
3 0.4184896 0.2460938 0.0505208 0.0484375
5 0.2747396 0.6015625 0.0473958 0.0484375
2 0.7432292 0.4750000 0.0562500 0.0390625
3 0.5171875 0.2441406 0.0270833 0.0789062
4 0.7302083 0.4292969 0.0531250 0.0367188
2 0.3195312 0.9175781 0.0286458 0.0757812
3 0.5039062 0.8414063 0.0286458 0.0375000
4 0.5468750 0.6542969 0.0541667 0.0367188
5 0.4882812 0.6375000 0.0317708 0.0578125
0 0.4164062 0.7214844 0.0401042 0.0523438
5 0.5416667 0.7402344 0.0489583 0.0429688
3 0.5065104 0.4878906 0.0328125 0.0648438
4 0.6218750 0.4957031 0.0468750 0.0304687
1 0.6804687 0.1250000 0.0494792 0.0375000
5 0.7111979 0.4402344 0.0473958 0.0445313
0 0.5721354 0.5593750 0.0338542 0.0343750
0 0.7317708 0.5089844 0.0385417 0.0554687
1 0.4611979 0.1601562 0.0421875 0.0328125
5 0.4440104 0.2492187 0.0234375 0.0687500
2 0.6317708 0.2933594 0.0427083 0.0335937
3 0.3906250 0.4410156 0.0229167 0.0773438
0 0.4338542 0.5558594 0.0479167 0.0320312
0 0.6395833 0.7472656 0.0333333 0.0398437
4 0.5880208 0.4828125 0.0197917 0.0406250
3 0.5062500 0.8453125 0.0270833 0.0343750
3 0.2752604 0.6332031 0.0463542 0.0351562
1 0.6273437 0.2703125 0.0515625 0.0515625
1 0.5812500 0.6339844 0.0468750 0.0398437
4 0.5877604 0.3121094 0.0338542 0.0570312
2 0.3994792 0.5984375 0.0385417 0.0593750
3 0.5018229 0.7246094 0.0473958 0.0335937
1 0.3286458 0.3558594 0.0520833 0.0351562
2 0.3244792 0.4734375 0.0437500 0.0312500
1 0.5171875 0.5234375 0.0250000 0.0375000
0 0.5036458 0.2054688 0.0458333 0.0343750
2 0.5833333 0.4871094 0.0479167 0.0351562
4 0.6723958 0.7546875 0.0458333 0.0375000
1 0.3973958 0.5296875 0.0239583 0.0437500
2 0.6588542 0.1773437 0.0489583 0.0390625
3 0.2971354 0.6003906 0.0453125 0.0351562
4 0.3651042 0.5835938 0.0229167 0.0312500
5 0.5523438 0.3550781 0.0442708 0.0429688
0 0.6666667 0.8058594 0.0291667 0.0773438
5 0.5604167 0.5593750 0.0281250 0.0421875
1 0.7007813 0.7390625 0.0369792 0.0578125
0 0.6276042 0.1769531 0.0479167 0.0367188
3 0.6888021 0.6562500 0.0296875 0.0437500
0 0.5846354 0.6816406 0.0463542 0.0320312
5 0.6156250 0.5695313 0.0364583 0.0531250
4 0.2783854 0.3632812 0.0421875 0.0437500
4 0.5427083 0.1402344 0.0322917 0.0632812
2 0.5703125 0.4605469 0.0270833 0.0757812
6 0.3299479 0.4027344 0.0390625 0.0664062
7 0.4942708 0.2074219 0.0447917 0.0648438
6 0.6080729 0.3699219 0.0463542 0.0492187
8 0.6690104 0.2937500 0.0296875 0.0687500
10 0.4494792 0.4011719 0.0281250 0.0648438
9 0.6330729 0.9289063 0.0338542 0.0750000
10 0.5424479 0.6214844 0.0401042 0.0570312
