2 0.6671875 0.2812500 0.0291667 0.0640625
5 0.6429687 0.6062500 0.0359375 0.1015625
1 0.6848958 0.4785156 0.0333333 0.0773438
0 0.5692708 0.8500000 0.0447917 0.1078125
1 0.5703125 0.0910156 0.0500000 0.0773438
4 0.6250000 0.6851563 0.0593750 0.0390625
0 0.5101562 0.4425781 0.0401042 0.0804688
2 0.4986979 0.5492187 0.0526042 0.0640625
1 0.3817708 0.5175781 0.0739583 0.0398437
2 0.5591146 0.6121094 0.0619792 0.0804688
0 0.2968750 0.2960937 0.0604167 0.0765625
2 0.5997396 0.6492187 0.0630208 0.0515625
3 0.4401042 0.6839844 0.0322917 0.0648438
3 0.6401042 0.6941406 0.0312500 0.0460938
5 0.3942708 0.2242187 0.0656250 0.0468750
3 0.6325521 0.3554688 0.0692708 0.0640625
2 0.7338542 0.6617188 0.0645833 0.0609375
5 0.6156250 0.7492188 0.0614583 0.0359375
3 0.7549479 0.6195312 0.0713542 0.0453125
3 0.6958333 0.2246094 0.0562500 0.0554687
3 0.5744792 0.6613281 0.0343750 0.0945312
2 0.6346354 0.1664063 0.0546875 0.0625000
2 0.5614583 0.1515625 0.0645833 0.0468750
1 0.7171875 0.3300781 0.0635417 0.0429688
0 0.6809896 0.6105469 0.0640625 0.0445313
0 0.3158854 0.3679688 0.0369792 0.0546875
2 0.5109375 0.6187500 0.0250000 0.0484375
4 0.6023437 0.8261719 0.0640625 0.0460938
5 0.6572917 0.4019531 0.0677083 0.0492187
5 0.6835938 0.1953125 0.0369792 0.1000000
5 0.4312500 0.6753906 0.0322917 0.1054688
1 0.4039063 0.8089844 0.0276042 0.0835937
5 0.6059896 0.7156250 0.0515625 0.0875000
3 0.7518229 0.5796875 0.0505208 0.0484375
1 0.3898437 0.6902344 0.0671875 0.0476562
4 0.4203125 0.5812500 0.0593750 0.0421875
5 0.5065104 0.4066406 0.0442708 0.0742188
5 0.6408854 0.6867188 0.0671875 0.0687500
5 0.5020833 0.1250000 0.0677083 0.0500000
1 0.7005208 0.6269531 0.0687500 0.0554687
2 0.4656250 0.6531250 0.0531250 0.0687500
5 0.5479167 0.2757812 0.0625000 0.0484375
4 0.7044271 0.6660156 0.0619792 0.0554687
5 0.5890625 0.0757812 0.0447917 0.0765625
0 0.6591146 0.4234375 0.0338542 0.1000000
2 0.4122396 0.7468750 0.0661458 0.0515625
4 0.5294271 0.7804688 0.0682292 0.0406250
1 0.6164063 0.1503906 0.0578125 0.0695313
4 0.2802083 0.1722656 0.0666667 0.0523438
3 0.6208333 0.2871094 0.0479167 0.0726563
1 0.7135417 0.5417969 0.0333333 0.0632812
5 0.5062500 0.7769531 0.0677083 0.0617188
4 0.3421875 0.5648437 0.0572917 0.0562500
2 0.7072917 0.6808594 0.0541667 0.0773438
3 0.5390625 0.1148437 0.0645833 0.0515625
5 0.3424479 0.6226563 0.0369792 0.0921875
5 0.5205729 0.3941406 0.0494792 0.0554687
5 0.2562500 0.4273438 0.0645833 0.0453125
2 0.6104167 0.4101562 0.0625000 0.0437500
4 0.5140625 0.2937500 0.0520833 0.0671875
5 0.2125000 0.4164062 0.0385417 0.0593750
1 0.7330729 0.5953125 0.0640625 0.0500000
4 0.6526042 0.6445312 0.0395833 0.0562500
4 0.5611979 0.7195312 0.0598958 0.0656250
1 0.3893229 0.8105469 0.0484375 0.0976562
0 0.5658854 0.5015625 0.0473958 0.0796875
5 0.7268229 0.7273437 0.0494792 0.0781250
5 0.5309896 0.9656250 0.0588542 0.0578125
0 0.4015625 0.7113281 0.0447917 0.0835937
4 0.4677083 0.2972656 0.0687500 0.0445313
1 0.5065104 0.8761719 0.0463542 0.0835937
4 0.2872396 0.3542969 0.0651042 0.0695313
2 0.4481771 0.0757812 0.0380208 0.0828125
0 0.5385417 0.8406250 0.0406250 0.0609375
1 0.2794271 0.5199219 0.0453125 0.0570312
4 0.6526042 0.5667969 0.0697917 0.0601563
4 0.3276042 0.3285156 0.0406250 0.0789062
5 0.1882813 0.3636719 0.0557292 0.0945312
0 0.3450521 0.5171875 0.0380208 0.0796875
6 0.5888021 0.6667969 0.0421875 0.0929688
10 0.5080729 0.4644531 0.0473958 0.0882813
8 0.5549479 0.4886719 0.0463542 0.0835937
9 0.6773438 0.2742188 0.0619792 0.0609375
9 0.4989583 0.2941406 0.0593750 0.0835937
9 0.7408854 0.4218750 0.0380208 0.0875000
11 0.5929688 0.7792969 0.0661458 0.1023437
8 0.7057292 0.4933594 0.0677083 0.0914062
10 0.6111979 0.1902344 0.0421875 0.0992187
6 0.6291667 0.6863281 0.0614583 0.0585938
8 0.6690104 0.3996094 0.0598958 0.0773438
