3 0.2705729 0.6531250 0.0161458 0.0421875
4 0.3098958 0.6773438 0.0187500 0.0328125
1 0.6145833 0.2703125 0.0302083 0.0265625
2 0.5789062 0.2050781 0.0223958 0.0210938
2 0.5919271 0.7277344 0.0255208 0.0242188
2 0.6570312 0.1695312 0.0317708 0.0250000
2 0.5861979 0.3726563 0.0203125 0.0406250
2 0.4445312 0.8460937 0.0234375 0.0281250
1 0.3171875 0.5921875 0.0312500 0.0265625
1 0.5476562 0.2273438 0.0151042 0.0328125
3 0.5989583 0.0941406 0.0291667 0.0257812
1 0.2427083 0.5316406 0.0156250 0.0304687
2 0.2942708 0.4750000 0.0291667 0.0218750
2 0.4479167 0.2332031 0.0218750 0.0445313
5 0.5888021 0.3753906 0.0182292 0.0429688
3 0.5463542 0.4261719 0.0208333 0.0335937
3 0.5143229 0.3238281 0.0286458 0.0226562
0 0.5291667 0.7308594 0.0187500 0.0460938
3 0.6013021 0.5394531 0.0140625 0.0476562
2 0.2973958 0.6917969 0.0250000 0.0257812
0 0.4864583 0.8261719 0.0166667 0.0351562
4 0.5059896 0.1882813 0.0255208 0.0312500
0 0.2828125 0.5566406 0.0322917 0.0257812
4 0.3484375 0.4519531 0.0312500 0.0226562
4 0.6820312 0.5328125 0.0265625 0.0203125
5 0.4781250 0.3644531 0.0177083 0.0382813
0 0.6536458 0.5921875 0.0302083 0.0218750
3 0.5447917 0.3867188 0.0125000 0.0234375
0 0.4005208 0.1910156 0.0187500 0.0398437
0 0.6960937 0.4289062 0.0151042 0.0203125
3 0.6617188 0.2617188 0.0140625 0.0500000
0 0.5242187 0.2867188 0.0213542 0.0421875
0 0.6018229 0.5035156 0.0317708 0.0242188
3 0.7236979 0.6937500 0.0255208 0.0296875
3 0.3869792 0.4859375 0.0281250 0.0218750
3 0.3036458 0.5867187 0.0187500 0.0406250
0 0.3247396 0.5718750 0.0276042 0.0343750
4 0.3783854 0.7597656 0.0161458 0.0429688
0 0.4997396 0.0796875 0.0203125 0.0406250
4 0.2554688 0.3765625 0.0192708 0.0234375
1 0.5567708 0.7878906 0.0156250 0.0414062
4 0.3591146 0.6878906 0.0255208 0.0226562
3 0.4625000 0.8246094 0.0187500 0.0242188
1 0.2968750 0.7187500 0.0156250 0.0375000
10 0.6958333 0.7144531 0.0218750 0.0304687
6 0.3114583 0.7062500 0.0281250 0.0281250
6 0.5744792 0.3535156 0.0291667 0.0289063
8 0.5869792 0.6937500 0.0281250 0.0281250
9 0.6760417 0.7316406 0.0197917 0.0460938
6 0.5841146 0.8746094 0.0223958 0.0367188
9 0.5906250 0.6660156 0.0281250 0.0289063
9 0.3963542 0.7566406 0.0239583 0.0445313
7 0.2911458 0.6921875 0.0250000 0.0375000
10 0.6398438 0.5593750 0.0234375 0.0265625
9 0.4268229 0.7339844 0.0265625 0.0351562
7 0.6351562 0.6402344 0.0203125 0.0304687
10 0.3414063 0.4449219 0.0234375 0.0382813
9 0.4250000 0.8355469 0.0281250 0.0320312
9 0.7236979 0.2199219 0.0276042 0.0273438
10 0.4330729 0.7328125 0.0192708 0.0468750
9 0.6591146 0.6183594 0.0307292 0.0304687
8 0.4567708 0.3957031 0.0166667 0.0398437
11 0.3265625 0.5265625 0.0239583 0.0421875
6 0.4171875 0.6976562 0.0250000 0.0390625
