4 0.3460937 0.4628906 0.0338542 0.0367188
5 0.4682292 0.6093750 0.0343750 0.0453125
3 0.2687500 0.6445312 0.0343750 0.0437500
4 0.6908854 0.7820312 0.0244792 0.0375000
3 0.6585937 0.6234375 0.0317708 0.0390625
1 0.6268229 0.6687500 0.0223958 0.0593750
0 0.5390625 0.4605469 0.0197917 0.0695313
3 0.3020833 0.6742187 0.0531250 0.0296875
4 0.6658854 0.6000000 0.0276042 0.0453125
1 0.6135417 0.6660156 0.0510417 0.0382813
5 0.5135417 0.9218750 0.0322917 0.0718750
0 0.2479167 0.5187500 0.0260417 0.0609375
5 0.3497396 0.4929688 0.0380208 0.0500000
4 0.5807292 0.2007812 0.0458333 0.0375000
4 0.7023438 0.5550781 0.0276042 0.0695313
0 0.7132812 0.4445312 0.0265625 0.0750000
5 0.5578125 0.5472656 0.0312500 0.0804688
3 0.6484375 0.6457031 0.0208333 0.0398437
4 0.5026042 0.7621094 0.0468750 0.0351562
5 0.3453125 0.2714844 0.0270833 0.0335937
10 0.7518229 0.2972656 0.0369792 0.0429688
11 0.5864583 0.1871094 0.0458333 0.0539063
7 0.5804687 0.2003906 0.0390625 0.0523438
11 0.5593750 0.5054688 0.0322917 0.0734375
10 0.4950521 0.9289063 0.0442708 0.0640625
10 0.2716146 0.3792969 0.0432292 0.0429688
9 0.5453125 0.7308594 0.0479167 0.0570312
11 0.4679687 0.9503906 0.0390625 0.0695313
7 0.5567708 0.5742188 0.0375000 0.0468750
8 0.6968750 0.3910156 0.0489583 0.0460938
10 0.5658854 0.7792969 0.0442708 0.0429688
9 0.5513021 0.4328125 0.0296875 0.0671875
11 0.5140625 0.5113281 0.0479167 0.0523438
7 0.5611979 0.7839844 0.0421875 0.0539063
6 0.4421875 0.0632812 0.0354167 0.0750000
9 0.3713542 0.5867187 0.0520833 0.0625000
6 0.7640625 0.4085937 0.0468750 0.0453125
11 0.5838542 0.5914063 0.0437500 0.0437500
7 0.4278646 0.6300781 0.0317708 0.0726563
11 0.3861979 0.2828125 0.0411458 0.0671875
