2 0.6973958 0.7964844 0.0364583 0.0257812
5 0.3445313 0.3363281 0.0213542 0.0539063
5 0.5065104 0.2511719 0.0213542 0.0257812
2 0.5567708 0.5195312 0.0197917 0.0546875
1 0.5726562 0.2566406 0.0151042 0.0523438
0 0.2565104 0.3726563 0.0369792 0.0281250
2 0.4260417 0.7929688 0.0281250 0.0484375
5 0.4145833 0.7253906 0.0416667 0.0257812
4 0.6471354 0.6195312 0.0359375 0.0265625
1 0.6533854 0.3949219 0.0255208 0.0585938
3 0.6570312 0.7718750 0.0255208 0.0546875
2 0.4697917 0.3000000 0.0375000 0.0421875
1 0.7138021 0.6234375 0.0359375 0.0203125
0 0.3388021 0.3953125 0.0182292 0.0562500
4 0.5221354 0.8480469 0.0411458 0.0273438
3 0.5315104 0.6867188 0.0390625 0.0250000
0 0.4687500 0.6726562 0.0395833 0.0296875
2 0.6138021 0.8167969 0.0307292 0.0398437
5 0.5247396 0.2296875 0.0348958 0.0312500
3 0.6223958 0.6023437 0.0416667 0.0328125
1 0.4757812 0.4632812 0.0223958 0.0500000
2 0.7218750 0.2714844 0.0416667 0.0273438
3 0.4898438 0.1949219 0.0213542 0.0445313
5 0.5486979 0.6632813 0.0359375 0.0203125
1 0.5739583 0.4960938 0.0354167 0.0296875
1 0.5635417 0.4511719 0.0406250 0.0289063
4 0.4755208 0.8730469 0.0375000 0.0257812
3 0.3783854 0.5605469 0.0390625 0.0304687
3 0.6593750 0.1082031 0.0395833 0.0273438
2 0.6648437 0.3582031 0.0307292 0.0335937
4 0.4955729 0.7218750 0.0255208 0.0234375
4 0.5929688 0.7062500 0.0307292 0.0343750
3 0.5135417 0.2679687 0.0395833 0.0281250
5 0.4864583 0.7863281 0.0208333 0.0585938
5 0.5859375 0.4343750 0.0354167 0.0296875
0 0.4546875 0.2937500 0.0208333 0.0375000
5 0.5278646 0.1703125 0.0223958 0.0562500
4 0.5750000 0.8281250 0.0229167 0.0343750
1 0.5682292 0.5933594 0.0239583 0.0554687
5 0.7242188 0.5347656 0.0296875 0.0507812
4 0.7338542 0.2046875 0.0260417 0.0468750
2 0.4309896 0.4023438 0.0234375 0.0265625
4 0.3789062 0.6480469 0.0338542 0.0273438
1 0.5867187 0.7675781 0.0213542 0.0507812
0 0.7000000 0.6445312 0.0208333 0.0578125
0 0.6750000 0.4542969 0.0197917 0.0523438
3 0.6018229 0.3757813 0.0276042 0.0312500
5 0.4479167 0.3199219 0.0364583 0.0257812
2 0.4674479 0.5476562 0.0411458 0.0234375
1 0.5411458 0.5171875 0.0302083 0.0390625
1 0.6916667 0.2449219 0.0177083 0.0367188
5 0.5976562 0.1796875 0.0348958 0.0234375
11 0.2880208 0.4187500 0.0312500 0.0437500
7 0.4692708 0.4968750 0.0375000 0.0375000
7 0.4611979 0.8261719 0.0296875 0.0445313
10 0.5080729 0.7429687 0.0328125 0.0328125
7 0.6531250 0.3519531 0.0364583 0.0398437
8 0.5955729 0.5519531 0.0296875 0.0460938
6 0.4138021 0.1441406 0.0234375 0.0539063
11 0.5429688 0.1945312 0.0317708 0.0359375
