2 0.6781250 0.2847656 0.0291667 0.0257812
1 0.4781250 0.6144531 0.0166667 0.0351562
5 0.3239583 0.3433594 0.0302083 0.0195312
2 0.6080729 0.3921875 0.0276042 0.0218750
3 0.5364583 0.8410156 0.0166667 0.0460938
5 0.6846354 0.5710937 0.0328125 0.0218750
4 0.4828125 0.6472656 0.0291667 0.0289063
1 0.3369792 0.4230469 0.0333333 0.0242188
5 0.5697917 0.5769531 0.0270833 0.0367188
4 0.4414062 0.1937500 0.0182292 0.0203125
4 0.6044271 0.2664063 0.0286458 0.0187500
0 0.4255208 0.6777344 0.0260417 0.0304687
1 0.5343750 0.2867188 0.0145833 0.0421875
3 0.5671875 0.9570312 0.0302083 0.0328125
5 0.4671875 0.9113281 0.0239583 0.0398437
4 0.5572917 0.2371094 0.0187500 0.0226562
4 0.3140625 0.5582031 0.0260417 0.0398437
4 0.7390625 0.4812500 0.0343750 0.0234375
3 0.7294271 0.6890625 0.0223958 0.0296875
2 0.4442708 0.8230469 0.0145833 0.0429688
3 0.6351562 0.5460938 0.0213542 0.0218750
0 0.5557292 0.6433594 0.0322917 0.0226562
2 0.3557292 0.6531250 0.0322917 0.0234375
3 0.4200521 0.6992188 0.0244792 0.0375000
3 0.5901042 0.5832031 0.0156250 0.0335937
3 0.5835938 0.7757812 0.0244792 0.0171875
2 0.7713542 0.3957031 0.0333333 0.0257812
4 0.5677083 0.6394531 0.0260417 0.0335937
3 0.5541667 0.1625000 0.0270833 0.0406250
1 0.3403646 0.4917969 0.0151042 0.0414062
1 0.4036458 0.5441406 0.0312500 0.0242188
2 0.6059896 0.4917969 0.0307292 0.0257812
0 0.5216146 0.6140625 0.0276042 0.0203125
3 0.6132812 0.4687500 0.0296875 0.0265625
2 0.5265625 0.2789063 0.0260417 0.0343750
2 0.3729167 0.6429687 0.0250000 0.0312500
4 0.5908854 0.4718750 0.0265625 0.0187500
1 0.6135417 0.2722656 0.0322917 0.0242188
2 0.4020833 0.2945313 0.0239583 0.0343750
3 0.3682292 0.6113281 0.0177083 0.0351562
0 0.6348958 0.6171875 0.0322917 0.0281250
8 0.7260417 0.5039062 0.0250000 0.0281250
11 0.4078125 0.6046875 0.0218750 0.0406250
11 0.4716146 0.4906250 0.0203125 0.0265625
6 0.3333333 0.5703125 0.0312500 0.0296875
8 0.6640625 0.5960937 0.0281250 0.0265625
8 0.6726562 0.2554688 0.0276042 0.0343750
8 0.6773438 0.6863281 0.0328125 0.0445313
6 0.3984375 0.6421875 0.0208333 0.0421875
8 0.3312500 0.3210938 0.0218750 0.0343750
9 0.4625000 0.4289062 0.0281250 0.0281250
10 0.2645833 0.4972656 0.0291667 0.0335937
7 0.4320312 0.7347656 0.0213542 0.0289063
6 0.3015625 0.5269531 0.0197917 0.0445313
8 0.5729167 0.5472656 0.0270833 0.0273438
9 0.3565104 0.2871094 0.0265625 0.0273438
7 0.4406250 0.5371094 0.0197917 0.0429688
6 0.3575521 0.5660156 0.0286458 0.0304687
7 0.4226563 0.8488281 0.0244792 0.0445313
9 0.7127604 0.4972656 0.0286458 0.0304687
