2 0.5276042 0.5511719 0.0489583 0.0320312
0 0.5223958 0.3007812 0.0364583 0.0781250
3 0.5505208 0.1511719 0.0375000 0.0851563
5 0.4171875 0.6109375 0.0427083 0.0359375
0 0.3864583 0.5265625 0.0531250 0.0546875
2 0.6617188 0.3757813 0.0348958 0.0546875
3 0.5221354 0.7386719 0.0536458 0.0367188
1 0.6843750 0.3031250 0.0489583 0.0421875
4 0.3895833 0.8429688 0.0510417 0.0328125
5 0.4617188 0.1585938 0.0255208 0.0578125
0 0.3661458 0.4273438 0.0291667 0.0843750
1 0.6151042 0.9019531 0.0489583 0.0414062
4 0.5559896 0.4484375 0.0328125 0.0781250
4 0.4843750 0.4570312 0.0239583 0.0328125
3 0.4705729 0.3558594 0.0328125 0.0429688
5 0.2898438 0.7808594 0.0276042 0.0742188
3 0.6484375 0.2093750 0.0552083 0.0390625
4 0.7023438 0.8484375 0.0307292 0.0687500
0 0.6802083 0.4203125 0.0385417 0.0578125
0 0.3463542 0.5253906 0.0500000 0.0523438
0 0.5093750 0.4113281 0.0322917 0.0320312
4 0.5882812 0.8046875 0.0484375 0.0375000
1 0.5604167 0.4847656 0.0385417 0.0773438
2 0.5268229 0.5636719 0.0348958 0.0382813
3 0.6658854 0.5867187 0.0317708 0.0578125
5 0.5460938 0.7945313 0.0380208 0.0796875
0 0.6481771 0.4082031 0.0526042 0.0382813
3 0.4669271 0.2859375 0.0276042 0.0453125
2 0.7598958 0.5007812 0.0333333 0.0468750
5 0.6651042 0.5558594 0.0479167 0.0414062
3 0.3062500 0.4601562 0.0489583 0.0609375
5 0.5033854 0.2105469 0.0244792 0.0367188
0 0.3244792 0.3566406 0.0510417 0.0398437
2 0.5372396 0.5882812 0.0401042 0.0500000
5 0.5843750 0.6183594 0.0541667 0.0429688
3 0.3625000 0.7050781 0.0437500 0.0382813
3 0.4622396 0.3164062 0.0411458 0.0515625
4 0.3539062 0.8289062 0.0484375 0.0421875
2 0.4312500 0.7546875 0.0260417 0.0593750
10 0.4760417 0.1121094 0.0510417 0.0648438
11 0.4651042 0.4890625 0.0458333 0.0703125
6 0.3872396 0.4781250 0.0453125 0.0718750
7 0.4486979 0.1425781 0.0484375 0.0632812
10 0.6901042 0.1496094 0.0510417 0.0507812
7 0.6658854 0.4394531 0.0453125 0.0570312
10 0.3299479 0.8718750 0.0515625 0.0500000
8 0.3455729 0.7230469 0.0359375 0.0820312
8 0.4453125 0.7328125 0.0322917 0.0750000
9 0.6604167 0.6593750 0.0427083 0.0718750
11 0.6109375 0.4875000 0.0500000 0.0484375
8 0.4617188 0.1136719 0.0390625 0.0820312
7 0.4596354 0.3410156 0.0401042 0.0726563
10 0.4325521 0.2824219 0.0317708 0.0726563
7 0.5760417 0.2902344 0.0427083 0.0773438
6 0.4356771 0.3156250 0.0307292 0.0687500
6 0.4234375 0.2082031 0.0322917 0.0742188
10 0.5656250 0.5429688 0.0531250 0.0562500
