4 0.5234375 0.6957031 0.0531250 0.0320312
4 0.5705729 0.1507813 0.0286458 0.0671875
1 0.3953125 0.9500000 0.0468750 0.0406250
2 0.5078125 0.5054688 0.0510417 0.0343750
4 0.4197917 0.1906250 0.0375000 0.0625000
3 0.5570312 0.4773438 0.0484375 0.0312500
3 0.7367187 0.4378906 0.0244792 0.0789062
3 0.4986979 0.4347656 0.0411458 0.0679687
3 0.5145833 0.8332031 0.0479167 0.0523438
4 0.5187500 0.4109375 0.0479167 0.0421875
2 0.5020833 0.9488281 0.0312500 0.0507812
5 0.5575521 0.5203125 0.0515625 0.0375000
3 0.4096354 0.4605469 0.0442708 0.0445313
4 0.7916667 0.5074219 0.0489583 0.0476562
4 0.6882812 0.5472656 0.0515625 0.0460938
4 0.5263021 0.3175781 0.0369792 0.0382813
1 0.5489583 0.1441406 0.0364583 0.0414062
5 0.3976562 0.9671875 0.0255208 0.0640625
4 0.7580729 0.5785156 0.0307292 0.0460938
3 0.2968750 0.3816406 0.0229167 0.0335937
1 0.2200521 0.6093750 0.0234375 0.0390625
1 0.4877604 0.3851562 0.0328125 0.0453125
4 0.5484375 0.5152344 0.0427083 0.0367188
1 0.2619792 0.6343750 0.0479167 0.0515625
3 0.5453125 0.9414062 0.0510417 0.0515625
3 0.6906250 0.7953125 0.0239583 0.0843750
0 0.4721354 0.8585938 0.0328125 0.0640625
4 0.4494792 0.3957031 0.0302083 0.0460938
1 0.6328125 0.6531250 0.0437500 0.0359375
1 0.5604167 0.1378906 0.0520833 0.0445313
2 0.3627604 0.5546875 0.0348958 0.0750000
5 0.5476562 0.5476562 0.0494792 0.0437500
8 0.4651042 0.8183594 0.0322917 0.0679687
