1 0.4505208 0.8253906 0.0406250 0.1039063
5 0.4080729 0.3496094 0.0338542 0.1054688
2 0.6393229 0.2589844 0.0703125 0.0617188
5 0.3927083 0.4917969 0.0458333 0.0539063
3 0.5632812 0.6250000 0.0682292 0.0437500
0 0.7312500 0.4585938 0.0583333 0.0750000
0 0.3312500 0.3078125 0.0354167 0.0984375
1 0.2955729 0.4171875 0.0692708 0.0578125
0 0.3567708 0.3300781 0.0416667 0.1039063
3 0.5825521 0.3554688 0.0692708 0.0406250
2 0.4890625 0.3179688 0.0697917 0.0765625
2 0.6539063 0.0730469 0.0348958 0.0882813
1 0.5169271 0.4714844 0.0640625 0.0664062
3 0.3710938 0.3269531 0.0661458 0.0476562
0 0.5687500 0.8355469 0.0645833 0.0726563
1 0.3666667 0.4503906 0.0666667 0.0601563
0 0.5364583 0.3667969 0.0604167 0.0554687
2 0.4255208 0.4750000 0.0447917 0.0468750
3 0.5903646 0.5589844 0.0619792 0.0429688
5 0.4518229 0.2781250 0.0453125 0.0671875
0 0.6221354 0.8347656 0.0609375 0.0757812
1 0.6367188 0.1820313 0.0380208 0.0734375
4 0.7940104 0.5406250 0.0338542 0.0796875
4 0.3877604 0.7824219 0.0411458 0.0617188
2 0.6375000 0.5535156 0.0677083 0.0695313
5 0.7351562 0.3035156 0.0713542 0.0539063
1 0.6109375 0.9097656 0.0479167 0.0710937
3 0.3927083 0.3332031 0.0395833 0.1007813
1 0.6351562 0.5765625 0.0640625 0.0625000
5 0.5250000 0.4128906 0.0562500 0.0867187
3 0.7250000 0.5847656 0.0677083 0.0632812
3 0.3429687 0.5824219 0.0630208 0.0601563
2 0.6507812 0.5414062 0.0453125 0.0921875
4 0.3671875 0.4015625 0.0322917 0.0765625
1 0.3747396 0.5914063 0.0536458 0.0671875
0 0.4877604 0.7761719 0.0463542 0.0585938
4 0.5804687 0.6753906 0.0567708 0.0632812
1 0.3234375 0.3589844 0.0302083 0.0992187
0 0.4885417 0.4742188 0.0750000 0.0515625
4 0.5281250 0.2019531 0.0395833 0.1085938
0 0.5096354 0.8242188 0.0296875 0.0937500
2 0.5291667 0.7343750 0.0416667 0.0437500
3 0.4835937 0.6230469 0.0473958 0.0914062
2 0.5674479 0.4816406 0.0692708 0.0539063
0 0.4760417 0.3535156 0.0406250 0.0554687
3 0.2291667 0.6648437 0.0364583 0.0687500
4 0.4166667 0.6519531 0.0677083 0.0398437
3 0.7236979 0.6402344 0.0494792 0.0945312
4 0.4106771 0.1007813 0.0494792 0.0984375
3 0.4119792 0.4871094 0.0406250 0.0710937
5 0.5356771 0.2671875 0.0369792 0.0968750
0 0.4981771 0.1015625 0.0380208 0.0953125
0 0.6346354 0.2367188 0.0609375 0.0531250
0 0.4143229 0.4281250 0.0723958 0.0500000
2 0.3718750 0.6925781 0.0416667 0.0476562
3 0.2221354 0.5046875 0.0619792 0.0765625
6 0.6148438 0.7570313 0.0442708 0.1062500
6 0.5536458 0.6488281 0.0552083 0.0679687
10 0.6273437 0.3328125 0.0609375 0.0687500
10 0.5786458 0.5085937 0.0614583 0.0734375
9 0.5838542 0.4542969 0.0593750 0.0757812
11 0.3023438 0.5097656 0.0421875 0.0648438
10 0.6111979 0.3183594 0.0640625 0.0632812
7 0.3921875 0.6460938 0.0697917 0.0671875
