3 0.2833333 0.4011719 0.0593750 0.0414062
3 0.6510417 0.6000000 0.0552083 0.0390625
0 0.4348958 0.4640625 0.0322917 0.0640625
3 0.5382813 0.1421875 0.0411458 0.0718750
0 0.4731771 0.6710938 0.0265625 0.0765625
3 0.6239583 0.8500000 0.0510417 0.0656250
2 0.3736979 0.7593750 0.0473958 0.0375000
2 0.4473958 0.6406250 0.0562500 0.0406250
5 0.5835938 0.3316406 0.0536458 0.0382813
5 0.3283854 0.5175781 0.0588542 0.0414062
2 0.4929688 0.8621094 0.0557292 0.0414062
0 0.6669271 0.3093750 0.0588542 0.0406250
4 0.4927083 0.6121094 0.0510417 0.0601563
3 0.1916667 0.5824219 0.0447917 0.0648438
5 0.3536458 0.5101562 0.0520833 0.0625000
2 0.3473958 0.2417969 0.0406250 0.0539063
5 0.4466146 0.5253906 0.0401042 0.0601563
2 0.5554687 0.5156250 0.0432292 0.0546875
5 0.3604167 0.3273437 0.0250000 0.0796875
3 0.6406250 0.1148437 0.0406250 0.0468750
2 0.3484375 0.8628906 0.0562500 0.0476562
1 0.7247396 0.5968750 0.0317708 0.0734375
2 0.4380208 0.2542969 0.0364583 0.0398437
0 0.6388021 0.3296875 0.0546875 0.0500000
2 0.2729167 0.4808594 0.0583333 0.0429688
0 0.7070312 0.6734375 0.0546875 0.0375000
1 0.6072917 0.1703125 0.0375000 0.0515625
2 0.6104167 0.8917969 0.0468750 0.0429688
2 0.6244792 0.7628906 0.0583333 0.0492187
5 0.3674479 0.6644531 0.0609375 0.0445313
0 0.4369792 0.6769531 0.0479167 0.0570312
2 0.6299479 0.2820313 0.0369792 0.0531250
4 0.4578125 0.5800781 0.0354167 0.0476562
4 0.4744792 0.4296875 0.0322917 0.0765625
1 0.6054688 0.5589844 0.0494792 0.0445313
3 0.5651042 0.7859375 0.0593750 0.0421875
1 0.2791667 0.3300781 0.0572917 0.0414062
5 0.4401042 0.2976563 0.0489583 0.0375000
3 0.4869792 0.3421875 0.0489583 0.0593750
1 0.3812500 0.4832031 0.0260417 0.0820312
2 0.4122396 0.1980469 0.0578125 0.0414062
1 0.5953125 0.7863281 0.0500000 0.0382813
4 0.7289062 0.4578125 0.0557292 0.0390625
2 0.3083333 0.8875000 0.0250000 0.0859375
4 0.7307292 0.7246094 0.0552083 0.0398437
3 0.5510417 0.3640625 0.0364583 0.0406250
4 0.3742187 0.1601562 0.0526042 0.0390625
5 0.5429688 0.9914063 0.0328125 0.0156250
0 0.6114583 0.5324219 0.0333333 0.0460938
4 0.5091146 0.7894531 0.0380208 0.0476562
0 0.3367188 0.3421875 0.0609375 0.0437500
0 0.3781250 0.2921875 0.0343750 0.0437500
0 0.5450521 0.3371094 0.0286458 0.0507812
0 0.3169271 0.2906250 0.0515625 0.0609375
2 0.4317708 0.6875000 0.0260417 0.0609375
0 0.6481771 0.3777344 0.0307292 0.0929688
1 0.4544271 0.0496094 0.0494792 0.0429688
4 0.5890625 0.2574219 0.0593750 0.0507812
4 0.4562500 0.3660156 0.0510417 0.0601563
3 0.3091146 0.5519531 0.0536458 0.0367188
3 0.6445312 0.7125000 0.0453125 0.0828125
4 0.4578125 0.8347656 0.0604167 0.0414062
5 0.4132812 0.2589844 0.0317708 0.0804688
0 0.4859375 0.6148438 0.0552083 0.0375000
1 0.4721354 0.8101563 0.0348958 0.0593750
0 0.6187500 0.6031250 0.0541667 0.0625000
4 0.4687500 0.1843750 0.0322917 0.0796875
2 0.7867188 0.5238281 0.0494792 0.0710937
4 0.4984375 0.1382812 0.0354167 0.0812500
3 0.2973958 0.6242188 0.0447917 0.0531250
2 0.3414063 0.3261719 0.0630208 0.0445313
1 0.6255208 0.2664063 0.0625000 0.0421875
0 0.4106771 0.5535156 0.0286458 0.0429688
2 0.5390625 0.5093750 0.0531250 0.0375000
7 0.6309896 0.3140625 0.0484375 0.0609375
10 0.5833333 0.3292969 0.0531250 0.0554687
7 0.7666667 0.3515625 0.0541667 0.0578125
8 0.4653646 0.7757812 0.0473958 0.0796875
6 0.4523437 0.3726563 0.0421875 0.0687500
7 0.2388021 0.6742187 0.0578125 0.0546875
6 0.2325521 0.6285156 0.0567708 0.0648438
9 0.3955729 0.3343750 0.0526042 0.0515625
10 0.3460937 0.7839844 0.0463542 0.0867187
7 0.6794271 0.7355469 0.0567708 0.0523438
10 0.2570312 0.5367188 0.0526042 0.0625000
9 0.4867187 0.6316406 0.0348958 0.0789062
11 0.5619792 0.5640625 0.0489583 0.0531250
7 0.3815104 0.5871094 0.0515625 0.0632812
8 0.5765625 0.3558594 0.0489583 0.0554687
11 0.6148438 0.2570312 0.0401042 0.0609375
9 0.7669271 0.6250000 0.0567708 0.0578125
7 0.6210938 0.8105469 0.0390625 0.0804688
