4 0.3575521 0.5140625 0.0328125 0.0468750
0 0.5414062 0.5171875 0.0255208 0.0359375
2 0.7223958 0.5726562 0.0395833 0.0265625
5 0.4802083 0.4859375 0.0229167 0.0437500
3 0.6067708 0.7265625 0.0416667 0.0265625
0 0.6697917 0.7675781 0.0281250 0.0273438
0 0.4252604 0.2300781 0.0369792 0.0320312
8 0.2838542 0.5519531 0.0375000 0.0382813
7 0.4875000 0.7273437 0.0218750 0.0515625
9 0.5796875 0.7601562 0.0239583 0.0421875
11 0.4604167 0.4140625 0.0229167 0.0328125
11 0.3419271 0.7250000 0.0348958 0.0562500
