5 0.4179688 0.5664062 0.0140625 0.0281250
5 0.4242187 0.5562500 0.0171875 0.0234375
1 0.3979167 0.5675781 0.0291667 0.0242188
0 0.6408854 0.1394531 0.0161458 0.0210938
3 0.7638021 0.4468750 0.0130208 0.0187500
1 0.5486979 0.5648437 0.0223958 0.0187500
0 0.6739583 0.4257812 0.0270833 0.0203125
5 0.5911458 0.2632813 0.0291667 0.0218750
1 0.3609375 0.5320312 0.0229167 0.0187500
3 0.6114583 0.2050781 0.0177083 0.0398437
4 0.5104167 0.6035156 0.0239583 0.0242188
1 0.5434896 0.2121094 0.0265625 0.0195312
2 0.5500000 0.5867187 0.0145833 0.0203125
1 0.6885417 0.2425781 0.0125000 0.0242188
1 0.4578125 0.7203125 0.0125000 0.0359375
0 0.6059896 0.2574219 0.0130208 0.0179687
4 0.5216146 0.7675781 0.0151042 0.0242188
5 0.3638021 0.2917969 0.0151042 0.0335937
5 0.5098958 0.3324219 0.0125000 0.0242188
0 0.5109375 0.6546875 0.0135417 0.0281250
3 0.6354167 0.5031250 0.0250000 0.0156250
5 0.4132812 0.1500000 0.0203125 0.0250000
5 0.4708333 0.3414063 0.0166667 0.0265625
2 0.5526042 0.5109375 0.0197917 0.0328125
2 0.3697917 0.6960937 0.0114583 0.0250000
4 0.5856771 0.5015625 0.0265625 0.0203125
1 0.3812500 0.3660156 0.0156250 0.0335937
3 0.7497396 0.2691406 0.0286458 0.0242188
2 0.3031250 0.8644531 0.0135417 0.0429688
4 0.4479167 0.3628906 0.0114583 0.0148437
0 0.4739583 0.8160156 0.0135417 0.0320312
2 0.4921875 0.4910156 0.0156250 0.0195312
3 0.5802083 0.3644531 0.0166667 0.0242188
5 0.4955729 0.8382812 0.0192708 0.0359375
1 0.6026042 0.2871094 0.0291667 0.0195312
4 0.6945313 0.5937500 0.0296875 0.0218750
5 0.6338542 0.4074219 0.0229167 0.0335937
3 0.6690104 0.1972656 0.0192708 0.0257812
1 0.6440104 0.8625000 0.0234375 0.0265625
5 0.5697917 0.6820312 0.0187500 0.0265625
2 0.7317708 0.4808594 0.0229167 0.0289063
1 0.4164062 0.8460937 0.0192708 0.0359375
11 0.5377604 0.0195312 0.0213542 0.0359375
10 0.5885417 0.3992188 0.0260417 0.0250000
8 0.5679688 0.5871094 0.0244792 0.0242188
10 0.6432292 0.3089844 0.0156250 0.0351562
11 0.6148438 0.6238281 0.0171875 0.0367188
7 0.4414062 0.5675781 0.0161458 0.0367188
11 0.6174479 0.4859375 0.0171875 0.0375000
11 0.3630208 0.3613281 0.0166667 0.0320312
