2 0.6028646 0.3410156 0.0203125 0.0179687
3 0.5294271 0.1648438 0.0213542 0.0218750
0 0.6325521 0.6316406 0.0276042 0.0164063
0 0.5093750 0.5945312 0.0166667 0.0234375
2 0.6736979 0.6500000 0.0255208 0.0187500
4 0.6562500 0.5390625 0.0239583 0.0187500
3 0.5570312 0.4406250 0.0130208 0.0203125
2 0.6453125 0.3511719 0.0229167 0.0320312
2 0.6304688 0.4152344 0.0234375 0.0242188
4 0.3552083 0.2578125 0.0156250 0.0406250
2 0.6122396 0.4460938 0.0255208 0.0203125
3 0.2833333 0.3742187 0.0125000 0.0359375
2 0.3473958 0.4238281 0.0270833 0.0195312
0 0.3304687 0.4789062 0.0203125 0.0343750
2 0.5580729 0.4867187 0.0109375 0.0218750
1 0.5820312 0.3195312 0.0192708 0.0281250
3 0.5286458 0.2007812 0.0125000 0.0296875
3 0.6526042 0.5050781 0.0114583 0.0320312
4 0.4403646 0.1781250 0.0140625 0.0312500
1 0.5812500 0.1839844 0.0260417 0.0242188
2 0.6299479 0.3890625 0.0244792 0.0171875
2 0.4744792 0.6644531 0.0250000 0.0257812
3 0.3674479 0.8531250 0.0213542 0.0234375
3 0.3794271 0.2976563 0.0140625 0.0203125
3 0.6682292 0.2812500 0.0187500 0.0296875
5 0.6429687 0.5824219 0.0234375 0.0273438
0 0.2934896 0.3035156 0.0223958 0.0148437
1 0.6442708 0.4429688 0.0135417 0.0343750
3 0.6989583 0.4085937 0.0270833 0.0203125
4 0.6557292 0.2105469 0.0250000 0.0179687
3 0.4484375 0.2105469 0.0145833 0.0148437
2 0.4651042 0.8160156 0.0197917 0.0242188
0 0.5919271 0.2277344 0.0192708 0.0257812
1 0.5781250 0.8671875 0.0208333 0.0296875
5 0.6153646 0.1777344 0.0161458 0.0304687
5 0.6130208 0.2281250 0.0166667 0.0328125
4 0.6375000 0.5757813 0.0156250 0.0343750
4 0.2979167 0.2902344 0.0218750 0.0148437
4 0.4742188 0.1542969 0.0140625 0.0367188
1 0.5000000 0.5734375 0.0229167 0.0187500
3 0.4700521 0.2253906 0.0161458 0.0335937
2 0.5195312 0.6519531 0.0140625 0.0351562
4 0.3419271 0.5742188 0.0234375 0.0156250
0 0.3763021 0.4214844 0.0130208 0.0257812
2 0.5291667 0.3863281 0.0229167 0.0210938
4 0.5664062 0.9566406 0.0223958 0.0242188
0 0.5203125 0.7820312 0.0145833 0.0343750
1 0.4867187 0.4011719 0.0130208 0.0210938
2 0.5601563 0.4621094 0.0192708 0.0320312
2 0.5583333 0.4519531 0.0145833 0.0367188
5 0.6940104 0.6105469 0.0109375 0.0210938
1 0.4890625 0.4031250 0.0114583 0.0171875
4 0.7101563 0.3324219 0.0234375 0.0164063
5 0.7578125 0.2238281 0.0239583 0.0195312
1 0.5114583 0.1976563 0.0125000 0.0359375
1 0.5109375 0.5351562 0.0239583 0.0156250
3 0.3674479 0.8191406 0.0130208 0.0367188
1 0.4484375 0.6875000 0.0125000 0.0187500
4 0.5346354 0.4152344 0.0234375 0.0179687
6 0.4369792 0.7132812 0.0239583 0.0234375
11 0.4994792 0.2175781 0.0239583 0.0289063
9 0.4562500 0.4261719 0.0229167 0.0226562
