0 0.4481771 0.3960938 0.0255208 0.0703125
1 0.6119792 0.6328125 0.0468750 0.0375000
0 0.5119792 0.6457031 0.0437500 0.0273438
4 0.3656250 0.3808594 0.0270833 0.0414062
5 0.5932292 0.2472656 0.0250000 0.0601563
1 0.4570312 0.3933594 0.0307292 0.0429688
3 0.4507813 0.7308594 0.0255208 0.0726563
4 0.6992188 0.2492187 0.0223958 0.0453125
5 0.3606771 0.6488281 0.0317708 0.0617188
5 0.5723958 0.2261719 0.0229167 0.0695313
3 0.3541667 0.7457031 0.0229167 0.0492187
1 0.5841146 0.8750000 0.0369792 0.0437500
0 0.3122396 0.6812500 0.0453125 0.0421875
3 0.6372396 0.2414062 0.0432292 0.0265625
3 0.4276042 0.2734375 0.0270833 0.0562500
4 0.4377604 0.6230469 0.0213542 0.0601563
3 0.5382813 0.7250000 0.0255208 0.0640625
5 0.6403646 0.3109375 0.0348958 0.0484375
3 0.4031250 0.7109375 0.0427083 0.0265625
0 0.2807292 0.5152344 0.0479167 0.0398437
5 0.6822917 0.2296875 0.0458333 0.0375000
3 0.5908854 0.4558594 0.0265625 0.0492187
3 0.3786458 0.4164062 0.0427083 0.0312500
0 0.2880208 0.3886719 0.0510417 0.0351562
1 0.5794271 0.8390625 0.0213542 0.0687500
1 0.3330729 0.4066406 0.0234375 0.0617188
2 0.2924479 0.4570312 0.0359375 0.0468750
2 0.3322917 0.6730469 0.0218750 0.0351562
1 0.5911458 0.9695312 0.0437500 0.0328125
3 0.5617188 0.4152344 0.0432292 0.0398437
3 0.5976562 0.6039062 0.0484375 0.0328125
0 0.7481771 0.7382812 0.0213542 0.0343750
10 0.2833333 0.5320312 0.0406250 0.0546875
9 0.3166667 0.2132813 0.0447917 0.0531250
9 0.6713542 0.4042969 0.0281250 0.0679687
7 0.3260417 0.5851563 0.0354167 0.0421875
7 0.6809896 0.6746094 0.0390625 0.0570312
8 0.4507813 0.1335938 0.0348958 0.0500000
10 0.6033854 0.4109375 0.0255208 0.0593750
6 0.2773438 0.3085938 0.0307292 0.0609375
11 0.7171875 0.4074219 0.0447917 0.0445313
8 0.3682292 0.1550781 0.0437500 0.0429688
7 0.6161458 0.6601562 0.0437500 0.0500000
6 0.4242187 0.8570313 0.0328125 0.0687500
9 0.6078125 0.4187500 0.0333333 0.0437500
10 0.5252604 0.1960938 0.0369792 0.0562500
10 0.4554687 0.8417969 0.0359375 0.0445313
7 0.3354167 0.3683594 0.0281250 0.0414062
7 0.5718750 0.5554687 0.0395833 0.0453125
