5 0.4848958 0.6453125 0.0468750 0.0546875
3 0.2692708 0.2687500 0.0281250 0.0343750
4 0.5645833 0.9105469 0.0520833 0.0367188
0 0.7213542 0.5175781 0.0250000 0.0773438
0 0.7536458 0.2281250 0.0583333 0.0343750
5 0.8054687 0.5335937 0.0494792 0.0515625
2 0.4815104 0.4816406 0.0401042 0.0351562
0 0.3382812 0.6898437 0.0421875 0.0515625
1 0.4299479 0.4011719 0.0338542 0.0398437
0 0.6757812 0.4226563 0.0401042 0.0578125
2 0.4945312 0.2207031 0.0296875 0.0882813
2 0.7640625 0.5746094 0.0354167 0.0773438
2 0.4747396 0.4890625 0.0286458 0.0531250
4 0.3351562 0.4074219 0.0484375 0.0539063
4 0.4208333 0.6105469 0.0406250 0.0492187
4 0.6958333 0.4148438 0.0500000 0.0343750
2 0.6757812 0.1671875 0.0411458 0.0437500
1 0.7393229 0.5285156 0.0244792 0.0507812
2 0.4106771 0.6171875 0.0390625 0.0843750
3 0.5757813 0.4535156 0.0505208 0.0382813
3 0.4973958 0.4488281 0.0406250 0.0664062
1 0.6247396 0.1437500 0.0515625 0.0359375
2 0.6213542 0.3058594 0.0302083 0.0507812
5 0.2802083 0.7339844 0.0312500 0.0335937
4 0.5856771 0.6890625 0.0505208 0.0390625
5 0.6718750 0.5542969 0.0364583 0.0757812
2 0.4065104 0.6371094 0.0390625 0.0523438
5 0.6057292 0.7605469 0.0260417 0.0742188
4 0.5497396 0.2394531 0.0494792 0.0351562
8 0.5765625 0.2695312 0.0406250 0.0468750
10 0.4018229 0.2367188 0.0401042 0.0671875
8 0.5320312 0.7140625 0.0505208 0.0625000
9 0.3361979 0.6484375 0.0494792 0.0781250
8 0.6859375 0.5789062 0.0458333 0.0453125
10 0.6296875 0.3957031 0.0479167 0.0648438
