2 0.4700521 0.6851563 0.0546875 0.0468750
3 0.3565104 0.7480469 0.0223958 0.0632812
5 0.5609375 0.1687500 0.0468750 0.0421875
2 0.5281250 0.8960938 0.0500000 0.0359375
2 0.5455729 0.5023437 0.0390625 0.0484375
2 0.3703125 0.3210938 0.0447917 0.0406250
4 0.6557292 0.5492187 0.0510417 0.0375000
1 0.6351562 0.4085937 0.0401042 0.0500000
2 0.4250000 0.6039062 0.0427083 0.0437500
5 0.7098958 0.3714844 0.0395833 0.0523438
5 0.6888021 0.5039062 0.0348958 0.0515625
2 0.5601563 0.5140625 0.0494792 0.0343750
4 0.6236979 0.7472656 0.0453125 0.0289063
3 0.6395833 0.7398438 0.0500000 0.0359375
2 0.4265625 0.5046875 0.0375000 0.0703125
6 0.5768229 0.2757812 0.0348958 0.0734375
7 0.6752604 0.3308594 0.0328125 0.0570312
6 0.3833333 0.5519531 0.0406250 0.0757812
9 0.4625000 0.6277344 0.0281250 0.0429688
9 0.3002604 0.3238281 0.0463542 0.0507812
8 0.3734375 0.2359375 0.0333333 0.0750000
