4 0.5877604 0.6625000 0.1005208 0.0593750
0 0.6054688 0.7539062 0.0994792 0.0859375
0 0.4838542 0.4074219 0.0593750 0.1382812
4 0.7791667 0.5226563 0.1197917 0.0953125
1 0.2796875 0.3625000 0.0718750 0.0843750
0 0.5559896 0.8476562 0.0505208 0.1546875
3 0.4986979 0.7925781 0.0744792 0.0804688
5 0.3596354 0.8074219 0.0984375 0.0851563
2 0.8096354 0.5550781 0.0942708 0.0914062
3 0.5539063 0.2792969 0.0973958 0.0789062
1 0.6565104 0.7703125 0.0953125 0.0625000
4 0.4039063 0.3316406 0.0901042 0.1445312
3 0.6549479 0.6722656 0.0994792 0.0851563
1 0.6966146 0.4621094 0.0505208 0.0929688
4 0.5578125 0.4542969 0.0927083 0.0992187
3 0.5875000 0.3226562 0.0916667 0.0718750
1 0.4247396 0.7160156 0.0901042 0.1492188
3 0.6322917 0.8167969 0.1062500 0.1148437
5 0.6085938 0.4480469 0.0578125 0.0570312
1 0.4158854 0.3812500 0.0973958 0.0875000
2 0.7315104 0.4550781 0.0734375 0.0585938
3 0.7669271 0.4617188 0.0484375 0.0781250
1 0.4632812 0.2078125 0.0994792 0.0906250
1 0.4731771 0.2417969 0.0963542 0.1007813
3 0.6690104 0.5175781 0.1067708 0.0757812
0 0.3468750 0.2378906 0.0979167 0.0601563
1 0.3242188 0.7093750 0.0963542 0.1093750
1 0.5817708 0.5609375 0.0937500 0.1078125
3 0.5018229 0.9261719 0.0713542 0.1460937
2 0.5041667 0.6480469 0.0770833 0.1414063
3 0.4210937 0.1496094 0.0921875 0.1414063
3 0.6804687 0.5527344 0.1109375 0.0804688
0 0.5216146 0.6074219 0.0578125 0.1460937
5 0.5440104 0.3757813 0.0588542 0.1546875
4 0.6023437 0.0898438 0.0734375 0.1062500
5 0.4390625 0.6214844 0.0802083 0.0914062
1 0.6622396 0.5574219 0.0734375 0.0679687
1 0.3924479 0.4507813 0.0880208 0.1140625
4 0.4924479 0.2140625 0.0640625 0.1390625
1 0.7393229 0.4492188 0.0869792 0.1437500
5 0.5231771 0.4773438 0.1005208 0.0718750
5 0.6234375 0.4421875 0.1062500 0.0859375
2 0.6380208 0.4996094 0.1052083 0.0992187
5 0.4619792 0.5339844 0.0708333 0.1039063
5 0.5398437 0.3703125 0.1026042 0.0687500
1 0.4718750 0.7406250 0.0593750 0.0796875
2 0.7135417 0.6523438 0.0354167 0.1125000
0 0.4671875 0.5609375 0.0843750 0.0687500
5 0.4877604 0.6097656 0.0828125 0.1601562
5 0.4945312 0.8269531 0.0880208 0.1257813
0 0.5940104 0.6761719 0.0880208 0.0867187
0 0.6036458 0.7777344 0.0854167 0.1257813
2 0.5223958 0.7105469 0.0552083 0.0757812
1 0.3184896 0.5406250 0.0796875 0.1015625
5 0.5054688 0.8558594 0.1057292 0.0804688
4 0.6776042 0.4742188 0.0593750 0.0984375
3 0.3484375 0.6210938 0.1062500 0.0734375
5 0.6002604 0.7812500 0.1151042 0.0750000
3 0.5533854 0.3300781 0.0609375 0.1257813
3 0.2356771 0.4617188 0.0807292 0.1531250
1 0.6750000 0.6078125 0.0979167 0.0718750
3 0.6960937 0.6386719 0.0546875 0.0757812
0 0.8005208 0.3816406 0.0979167 0.0757812
1 0.3148437 0.4148438 0.0963542 0.0640625
4 0.2481771 0.5183594 0.0557292 0.1554687
5 0.3838542 0.4566406 0.1062500 0.1054688
3 0.5315104 0.2425781 0.0526042 0.1132812
4 0.4854167 0.7257813 0.1000000 0.0906250
4 0.6549479 0.1632812 0.0911458 0.0796875
5 0.3877604 0.0875000 0.0557292 0.1578125
1 0.6697917 0.2679687 0.1062500 0.0734375
4 0.6765625 0.7156250 0.0937500 0.0718750
7 0.3221354 0.4179688 0.0973958 0.1156250
10 0.3307292 0.7468750 0.0781250 0.0890625
