0 0.7049479 0.7949219 0.0223958 0.0195312
2 0.3122396 0.5964844 0.0140625 0.0320312
7 0.6609375 0.4207031 0.0156250 0.0351562
10 0.2750000 0.3625000 0.0145833 0.0343750
6 0.3776042 0.6687500 0.0250000 0.0250000
6 0.6507812 0.5742188 0.0223958 0.0218750
9 0.6947917 0.4792969 0.0145833 0.0320312
11 0.5531250 0.5210938 0.0166667 0.0296875
6 0.7057292 0.7156250 0.0239583 0.0312500
8 0.5838542 0.4710937 0.0177083 0.0234375
8 0.4817708 0.5144531 0.0166667 0.0242188
10 0.7450521 0.4703125 0.0244792 0.0296875
