3 0.3750000 0.3933594 0.0375000 0.0617188
1 0.6018229 0.3390625 0.0526042 0.0343750
4 0.4528646 0.2585938 0.0296875 0.0437500
2 0.4664063 0.3097656 0.0401042 0.0382813
3 0.5635417 0.1886719 0.0427083 0.0664062
5 0.6302083 0.8554688 0.0229167 0.0390625
3 0.4325521 0.3988281 0.0421875 0.0445313
3 0.4976563 0.9742188 0.0255208 0.0500000
5 0.7541667 0.4820313 0.0427083 0.0531250
1 0.2984375 0.7339844 0.0500000 0.0492187
2 0.6309896 0.7605469 0.0463542 0.0664062
2 0.5700521 0.6761719 0.0338542 0.0664062
3 0.6666667 0.7710938 0.0572917 0.0406250
4 0.7484375 0.4570312 0.0270833 0.0906250
4 0.5221354 0.3808594 0.0463542 0.0632812
0 0.6817708 0.5257812 0.0562500 0.0500000
0 0.7911458 0.5218750 0.0604167 0.0453125
3 0.3729167 0.4511719 0.0520833 0.0679687
0 0.6872396 0.6246094 0.0588542 0.0398437
3 0.3585937 0.6960937 0.0307292 0.0921875
1 0.5880208 0.0917969 0.0385417 0.0820312
1 0.2684896 0.4562500 0.0494792 0.0468750
3 0.6010417 0.8144531 0.0437500 0.0304687
1 0.3804688 0.1328125 0.0317708 0.0406250
1 0.4023438 0.7828125 0.0463542 0.0671875
0 0.3523438 0.4386719 0.0453125 0.0460938
3 0.6992188 0.5246094 0.0473958 0.0585938
0 0.5182292 0.7964844 0.0364583 0.0585938
2 0.6598958 0.6003906 0.0406250 0.0507812
5 0.7578125 0.5253906 0.0437500 0.0710937
3 0.4809896 0.7406250 0.0317708 0.0500000
2 0.5963542 0.6210938 0.0604167 0.0359375
1 0.6911458 0.3609375 0.0583333 0.0375000
0 0.4716146 0.7898437 0.0317708 0.0515625
5 0.4888021 0.3632812 0.0567708 0.0375000
0 0.6171875 0.5445313 0.0260417 0.0671875
2 0.2914062 0.3683594 0.0630208 0.0429688
5 0.5205729 0.7402344 0.0328125 0.0757812
9 0.6062500 0.6523438 0.0406250 0.0796875
11 0.6677083 0.7886719 0.0322917 0.0679687
7 0.4372396 0.1824219 0.0505208 0.0695313
10 0.6244792 0.5003906 0.0541667 0.0726563
9 0.6677083 0.5089844 0.0520833 0.0617188
8 0.3989583 0.5917969 0.0354167 0.0570312
9 0.5135417 0.6046875 0.0333333 0.0656250
7 0.4153646 0.4062500 0.0338542 0.0765625
11 0.6281250 0.7156250 0.0510417 0.0578125
11 0.3205729 0.3800781 0.0484375 0.0664062
7 0.3872396 0.5601563 0.0494792 0.0593750
11 0.3252604 0.6355469 0.0369792 0.0492187
10 0.4486979 0.4683594 0.0494792 0.0695313
9 0.3328125 0.3757813 0.0541667 0.0531250
11 0.6523438 0.4390625 0.0588542 0.0562500
7 0.3635417 0.6824219 0.0500000 0.0867187
9 0.2671875 0.6757812 0.0416667 0.0828125
8 0.2825521 0.6453125 0.0359375 0.0859375
