4 0.4653646 0.5917969 0.0609375 0.1007813
5 0.6427083 0.4246094 0.0781250 0.1320312
5 0.6833333 0.5750000 0.0666667 0.0875000
1 0.6846354 0.4796875 0.0765625 0.1640625
5 0.5898438 0.2160156 0.1130208 0.0914062
2 0.5796875 0.3742187 0.1114583 0.0968750
2 0.3289063 0.4250000 0.0723958 0.0859375
5 0.6083333 0.2503906 0.1104167 0.0867187
2 0.5955729 0.2925781 0.0734375 0.1304687
0 0.1989583 0.4511719 0.1208333 0.0945312
1 0.3679688 0.3992188 0.0994792 0.1500000
2 0.3588542 0.5445313 0.0666667 0.1218750
1 0.6890625 0.2859375 0.1125000 0.1109375
4 0.4236979 0.2976563 0.0546875 0.0984375
0 0.7072917 0.7085938 0.0864583 0.0953125
5 0.3023438 0.5710937 0.0515625 0.0734375
2 0.3078125 0.5253906 0.1114583 0.0726563
5 0.6544271 0.3203125 0.1203125 0.0906250
3 0.4572917 0.7484375 0.0760417 0.0765625
4 0.5013021 0.6304688 0.0932292 0.1281250
0 0.5229167 0.4714844 0.1156250 0.0804688
3 0.3502604 0.6636719 0.1192708 0.0898438
1 0.5343750 0.1417969 0.0666667 0.1539062
0 0.5117188 0.6300781 0.0932292 0.0851563
5 0.5278646 0.4035156 0.0661458 0.1273438
5 0.4359375 0.7343750 0.0885417 0.0875000
0 0.7593750 0.7316406 0.1135417 0.0757812
5 0.6651042 0.8664063 0.1104167 0.1000000
3 0.5507812 0.2238281 0.0703125 0.0789062
0 0.5265625 0.8222656 0.0635417 0.0679687
3 0.3067708 0.2843750 0.0541667 0.1656250
5 0.3130208 0.2488281 0.0677083 0.1007813
1 0.6510417 0.2531250 0.1010417 0.0906250
1 0.2424479 0.5914063 0.1098958 0.0906250
3 0.4083333 0.5156250 0.0593750 0.0921875
1 0.5885417 0.1898438 0.1166667 0.0812500
1 0.5817708 0.5195312 0.1187500 0.0812500
4 0.5924479 0.1199219 0.0869792 0.1398437
2 0.6333333 0.6601562 0.0895833 0.0640625
7 0.3013021 0.8054687 0.0890625 0.0968750
8 0.5437500 0.8023438 0.1093750 0.1140625
10 0.6648437 0.3796875 0.0880208 0.1531250
9 0.4156250 0.2136719 0.1083333 0.1101562
9 0.4968750 0.6429687 0.0645833 0.0968750
9 0.6007813 0.3175781 0.1046875 0.1226562
