1 0.6510417 0.4464844 0.0229167 0.0476562
2 0.3533854 0.1417969 0.0223958 0.0601563
4 0.5085937 0.5445313 0.0296875 0.0453125
5 0.5622396 0.4734375 0.0453125 0.0359375
2 0.2908854 0.5964844 0.0276042 0.0523438
0 0.3299479 0.7859375 0.0484375 0.0328125
0 0.2210938 0.3457031 0.0328125 0.0460938
4 0.6536458 0.6832031 0.0208333 0.0351562
5 0.3294271 0.6164063 0.0463542 0.0453125
5 0.4666667 0.1843750 0.0354167 0.0671875
0 0.3575521 0.6070313 0.0265625 0.0468750
4 0.5856771 0.7863281 0.0276042 0.0476562
2 0.4656250 0.2601562 0.0302083 0.0515625
3 0.6986979 0.3750000 0.0348958 0.0375000
3 0.3940104 0.6773438 0.0390625 0.0453125
5 0.5984375 0.5992188 0.0250000 0.0343750
2 0.5809896 0.6855469 0.0526042 0.0382813
3 0.6583333 0.5367188 0.0333333 0.0562500
5 0.3033854 0.6363281 0.0526042 0.0335937
2 0.5791667 0.6816406 0.0437500 0.0398437
5 0.5322917 0.6734375 0.0322917 0.0375000
1 0.5429688 0.6148438 0.0390625 0.0406250
5 0.6437500 0.4214844 0.0437500 0.0320312
2 0.4119792 0.4273438 0.0291667 0.0703125
2 0.5380208 0.8242188 0.0312500 0.0781250
3 0.3471354 0.7468750 0.0296875 0.0703125
0 0.5484375 0.1925781 0.0406250 0.0617188
0 0.6187500 0.6304688 0.0489583 0.0328125
5 0.3622396 0.2929688 0.0411458 0.0406250
5 0.3820312 0.7441406 0.0505208 0.0382813
1 0.7442708 0.5492187 0.0500000 0.0421875
2 0.3557292 0.2484375 0.0489583 0.0359375
5 0.6554688 0.1960938 0.0484375 0.0406250
0 0.6945313 0.3675781 0.0411458 0.0398437
3 0.3911458 0.3539062 0.0510417 0.0437500
1 0.4005208 0.8011719 0.0447917 0.0382813
3 0.6052083 0.3679688 0.0468750 0.0390625
4 0.4348958 0.4542969 0.0416667 0.0289063
3 0.7138021 0.4335938 0.0463542 0.0328125
4 0.4205729 0.7054687 0.0369792 0.0656250
1 0.4526042 0.0707031 0.0406250 0.0523438
2 0.4476562 0.5585938 0.0317708 0.0390625
4 0.6734375 0.1761719 0.0520833 0.0460938
0 0.4927083 0.7199219 0.0218750 0.0460938
1 0.4875000 0.5011719 0.0250000 0.0429688
1 0.6398438 0.5050781 0.0484375 0.0335937
0 0.4062500 0.4335938 0.0354167 0.0546875
7 0.2989583 0.3449219 0.0416667 0.0414062
