1 0.7033854 0.6121094 0.0255208 0.0351562
2 0.5281250 0.4023438 0.0354167 0.0250000
5 0.4208333 0.4820313 0.0239583 0.0296875
2 0.5158854 0.7734375 0.0307292 0.0453125
1 0.4697917 0.1203125 0.0218750 0.0562500
1 0.2742188 0.6828125 0.0192708 0.0375000
3 0.4419271 0.6746094 0.0369792 0.0257812
5 0.6398438 0.7539062 0.0223958 0.0531250
4 0.5872396 0.5863281 0.0192708 0.0195312
3 0.6580729 0.8546875 0.0359375 0.0281250
0 0.6447917 0.5230469 0.0343750 0.0304687
1 0.4513021 0.5289063 0.0296875 0.0296875
5 0.4864583 0.6191406 0.0197917 0.0304687
5 0.5562500 0.3468750 0.0322917 0.0281250
2 0.6825521 0.4386719 0.0203125 0.0570312
2 0.6859375 0.7562500 0.0343750 0.0343750
0 0.4330729 0.8902344 0.0223958 0.0507812
4 0.4507813 0.2191406 0.0192708 0.0554687
3 0.5289063 0.7828125 0.0359375 0.0265625
0 0.3593750 0.3355469 0.0354167 0.0351562
0 0.4458333 0.4339844 0.0354167 0.0226562
0 0.5276042 0.5664062 0.0156250 0.0312500
3 0.4703125 0.3207031 0.0291667 0.0320312
4 0.4356771 0.4800781 0.0265625 0.0382813
2 0.6041667 0.8050781 0.0250000 0.0398437
0 0.7257813 0.2722656 0.0369792 0.0320312
4 0.5408854 0.5851563 0.0265625 0.0281250
1 0.2427083 0.4785156 0.0177083 0.0367188
3 0.3877604 0.5449219 0.0338542 0.0304687
3 0.6726562 0.4667969 0.0182292 0.0429688
0 0.5023437 0.0492187 0.0328125 0.0296875
3 0.6869792 0.6972656 0.0270833 0.0242188
5 0.4041667 0.2714844 0.0354167 0.0382813
2 0.6153646 0.3695312 0.0203125 0.0500000
2 0.6239583 0.7140625 0.0343750 0.0281250
0 0.5614583 0.3437500 0.0208333 0.0453125
1 0.5713542 0.4593750 0.0322917 0.0265625
5 0.4768229 0.5226563 0.0151042 0.0328125
0 0.5817708 0.4542969 0.0260417 0.0507812
1 0.5986979 0.7546875 0.0359375 0.0296875
2 0.5398437 0.6550781 0.0369792 0.0320312
0 0.6804687 0.6281250 0.0348958 0.0234375
5 0.6367188 0.7324219 0.0401042 0.0289063
2 0.7570313 0.7425781 0.0317708 0.0257812
4 0.5476562 0.5476562 0.0265625 0.0343750
4 0.2497396 0.4593750 0.0192708 0.0265625
1 0.5312500 0.1644531 0.0250000 0.0507812
1 0.5927083 0.4816406 0.0354167 0.0273438
5 0.5187500 0.8972656 0.0166667 0.0289063
3 0.5361979 0.6722656 0.0213542 0.0335937
1 0.5401042 0.4714844 0.0177083 0.0554687
5 0.6158854 0.3871094 0.0161458 0.0304687
5 0.2963542 0.7375000 0.0166667 0.0546875
2 0.5388021 0.2945313 0.0369792 0.0281250
9 0.6177083 0.4855469 0.0270833 0.0414062
10 0.5348958 0.4484375 0.0333333 0.0328125
7 0.2588542 0.4027344 0.0343750 0.0398437
8 0.3937500 0.5218750 0.0250000 0.0375000
9 0.5966146 0.2855469 0.0265625 0.0507812
7 0.5942708 0.7714844 0.0218750 0.0507812
11 0.4375000 0.5347656 0.0270833 0.0492187
10 0.4294271 0.3519531 0.0234375 0.0476562
