2 0.5177083 0.6062500 0.0208333 0.0437500
3 0.4953125 0.7167969 0.0250000 0.0273438
2 0.4575521 0.5851563 0.0223958 0.0515625
0 0.6026042 0.7640625 0.0218750 0.0390625
0 0.5299479 0.8746094 0.0223958 0.0289063
3 0.7523437 0.4453125 0.0317708 0.0296875
2 0.5085937 0.3992188 0.0307292 0.0343750
4 0.5648437 0.7996094 0.0338542 0.0242188
0 0.3833333 0.7960938 0.0156250 0.0312500
1 0.3877604 0.2878906 0.0348958 0.0226562
4 0.2807292 0.5050781 0.0156250 0.0273438
3 0.5898438 0.6960937 0.0223958 0.0265625
5 0.4885417 0.8929687 0.0239583 0.0484375
2 0.5734375 0.7046875 0.0343750 0.0250000
5 0.5145833 0.8070312 0.0187500 0.0562500
0 0.6726562 0.7714844 0.0192708 0.0554687
5 0.3752604 0.2585938 0.0192708 0.0250000
0 0.6020833 0.3335938 0.0354167 0.0250000
5 0.6177083 0.6191406 0.0291667 0.0226562
0 0.6177083 0.5152344 0.0354167 0.0320312
5 0.3552083 0.7054687 0.0343750 0.0265625
5 0.5632812 0.3648438 0.0348958 0.0250000
2 0.5710937 0.5859375 0.0234375 0.0437500
3 0.5440104 0.5359375 0.0234375 0.0265625
2 0.2817708 0.3222656 0.0197917 0.0289063
2 0.6036458 0.3718750 0.0343750 0.0234375
4 0.3580729 0.3890625 0.0182292 0.0531250
0 0.6052083 0.6785156 0.0312500 0.0273438
0 0.6278646 0.7511719 0.0203125 0.0398437
4 0.5661458 0.1496094 0.0354167 0.0257812
4 0.5671875 0.6687500 0.0270833 0.0406250
1 0.4341146 0.8886719 0.0182292 0.0507812
2 0.6148438 0.3792969 0.0348958 0.0242188
0 0.3828125 0.2402344 0.0250000 0.0476562
4 0.4947917 0.2609375 0.0322917 0.0265625
5 0.7557292 0.3304687 0.0333333 0.0375000
0 0.3559896 0.8179688 0.0182292 0.0484375
0 0.6382813 0.3984375 0.0244792 0.0375000
5 0.4919271 0.1093750 0.0161458 0.0500000
2 0.5223958 0.1906250 0.0333333 0.0312500
2 0.3263021 0.4230469 0.0317708 0.0289063
3 0.6812500 0.4148438 0.0343750 0.0234375
5 0.4536458 0.7218750 0.0343750 0.0250000
1 0.2507813 0.6125000 0.0338542 0.0281250
3 0.4776042 0.3437500 0.0364583 0.0265625
2 0.6846354 0.4457031 0.0359375 0.0242188
0 0.3908854 0.1578125 0.0265625 0.0484375
4 0.6921875 0.7332031 0.0145833 0.0492187
1 0.6296875 0.4445312 0.0322917 0.0312500
3 0.5479167 0.4156250 0.0333333 0.0250000
5 0.7075521 0.4914062 0.0296875 0.0343750
3 0.6674479 0.6714844 0.0359375 0.0273438
4 0.5830729 0.3007812 0.0161458 0.0515625
5 0.5484375 0.6750000 0.0375000 0.0281250
4 0.7583333 0.6554688 0.0333333 0.0312500
5 0.5151042 0.2421875 0.0364583 0.0250000
4 0.5562500 0.5570312 0.0343750 0.0343750
3 0.4429688 0.8187500 0.0296875 0.0234375
5 0.6151042 0.7402344 0.0250000 0.0492187
5 0.5861979 0.1593750 0.0151042 0.0375000
1 0.6080729 0.6273437 0.0161458 0.0390625
4 0.5106771 0.8074219 0.0223958 0.0242188
5 0.3643229 0.4835937 0.0203125 0.0484375
0 0.3828125 0.7039062 0.0312500 0.0406250
0 0.3098958 0.5640625 0.0302083 0.0312500
4 0.6065104 0.3457031 0.0276042 0.0273438
0 0.4468750 0.7851562 0.0197917 0.0390625
4 0.4705729 0.8023438 0.0223958 0.0281250
0 0.4989583 0.8972656 0.0229167 0.0476562
3 0.6799479 0.7089844 0.0328125 0.0289063
2 0.4169271 0.8570313 0.0130208 0.0390625
0 0.6468750 0.4234375 0.0208333 0.0250000
4 0.4846354 0.3769531 0.0151042 0.0492187
5 0.4622396 0.4652344 0.0286458 0.0210938
4 0.4713542 0.6402344 0.0197917 0.0257812
5 0.5325521 0.3511719 0.0203125 0.0554687
2 0.4007812 0.3171875 0.0213542 0.0250000
3 0.5000000 0.1839844 0.0197917 0.0242188
1 0.5721354 0.4582031 0.0348958 0.0210938
10 0.5075521 0.7488281 0.0203125 0.0445313
10 0.5007812 0.5632812 0.0286458 0.0281250
7 0.3132813 0.2820313 0.0317708 0.0343750
8 0.3580729 0.7312500 0.0223958 0.0406250
11 0.6158854 0.4656250 0.0338542 0.0406250
6 0.5161458 0.4386719 0.0270833 0.0460938
11 0.4054687 0.1863281 0.0317708 0.0320312
8 0.6067708 0.2078125 0.0291667 0.0359375
11 0.4781250 0.2156250 0.0312500 0.0468750
8 0.6088542 0.4015625 0.0291667 0.0468750
7 0.6348958 0.8007812 0.0322917 0.0328125
