2 0.2549479 0.8246094 0.0703125 0.1851562
4 0.3299479 0.2210938 0.1130208 0.0765625
0 0.4221354 0.2527344 0.0880208 0.0882813
5 0.5143229 0.6070313 0.1005208 0.1171875
0 0.6825521 0.7625000 0.0994792 0.0828125
5 0.4872396 0.2996094 0.0651042 0.0867187
1 0.3377604 0.4644531 0.1130208 0.1054688
0 0.5708333 0.2691406 0.0989583 0.0914062
0 0.6924479 0.5039062 0.0796875 0.1343750
4 0.5419271 0.3113281 0.1109375 0.0804688
2 0.5515625 0.4339844 0.1104167 0.1070312
2 0.4283854 0.6847656 0.0723958 0.1710937
5 0.5651042 0.6042969 0.1135417 0.0929688
4 0.4164062 0.4652344 0.0942708 0.1632812
3 0.3414063 0.4085937 0.0796875 0.1578125
1 0.2799479 0.6589844 0.1015625 0.1070312
0 0.7572917 0.2730469 0.0947917 0.0867187
1 0.6390625 0.7085938 0.1031250 0.0843750
2 0.3401042 0.2847656 0.0854167 0.1335938
1 0.3296875 0.3195312 0.0947917 0.1312500
5 0.5065104 0.5445313 0.0973958 0.0859375
1 0.3111979 0.6105469 0.0692708 0.1835938
1 0.5255208 0.5359375 0.0447917 0.1000000
4 0.5223958 0.6253906 0.1041667 0.1164063
3 0.2640625 0.4425781 0.1135417 0.1195313
1 0.7835937 0.4093750 0.1151042 0.0781250
2 0.6263021 0.6417969 0.1109375 0.1242188
5 0.6312500 0.6757812 0.1114583 0.0687500
0 0.6122396 0.7914062 0.1015625 0.0968750
2 0.5809896 0.3906250 0.0692708 0.1171875
1 0.4934896 0.3703125 0.0536458 0.1546875
3 0.4638021 0.3664062 0.0734375 0.0890625
5 0.7481771 0.3605469 0.0546875 0.0976562
0 0.7757812 0.2320312 0.1161458 0.1203125
1 0.5677083 0.5511719 0.1125000 0.1210938
4 0.7757812 0.4671875 0.0692708 0.1718750
5 0.7755208 0.4824219 0.0708333 0.1132812
3 0.5656250 0.9410156 0.1062500 0.1164063
3 0.6140625 0.9156250 0.1104167 0.0921875
3 0.6039062 0.5250000 0.1192708 0.0890625
2 0.3526042 0.7246094 0.1000000 0.0851563
2 0.6708333 0.4082031 0.1031250 0.0945312
4 0.7054687 0.5042969 0.1182292 0.1039063
1 0.5463542 0.7781250 0.0500000 0.1671875
1 0.4453125 0.6304688 0.0729167 0.0828125
3 0.4427083 0.3222656 0.1041667 0.0710937
3 0.4739583 0.2109375 0.0614583 0.1656250
2 0.6098958 0.3644531 0.0552083 0.1085938
9 0.5992188 0.5191406 0.1088542 0.1429688
7 0.6796875 0.2074219 0.0802083 0.1632812
6 0.5497396 0.5625000 0.0901042 0.1281250
7 0.7820312 0.3992188 0.0682292 0.1203125
