5 0.5596354 0.8050781 0.0192708 0.0445313
4 0.4257812 0.8312500 0.0151042 0.0265625
5 0.5752604 0.6812500 0.0161458 0.0265625
1 0.6541667 0.2996094 0.0333333 0.0257812
2 0.4981771 0.3988281 0.0286458 0.0226562
4 0.3244792 0.3585937 0.0312500 0.0234375
4 0.5330729 0.5785156 0.0286458 0.0210938
5 0.2786458 0.4906250 0.0156250 0.0296875
0 0.4609375 0.1332031 0.0229167 0.0460938
2 0.6932292 0.4808594 0.0145833 0.0351562
4 0.4757812 0.3554688 0.0286458 0.0296875
5 0.5143229 0.4109375 0.0317708 0.0250000
2 0.3781250 0.7566406 0.0239583 0.0398437
3 0.6768229 0.3425781 0.0338542 0.0257812
4 0.5059896 0.6183594 0.0182292 0.0492187
0 0.4927083 0.3062500 0.0250000 0.0296875
0 0.5442708 0.7207031 0.0145833 0.0460938
3 0.6325521 0.6917969 0.0328125 0.0257812
5 0.3174479 0.4679687 0.0296875 0.0171875
1 0.6401042 0.5074219 0.0281250 0.0273438
1 0.6242188 0.6039062 0.0276042 0.0281250
3 0.4890625 0.5363281 0.0343750 0.0242188
0 0.5367188 0.8285156 0.0265625 0.0289063
3 0.5692708 0.3574219 0.0156250 0.0273438
2 0.6755208 0.4875000 0.0135417 0.0375000
4 0.3028646 0.3394531 0.0161458 0.0351562
8 0.4911458 0.5652344 0.0208333 0.0335937
10 0.6994792 0.2148438 0.0312500 0.0296875
8 0.4731771 0.3714844 0.0286458 0.0289063
8 0.7091146 0.1281250 0.0317708 0.0312500
8 0.4622396 0.3230469 0.0317708 0.0320312
6 0.5023437 0.3988281 0.0234375 0.0289063
9 0.4755208 0.2371094 0.0197917 0.0460938
