3 0.4666667 0.3828125 0.0114583 0.0234375
0 0.5783854 0.5121094 0.0192708 0.0195312
4 0.4213542 0.6183594 0.0218750 0.0226562
5 0.4484375 0.2925781 0.0187500 0.0335937
1 0.5544271 0.4675781 0.0255208 0.0195312
4 0.4143229 0.3808594 0.0223958 0.0304687
3 0.7171875 0.1222656 0.0250000 0.0164063
3 0.6093750 0.2652344 0.0166667 0.0179687
3 0.4158854 0.4882812 0.0151042 0.0296875
5 0.7062500 0.4902344 0.0125000 0.0367188
1 0.6843750 0.8847656 0.0229167 0.0179687
4 0.4505208 0.2039063 0.0197917 0.0156250
0 0.4776042 0.3625000 0.0156250 0.0156250
4 0.7976562 0.5570312 0.0234375 0.0234375
0 0.3453125 0.1414063 0.0135417 0.0343750
4 0.6851563 0.5574219 0.0244792 0.0226562
4 0.6718750 0.4859375 0.0208333 0.0156250
0 0.5052083 0.3800781 0.0218750 0.0289063
3 0.5205729 0.2878906 0.0130208 0.0164063
1 0.7781250 0.5015625 0.0208333 0.0265625
1 0.3281250 0.6960937 0.0114583 0.0234375
0 0.7195312 0.1925781 0.0140625 0.0335937
3 0.7643229 0.7226562 0.0140625 0.0343750
5 0.4250000 0.2941406 0.0187500 0.0289063
0 0.6283854 0.5207031 0.0244792 0.0164063
0 0.4841146 0.8667969 0.0151042 0.0320312
5 0.4942708 0.2289063 0.0250000 0.0218750
5 0.6981771 0.6152344 0.0192708 0.0210938
4 0.4192708 0.3101563 0.0187500 0.0171875
3 0.3627604 0.5187500 0.0213542 0.0171875
0 0.4466146 0.9199219 0.0130208 0.0273438
3 0.5515625 0.6015625 0.0187500 0.0156250
0 0.4981771 0.5257812 0.0244792 0.0156250
5 0.5880208 0.3660156 0.0229167 0.0210938
4 0.4260417 0.2742188 0.0156250 0.0312500
4 0.2770833 0.6070313 0.0229167 0.0250000
5 0.5973958 0.4917969 0.0208333 0.0273438
5 0.4151042 0.1851562 0.0239583 0.0250000
1 0.5080729 0.3257813 0.0223958 0.0171875
5 0.4815104 0.3031250 0.0119792 0.0281250
2 0.2544271 0.5566406 0.0213542 0.0179687
2 0.5322917 0.6378906 0.0197917 0.0164063
0 0.5440104 0.4953125 0.0234375 0.0187500
0 0.4013021 0.3867188 0.0151042 0.0171875
7 0.6885417 0.4375000 0.0239583 0.0359375
