3 0.7239583 0.5890625 0.0218750 0.0281250
1 0.5700521 0.2746094 0.0161458 0.0351562
2 0.3406250 0.2386719 0.0291667 0.0210938
3 0.5778646 0.4640625 0.0203125 0.0296875
5 0.5786458 0.7437500 0.0239583 0.0218750
2 0.5140625 0.4886719 0.0197917 0.0210938
0 0.6497396 0.4242187 0.0296875 0.0187500
5 0.4059896 0.1914062 0.0140625 0.0359375
1 0.6158854 0.7308594 0.0151042 0.0414062
5 0.6338542 0.5804687 0.0250000 0.0203125
5 0.6044271 0.3699219 0.0192708 0.0273438
5 0.2968750 0.8933594 0.0281250 0.0226562
5 0.6630208 0.4480469 0.0177083 0.0226562
4 0.6783854 0.5031250 0.0192708 0.0375000
2 0.5940104 0.5722656 0.0140625 0.0257812
4 0.6791667 0.3441406 0.0281250 0.0164063
1 0.4911458 0.3671875 0.0197917 0.0343750
4 0.4843750 0.3140625 0.0166667 0.0375000
3 0.3213542 0.2101562 0.0270833 0.0156250
1 0.4242187 0.5093750 0.0192708 0.0296875
2 0.3182292 0.4632812 0.0281250 0.0218750
0 0.3429687 0.5238281 0.0296875 0.0210938
3 0.5437500 0.4675781 0.0218750 0.0335937
2 0.4703125 0.7753906 0.0156250 0.0445313
3 0.5632812 0.3382812 0.0119792 0.0250000
4 0.5221354 0.3414063 0.0161458 0.0390625
4 0.5390625 0.4812500 0.0166667 0.0187500
4 0.4630208 0.2585938 0.0208333 0.0203125
1 0.5861979 0.4265625 0.0140625 0.0281250
2 0.5083333 0.3109375 0.0156250 0.0390625
0 0.7356771 0.4101562 0.0140625 0.0187500
5 0.5437500 0.1375000 0.0250000 0.0312500
2 0.4703125 0.2148438 0.0156250 0.0234375
1 0.6093750 0.5039062 0.0218750 0.0218750
0 0.5406250 0.4371094 0.0145833 0.0257812
0 0.4609375 0.2683594 0.0166667 0.0382813
2 0.2867188 0.7160156 0.0182292 0.0273438
1 0.3174479 0.4128906 0.0151042 0.0273438
1 0.2429688 0.6363281 0.0109375 0.0382813
3 0.4093750 0.1902344 0.0177083 0.0429688
1 0.3049479 0.3562500 0.0161458 0.0234375
5 0.2734375 0.5425781 0.0260417 0.0210938
1 0.3148437 0.2828125 0.0171875 0.0187500
3 0.2338542 0.3843750 0.0156250 0.0281250
0 0.5216146 0.5085937 0.0276042 0.0171875
4 0.3776042 0.3433594 0.0187500 0.0429688
0 0.4197917 0.3468750 0.0281250 0.0203125
5 0.3065104 0.6156250 0.0213542 0.0234375
1 0.3723958 0.4335938 0.0239583 0.0171875
1 0.7177083 0.5941406 0.0156250 0.0367188
4 0.6911458 0.3191406 0.0239583 0.0210938
4 0.3281250 0.3675781 0.0229167 0.0304687
2 0.1575521 0.4152344 0.0234375 0.0242188
3 0.6781250 0.5097656 0.0135417 0.0179687
0 0.5276042 0.2898438 0.0135417 0.0421875
4 0.6343750 0.5285156 0.0208333 0.0273438
3 0.5783854 0.3113281 0.0223958 0.0289063
1 0.4156250 0.3121094 0.0281250 0.0257812
5 0.6554688 0.4933594 0.0244792 0.0195312
4 0.5187500 0.6449219 0.0166667 0.0351562
3 0.2914062 0.4792969 0.0213542 0.0273438
2 0.4877604 0.5082031 0.0223958 0.0226562
4 0.5348958 0.5839844 0.0177083 0.0335937
2 0.5351562 0.5605469 0.0151042 0.0351562
2 0.2791667 0.3917969 0.0156250 0.0429688
3 0.5950521 0.2523437 0.0140625 0.0328125
0 0.5721354 0.8878906 0.0244792 0.0242188
3 0.6828125 0.7558594 0.0281250 0.0210938
5 0.4507813 0.5910156 0.0255208 0.0289063
7 0.6708333 0.6722656 0.0177083 0.0414062
10 0.6684896 0.6035156 0.0244792 0.0273438
9 0.5486979 0.6253906 0.0182292 0.0398437
8 0.7846354 0.3710938 0.0234375 0.0390625
6 0.2445313 0.2492187 0.0244792 0.0250000
9 0.5833333 0.6242188 0.0250000 0.0250000
8 0.5236979 0.2906250 0.0244792 0.0250000
10 0.6369792 0.4031250 0.0239583 0.0234375
9 0.6968750 0.6726562 0.0177083 0.0375000
6 0.6169271 0.4597656 0.0265625 0.0273438
6 0.5143229 0.5746094 0.0182292 0.0289063
11 0.4768229 0.2328125 0.0244792 0.0250000
6 0.3843750 0.6917969 0.0229167 0.0273438
10 0.6656250 0.0824219 0.0250000 0.0335937
8 0.6299479 0.4472656 0.0192708 0.0398437
10 0.3307292 0.4546875 0.0177083 0.0281250
6 0.4526042 0.4316406 0.0218750 0.0242188
10 0.6544271 0.5460938 0.0171875 0.0359375
