2 0.7184896 0.5179687 0.0432292 0.0296875
2 0.6192708 0.3410156 0.0197917 0.0414062
2 0.6721354 0.4175781 0.0338542 0.0585938
5 0.5036458 0.4082031 0.0427083 0.0398437
4 0.4330729 0.6878906 0.0442708 0.0289063
0 0.6572917 0.1996094 0.0427083 0.0382813
0 0.2809896 0.3207031 0.0182292 0.0320312
0 0.5770833 0.7093750 0.0218750 0.0625000
5 0.3992188 0.4269531 0.0234375 0.0460938
1 0.5940104 0.2414062 0.0421875 0.0453125
1 0.5966146 0.6457031 0.0401042 0.0242188
5 0.7148438 0.4984375 0.0296875 0.0468750
0 0.6270833 0.4984375 0.0354167 0.0296875
4 0.3955729 0.4824219 0.0296875 0.0351562
5 0.4343750 0.8476562 0.0218750 0.0421875
1 0.4778646 0.3878906 0.0317708 0.0304687
1 0.2375000 0.6128906 0.0291667 0.0539063
5 0.6796875 0.4585938 0.0395833 0.0390625
5 0.5278646 0.4468750 0.0421875 0.0265625
0 0.4398437 0.6250000 0.0328125 0.0390625
2 0.6528646 0.4863281 0.0390625 0.0351562
1 0.6111979 0.8503906 0.0442708 0.0320312
1 0.3901042 0.0710937 0.0302083 0.0625000
1 0.4174479 0.4863281 0.0192708 0.0382813
0 0.3539062 0.7101563 0.0369792 0.0390625
3 0.5966146 0.8281250 0.0328125 0.0500000
1 0.5221354 0.8917969 0.0338542 0.0445313
5 0.6192708 0.5832031 0.0416667 0.0414062
4 0.5890625 0.7082031 0.0312500 0.0398437
5 0.7184896 0.2847656 0.0182292 0.0632812
4 0.6523438 0.4421875 0.0411458 0.0343750
1 0.4846354 0.6203125 0.0213542 0.0359375
3 0.3229167 0.5269531 0.0427083 0.0335937
2 0.6794271 0.3980469 0.0244792 0.0570312
5 0.5307292 0.8152344 0.0229167 0.0429688
1 0.4617188 0.2777344 0.0234375 0.0664062
2 0.6130208 0.8003906 0.0427083 0.0367188
3 0.7132812 0.7558594 0.0338542 0.0382813
2 0.2450521 0.4414062 0.0359375 0.0390625
2 0.5005208 0.2730469 0.0197917 0.0570312
5 0.6018229 0.8453125 0.0380208 0.0453125
1 0.5049479 0.3152344 0.0234375 0.0617188
2 0.4958333 0.4343750 0.0187500 0.0359375
2 0.7156250 0.6812500 0.0406250 0.0328125
2 0.6283854 0.5894531 0.0307292 0.0429688
5 0.7057292 0.5253906 0.0437500 0.0367188
5 0.5828125 0.1195313 0.0406250 0.0328125
4 0.3906250 0.2324219 0.0270833 0.0304687
7 0.6705729 0.4078125 0.0421875 0.0406250
6 0.6898437 0.6054688 0.0255208 0.0578125
11 0.6901042 0.3019531 0.0354167 0.0523438
9 0.3460937 0.3367188 0.0421875 0.0421875
8 0.4861979 0.6531250 0.0411458 0.0484375
7 0.4736979 0.2570312 0.0380208 0.0453125
9 0.5778646 0.5570312 0.0348958 0.0343750
7 0.3135417 0.7730469 0.0375000 0.0492187
9 0.6507812 0.5750000 0.0421875 0.0406250
11 0.4674479 0.6187500 0.0421875 0.0500000
9 0.5729167 0.5550781 0.0406250 0.0398437
8 0.6955729 0.5007812 0.0359375 0.0406250
11 0.4273438 0.2742188 0.0348958 0.0421875
8 0.3471354 0.4656250 0.0380208 0.0421875
6 0.5580729 0.4457031 0.0328125 0.0414062
6 0.4242187 0.5148438 0.0338542 0.0375000
9 0.7804688 0.3203125 0.0411458 0.0390625
11 0.5260417 0.6265625 0.0385417 0.0500000
8 0.6226563 0.2726562 0.0411458 0.0406250
7 0.4888021 0.8589844 0.0265625 0.0617188
