3 0.5500000 0.5976562 0.0250000 0.0203125
5 0.6765625 0.6753906 0.0239583 0.0257812
3 0.5421875 0.2281250 0.0239583 0.0156250
4 0.6510417 0.5359375 0.0260417 0.0171875
0 0.5473958 0.5148438 0.0114583 0.0281250
2 0.3611979 0.5562500 0.0213542 0.0265625
2 0.5747396 0.6421875 0.0265625 0.0171875
2 0.6658854 0.3000000 0.0130208 0.0171875
4 0.4471354 0.3601563 0.0213542 0.0187500
0 0.4776042 0.4316406 0.0145833 0.0226562
5 0.5716146 0.7449219 0.0244792 0.0210938
3 0.4125000 0.5425781 0.0239583 0.0242188
3 0.5851563 0.6253906 0.0244792 0.0179687
5 0.6052083 0.6796875 0.0177083 0.0171875
4 0.4187500 0.3531250 0.0166667 0.0406250
0 0.3151042 0.5679688 0.0250000 0.0203125
5 0.5692708 0.5542969 0.0156250 0.0335937
2 0.6434896 0.8066406 0.0244792 0.0164063
5 0.5432292 0.4683594 0.0208333 0.0273438
0 0.3791667 0.5511719 0.0187500 0.0242188
1 0.3682292 0.3042969 0.0145833 0.0242188
1 0.7020833 0.4406250 0.0187500 0.0312500
1 0.5778646 0.3851562 0.0265625 0.0187500
4 0.4580729 0.6968750 0.0234375 0.0171875
1 0.7481771 0.6640625 0.0265625 0.0265625
0 0.4242187 0.2984375 0.0119792 0.0281250
2 0.6408854 0.7183594 0.0223958 0.0273438
4 0.6054688 0.8085938 0.0255208 0.0156250
1 0.5703125 0.2714844 0.0229167 0.0164063
3 0.5578125 0.3496094 0.0239583 0.0320312
4 0.4992187 0.3906250 0.0130208 0.0390625
5 0.5408854 0.5050781 0.0265625 0.0210938
2 0.4416667 0.9019531 0.0135417 0.0289063
4 0.5606771 0.3402344 0.0161458 0.0195312
4 0.3208333 0.2855469 0.0135417 0.0382813
4 0.5833333 0.6265625 0.0250000 0.0171875
5 0.4880208 0.4062500 0.0135417 0.0187500
3 0.5867187 0.1812500 0.0171875 0.0171875
3 0.5479167 0.1039063 0.0208333 0.0265625
5 0.5268229 0.6937500 0.0192708 0.0218750
2 0.5734375 0.7316406 0.0197917 0.0242188
0 0.6427083 0.5632812 0.0208333 0.0265625
10 0.4263021 0.9097656 0.0192708 0.0335937
8 0.4958333 0.2320312 0.0229167 0.0359375
10 0.5158854 0.3757813 0.0223958 0.0218750
7 0.6036458 0.3449219 0.0239583 0.0273438
8 0.6984375 0.3781250 0.0239583 0.0234375
10 0.4682292 0.5972656 0.0197917 0.0210938
9 0.6585937 0.4722656 0.0182292 0.0257812
