0 0.4955729 0.7261719 0.0130208 0.0195312
2 0.4890625 0.1507813 0.0218750 0.0250000
3 0.5919271 0.5890625 0.0213542 0.0250000
0 0.3346354 0.6945313 0.0130208 0.0296875
1 0.5934896 0.3292969 0.0161458 0.0148437
2 0.4492188 0.6941406 0.0140625 0.0414062
2 0.7263021 0.4218750 0.0119792 0.0359375
3 0.7705729 0.5132813 0.0130208 0.0250000
5 0.5697917 0.5625000 0.0145833 0.0187500
4 0.6304688 0.5230469 0.0130208 0.0304687
5 0.6927083 0.6921875 0.0166667 0.0375000
4 0.5111979 0.3187500 0.0151042 0.0343750
5 0.5645833 0.3535156 0.0135417 0.0242188
0 0.5984375 0.2113281 0.0135417 0.0351562
3 0.5429688 0.7773438 0.0244792 0.0187500
5 0.4341146 0.6695313 0.0119792 0.0375000
2 0.5747396 0.3488281 0.0151042 0.0367188
3 0.4614583 0.3222656 0.0177083 0.0179687
3 0.4460938 0.4566406 0.0109375 0.0289063
3 0.2820313 0.1703125 0.0244792 0.0171875
2 0.3458333 0.6886719 0.0260417 0.0257812
0 0.2739583 0.5839844 0.0125000 0.0382813
4 0.7421875 0.3578125 0.0229167 0.0234375
0 0.6380208 0.6785156 0.0229167 0.0179687
0 0.5216146 0.6917969 0.0130208 0.0195312
5 0.6690104 0.4453125 0.0223958 0.0171875
0 0.5695313 0.7152344 0.0234375 0.0179687
3 0.6598958 0.4062500 0.0229167 0.0218750
4 0.3966146 0.5535156 0.0244792 0.0164063
3 0.6031250 0.5468750 0.0187500 0.0171875
0 0.3997396 0.2550781 0.0098958 0.0179687
4 0.7138021 0.3261719 0.0161458 0.0242188
2 0.6377604 0.6136719 0.0276042 0.0195312
4 0.5041667 0.4609375 0.0156250 0.0234375
5 0.3364583 0.5019531 0.0260417 0.0164063
1 0.6505208 0.5687500 0.0229167 0.0218750
5 0.4044271 0.1210938 0.0140625 0.0312500
1 0.5731771 0.7644531 0.0203125 0.0210938
11 0.3369792 0.7183594 0.0156250 0.0351562
11 0.5507812 0.5828125 0.0223958 0.0328125
