0 0.7406250 0.3871094 0.0406250 0.0335937
0 0.3809896 0.8910156 0.0380208 0.0351562
4 0.6395833 0.6949219 0.0406250 0.0289063
3 0.4528646 0.3914063 0.0213542 0.0609375
3 0.3757813 0.4589844 0.0453125 0.0335937
2 0.5328125 0.2484375 0.0218750 0.0687500
0 0.6773438 0.8367187 0.0234375 0.0390625
1 0.7119792 0.4765625 0.0385417 0.0468750
2 0.6361979 0.3023438 0.0369792 0.0359375
5 0.6270833 0.6226563 0.0197917 0.0296875
1 0.4562500 0.3328125 0.0208333 0.0625000
1 0.3432292 0.5781250 0.0291667 0.0562500
1 0.3466146 0.6160156 0.0286458 0.0398437
1 0.5333333 0.4386719 0.0291667 0.0632812
4 0.5179687 0.7085938 0.0442708 0.0312500
0 0.5518229 0.6902344 0.0369792 0.0367188
4 0.6838542 0.7242188 0.0437500 0.0312500
5 0.6570312 0.5347656 0.0432292 0.0304687
5 0.4739583 0.6902344 0.0406250 0.0414062
2 0.4908854 0.5136719 0.0286458 0.0460938
3 0.5289063 0.7410156 0.0338542 0.0492187
2 0.2320312 0.3500000 0.0276042 0.0578125
4 0.6132812 0.7175781 0.0265625 0.0632812
0 0.5960937 0.7320313 0.0411458 0.0375000
4 0.5500000 0.8515625 0.0291667 0.0593750
1 0.4950521 0.6746094 0.0255208 0.0476562
4 0.4442708 0.5910156 0.0291667 0.0507812
4 0.6617188 0.4031250 0.0296875 0.0343750
1 0.6919271 0.5902344 0.0473958 0.0335937
1 0.4721354 0.4609375 0.0421875 0.0406250
0 0.2479167 0.3781250 0.0291667 0.0328125
2 0.5671875 0.3410156 0.0270833 0.0367188
3 0.7773438 0.6425781 0.0390625 0.0304687
4 0.6653646 0.5511719 0.0369792 0.0429688
3 0.6627604 0.5402344 0.0234375 0.0539063
5 0.7057292 0.6003906 0.0406250 0.0351562
5 0.4302083 0.2949219 0.0218750 0.0492187
0 0.3697917 0.2300781 0.0364583 0.0539063
4 0.6830729 0.2582031 0.0401042 0.0320312
1 0.3799479 0.2429688 0.0276042 0.0687500
4 0.6994792 0.3097656 0.0333333 0.0320312
2 0.4171875 0.2257812 0.0187500 0.0406250
4 0.5570312 0.5277344 0.0223958 0.0617188
3 0.5442708 0.6566406 0.0322917 0.0476562
5 0.6916667 0.1828125 0.0354167 0.0375000
0 0.3611979 0.2527344 0.0213542 0.0492187
0 0.4770833 0.6351562 0.0395833 0.0359375
4 0.7067708 0.5394531 0.0229167 0.0664062
4 0.7080729 0.3703125 0.0369792 0.0343750
0 0.5697917 0.2156250 0.0250000 0.0328125
4 0.4898438 0.2808594 0.0348958 0.0507812
3 0.4486979 0.6496094 0.0380208 0.0367188
0 0.3270833 0.3253906 0.0229167 0.0273438
3 0.5703125 0.3976562 0.0302083 0.0468750
0 0.4554687 0.0492187 0.0369792 0.0562500
4 0.3984375 0.9140625 0.0250000 0.0375000
4 0.6002604 0.5996094 0.0401042 0.0398437
4 0.5354167 0.2531250 0.0312500 0.0468750
4 0.6200521 0.6019531 0.0265625 0.0382813
2 0.5135417 0.5714844 0.0395833 0.0382813
5 0.3869792 0.3875000 0.0312500 0.0312500
4 0.6731771 0.6156250 0.0255208 0.0375000
1 0.6580729 0.5363281 0.0359375 0.0476562
0 0.7630208 0.6640625 0.0322917 0.0515625
1 0.6744792 0.7816406 0.0427083 0.0304687
5 0.2856771 0.5062500 0.0411458 0.0296875
3 0.6838542 0.4050781 0.0406250 0.0242188
3 0.5822917 0.5484375 0.0375000 0.0359375
0 0.6645833 0.4785156 0.0187500 0.0632812
1 0.2851562 0.3570313 0.0286458 0.0484375
3 0.6057292 0.7167969 0.0395833 0.0351562
1 0.6841146 0.3117187 0.0213542 0.0406250
2 0.4526042 0.2820313 0.0312500 0.0468750
1 0.3158854 0.6625000 0.0401042 0.0296875
3 0.5401042 0.8664063 0.0375000 0.0375000
4 0.3833333 0.5890625 0.0208333 0.0687500
0 0.5231771 0.3742187 0.0276042 0.0359375
4 0.6986979 0.5472656 0.0317708 0.0351562
5 0.7309896 0.6488281 0.0317708 0.0398437
9 0.4882812 0.6554688 0.0348958 0.0546875
9 0.4869792 0.2898438 0.0375000 0.0593750
11 0.7265625 0.4230469 0.0322917 0.0445313
10 0.6768229 0.3832031 0.0369792 0.0382813
11 0.6539063 0.5222656 0.0421875 0.0429688
6 0.6690104 0.6031250 0.0380208 0.0375000
8 0.5070313 0.6300781 0.0265625 0.0539063
8 0.4572917 0.8355469 0.0291667 0.0570312
8 0.6216146 0.5968750 0.0296875 0.0484375
8 0.8062500 0.4359375 0.0427083 0.0562500
8 0.3531250 0.5640625 0.0281250 0.0531250
6 0.3414063 0.7156250 0.0390625 0.0390625
