0 0.4484375 0.5960937 0.0531250 0.0406250
5 0.5346354 0.4144531 0.0307292 0.0664062
2 0.6416667 0.5277344 0.0531250 0.0601563
5 0.4281250 0.3710938 0.0531250 0.0453125
3 0.2804687 0.5859375 0.0619792 0.0421875
5 0.5075521 0.5675781 0.0328125 0.0679687
1 0.6895833 0.7855469 0.0552083 0.0398437
5 0.3859375 0.5167969 0.0270833 0.0382813
5 0.6466146 0.4417969 0.0307292 0.0695313
3 0.6684896 0.2140625 0.0265625 0.0812500
1 0.5825521 0.7425781 0.0453125 0.0570312
5 0.5950521 0.3902344 0.0609375 0.0335937
1 0.3653646 0.2625000 0.0348958 0.0781250
5 0.6674479 0.6117187 0.0557292 0.0390625
2 0.4591146 0.3949219 0.0432292 0.0835937
4 0.6940104 0.7855469 0.0578125 0.0398437
1 0.6442708 0.4410156 0.0447917 0.0414062
2 0.4619792 0.8437500 0.0520833 0.0421875
3 0.6781250 0.6597656 0.0416667 0.0710937
0 0.6718750 0.5898438 0.0583333 0.0406250
4 0.3283854 0.5316406 0.0515625 0.0414062
2 0.3619792 0.4031250 0.0541667 0.0703125
1 0.5861979 0.4449219 0.0453125 0.0476562
3 0.7125000 0.2960937 0.0625000 0.0453125
2 0.7393229 0.6847656 0.0546875 0.0476562
0 0.4559896 0.6507812 0.0546875 0.0484375
2 0.3869792 0.5796875 0.0572917 0.0390625
4 0.5317708 0.3847656 0.0322917 0.0367188
5 0.5481771 0.7273437 0.0588542 0.0421875
5 0.7687500 0.3394531 0.0281250 0.0726563
4 0.7125000 0.7281250 0.0312500 0.0718750
5 0.5143229 0.4910156 0.0265625 0.0351562
4 0.6346354 0.4613281 0.0432292 0.0554687
1 0.6419271 0.2226562 0.0317708 0.0406250
2 0.4770833 0.3304687 0.0500000 0.0437500
4 0.6765625 0.5406250 0.0375000 0.0734375
1 0.5979167 0.5039062 0.0614583 0.0593750
0 0.3104167 0.6535156 0.0406250 0.0773438
1 0.4166667 0.5136719 0.0239583 0.0492187
4 0.4869792 0.3476562 0.0187500 0.0687500
3 0.3554688 0.4671875 0.0453125 0.0437500
0 0.7015625 0.2605469 0.0593750 0.0382813
4 0.5778646 0.5152344 0.0338542 0.0414062
3 0.3106771 0.6773438 0.0265625 0.0359375
5 0.6661458 0.1359375 0.0510417 0.0406250
4 0.3572917 0.7074219 0.0541667 0.0429688
11 0.5010417 0.6738281 0.0322917 0.0742188
8 0.5843750 0.6894531 0.0541667 0.0554687
7 0.6184896 0.7007813 0.0494792 0.0500000
9 0.6468750 0.1992188 0.0479167 0.0546875
8 0.5005208 0.4640625 0.0395833 0.0687500
6 0.4447917 0.6949219 0.0500000 0.0726563
7 0.2664063 0.3789062 0.0328125 0.0734375
7 0.6968750 0.6039062 0.0437500 0.0500000
11 0.4856771 0.9531250 0.0390625 0.0796875
