0 0.6557292 0.5976562 0.0250000 0.0328125
0 0.2861979 0.5960937 0.0203125 0.0609375
2 0.6984375 0.4292969 0.0197917 0.0289063
1 0.6289062 0.5503906 0.0359375 0.0257812
0 0.6002604 0.5687500 0.0255208 0.0359375
0 0.6953125 0.3625000 0.0239583 0.0437500
0 0.6083333 0.4183594 0.0427083 0.0304687
5 0.5888021 0.8492188 0.0276042 0.0343750
2 0.4739583 0.1531250 0.0395833 0.0328125
4 0.6703125 0.4042969 0.0447917 0.0304687
5 0.7838542 0.5542969 0.0291667 0.0382813
0 0.4677083 0.2558594 0.0208333 0.0601563
2 0.7062500 0.3484375 0.0364583 0.0484375
1 0.5265625 0.5992188 0.0395833 0.0296875
4 0.6380208 0.5031250 0.0250000 0.0500000
2 0.4911458 0.4429688 0.0375000 0.0296875
4 0.7880208 0.5648437 0.0343750 0.0296875
3 0.4791667 0.2207031 0.0218750 0.0679687
5 0.4591146 0.6460938 0.0223958 0.0593750
0 0.6294271 0.4179688 0.0213542 0.0671875
5 0.3466146 0.6421875 0.0255208 0.0671875
5 0.5096354 0.4812500 0.0432292 0.0328125
4 0.5221354 0.2542969 0.0411458 0.0289063
5 0.6666667 0.4515625 0.0416667 0.0421875
4 0.5466146 0.5429688 0.0223958 0.0421875
5 0.5981771 0.5425781 0.0338542 0.0351562
4 0.3955729 0.5195312 0.0265625 0.0468750
5 0.5843750 0.2457031 0.0281250 0.0648438
11 0.4953125 0.3332031 0.0312500 0.0539063
10 0.5513021 0.7359375 0.0359375 0.0359375
10 0.7533854 0.5546875 0.0359375 0.0359375
10 0.4466146 0.3945312 0.0338542 0.0515625
10 0.5742188 0.3261719 0.0338542 0.0367188
6 0.7122396 0.5570312 0.0380208 0.0484375
11 0.7138021 0.5281250 0.0369792 0.0359375
7 0.5265625 0.4429688 0.0333333 0.0515625
7 0.6330729 0.6492187 0.0317708 0.0500000
11 0.6994792 0.7398438 0.0375000 0.0406250
6 0.6914062 0.7953125 0.0390625 0.0390625
