2 0.3265625 0.8078125 0.0322917 0.0421875
1 0.5575521 0.4468750 0.0348958 0.0375000
4 0.7143229 0.5746094 0.0203125 0.0554687
3 0.7916667 0.4332031 0.0281250 0.0554687
4 0.2088542 0.4644531 0.0322917 0.0507812
5 0.5609375 0.4199219 0.0197917 0.0320312
5 0.5031250 0.7414063 0.0312500 0.0437500
5 0.5729167 0.3796875 0.0218750 0.0218750
2 0.7291667 0.8074219 0.0395833 0.0382813
5 0.5458333 0.1914062 0.0218750 0.0562500
5 0.5117188 0.5246094 0.0255208 0.0320312
5 0.7510417 0.3796875 0.0333333 0.0484375
4 0.5289063 0.3257813 0.0401042 0.0250000
3 0.4658854 0.1160156 0.0296875 0.0585938
2 0.4731771 0.5480469 0.0390625 0.0382813
9 0.6130208 0.5488281 0.0333333 0.0507812
6 0.4776042 0.8507813 0.0385417 0.0593750
11 0.6507812 0.6460938 0.0328125 0.0531250
10 0.4541667 0.3667969 0.0312500 0.0601563
11 0.5000000 0.9359375 0.0406250 0.0546875
11 0.4067708 0.4367187 0.0364583 0.0406250
8 0.7294271 0.5683594 0.0401042 0.0492187
8 0.4114583 0.4121094 0.0385417 0.0382813
10 0.6325521 0.1570313 0.0380208 0.0484375
10 0.3809896 0.8117188 0.0369792 0.0359375
8 0.6093750 0.5660156 0.0375000 0.0367188
10 0.5393229 0.8972656 0.0286458 0.0570312
10 0.4843750 0.4300781 0.0281250 0.0414062
8 0.7200521 0.7605469 0.0317708 0.0585938
6 0.3101563 0.3753906 0.0432292 0.0539063
8 0.5057292 0.5539063 0.0364583 0.0359375
