5 0.4330729 0.6402344 0.0557292 0.0476562
0 0.7156250 0.3777344 0.0572917 0.0554687
4 0.3804688 0.5617188 0.0296875 0.0515625
1 0.7835937 0.4027344 0.0494792 0.0570312
0 0.3041667 0.5207031 0.0572917 0.0414062
1 0.5395833 0.4824219 0.0531250 0.0382813
2 0.6111979 0.5687500 0.0369792 0.0750000
5 0.2638021 0.3777344 0.0526042 0.0429688
3 0.3002604 0.4253906 0.0505208 0.0460938
1 0.6885417 0.3890625 0.0552083 0.0421875
3 0.6257812 0.5371094 0.0401042 0.0476562
1 0.4700521 0.8031250 0.0255208 0.0515625
5 0.5489583 0.3304687 0.0395833 0.0625000
4 0.6640625 0.3414063 0.0583333 0.0437500
5 0.5270833 0.5792969 0.0572917 0.0492187
5 0.3190104 0.1925781 0.0546875 0.0382813
1 0.4559896 0.2976563 0.0348958 0.0640625
4 0.4510417 0.5953125 0.0260417 0.0500000
1 0.6770833 0.5308594 0.0531250 0.0382813
2 0.7411458 0.5078125 0.0593750 0.0468750
4 0.4947917 0.6828125 0.0500000 0.0468750
1 0.4677083 0.5394531 0.0572917 0.0398437
4 0.3382812 0.2871094 0.0411458 0.0507812
2 0.4398437 0.7789063 0.0380208 0.0546875
0 0.6570312 0.4296875 0.0494792 0.0593750
3 0.3166667 0.2656250 0.0343750 0.0750000
4 0.5828125 0.2902344 0.0500000 0.0492187
3 0.7708333 0.4226563 0.0479167 0.0421875
4 0.4570312 0.3511719 0.0515625 0.0320312
2 0.3562500 0.4847656 0.0416667 0.0570312
1 0.5057292 0.8156250 0.0260417 0.0390625
0 0.6411458 0.1000000 0.0541667 0.0484375
2 0.5755208 0.8210937 0.0479167 0.0484375
5 0.5906250 0.3199219 0.0250000 0.0507812
3 0.3057292 0.6042969 0.0218750 0.0679687
3 0.2885417 0.2902344 0.0541667 0.0335937
1 0.6072917 0.2921875 0.0531250 0.0500000
5 0.5539063 0.5601563 0.0546875 0.0359375
3 0.3789062 0.5906250 0.0578125 0.0468750
4 0.5768229 0.7476563 0.0369792 0.0765625
0 0.6747396 0.4519531 0.0567708 0.0492187
3 0.6494792 0.3023438 0.0437500 0.0453125
2 0.5726562 0.1578125 0.0557292 0.0453125
0 0.5924479 0.5031250 0.0526042 0.0375000
1 0.4169271 0.1519531 0.0296875 0.0914062
3 0.6406250 0.5847656 0.0614583 0.0523438
4 0.6515625 0.6636719 0.0531250 0.0648438
5 0.6286458 0.2828125 0.0562500 0.0578125
3 0.5460938 0.3710938 0.0557292 0.0390625
1 0.6255208 0.7683594 0.0520833 0.0382813
2 0.5479167 0.1453125 0.0343750 0.0421875
1 0.7786458 0.4988281 0.0500000 0.0507812
1 0.5684896 0.4808594 0.0380208 0.0492187
4 0.6854167 0.2636719 0.0541667 0.0398437
0 0.5968750 0.5753906 0.0520833 0.0382813
3 0.3179688 0.1277344 0.0588542 0.0367188
2 0.4091146 0.7933594 0.0348958 0.0742188
3 0.6783854 0.8632812 0.0588542 0.0453125
2 0.5359375 0.6117187 0.0385417 0.0828125
3 0.2671875 0.3179688 0.0572917 0.0468750
0 0.6075521 0.6605469 0.0338542 0.0414062
0 0.5093750 0.7750000 0.0520833 0.0328125
1 0.6731771 0.2648437 0.0526042 0.0468750
5 0.5515625 0.6695313 0.0500000 0.0546875
11 0.6398438 0.8750000 0.0526042 0.0500000
6 0.7536458 0.7503906 0.0385417 0.0789062
7 0.3580729 0.3664062 0.0484375 0.0484375
7 0.2468750 0.7898437 0.0489583 0.0531250
10 0.7364583 0.6015625 0.0364583 0.0546875
9 0.6958333 0.8593750 0.0531250 0.0515625
8 0.4125000 0.5726562 0.0479167 0.0484375
9 0.5565104 0.8257813 0.0526042 0.0515625
