2 0.6869792 0.6292969 0.0677083 0.0804688
4 0.5791667 0.4535156 0.0510417 0.0851563
4 0.5289063 0.5593750 0.0588542 0.1156250
4 0.6822917 0.7156250 0.0614583 0.0671875
3 0.5359375 0.5605469 0.0937500 0.0679687
1 0.7794271 0.8062500 0.0755208 0.0671875
3 0.6820312 0.5972656 0.0453125 0.0867187
3 0.5130208 0.4699219 0.0677083 0.1601562
2 0.7242188 0.5957031 0.0776042 0.0882813
3 0.5075521 0.5753906 0.0828125 0.1007813
4 0.3476562 0.6902344 0.0661458 0.0929688
1 0.3067708 0.3195312 0.0552083 0.1156250
5 0.7161458 0.5953125 0.1114583 0.0781250
3 0.2776042 0.3976562 0.0916667 0.0906250
2 0.5580729 0.2644531 0.1057292 0.0835937
4 0.6752604 0.8226562 0.0973958 0.0546875
2 0.2690104 0.6136719 0.0494792 0.1007813
4 0.4893229 0.1703125 0.0953125 0.1359375
5 0.6640625 0.6898437 0.0572917 0.1343750
1 0.5890625 0.2628906 0.0770833 0.1007813
1 0.3981771 0.8593750 0.0942708 0.0843750
2 0.2424479 0.4503906 0.0692708 0.1257813
1 0.5877604 0.4753906 0.1088542 0.0882813
1 0.6544271 0.1929687 0.0994792 0.0625000
5 0.4773438 0.6011719 0.0859375 0.0648438
5 0.4005208 0.2242187 0.0562500 0.1359375
3 0.2786458 0.7105469 0.0687500 0.0679687
0 0.5510417 0.2609375 0.0500000 0.1546875
4 0.3234375 0.0332031 0.0812500 0.0664062
0 0.5546875 0.0703125 0.0822917 0.1406250
5 0.2567708 0.3015625 0.1093750 0.0718750
0 0.7346354 0.5621094 0.0973958 0.0804688
5 0.4507813 0.4441406 0.0734375 0.1585938
1 0.6591146 0.4046875 0.1036458 0.0750000
3 0.5468750 0.6453125 0.0520833 0.1046875
4 0.3354167 0.3468750 0.1114583 0.0812500
0 0.5250000 0.4046875 0.1031250 0.0781250
2 0.4031250 0.8542969 0.1020833 0.0867187
0 0.5205729 0.7808594 0.1036458 0.0867187
1 0.6455729 0.5613281 0.0932292 0.1007813
4 0.6557292 0.6445312 0.1072917 0.1296875
5 0.4091146 0.4964844 0.0536458 0.1632812
0 0.5132813 0.6125000 0.0661458 0.0812500
2 0.6372396 0.4910156 0.0848958 0.1085938
4 0.5320312 0.9207031 0.1078125 0.0773438
2 0.7114583 0.4406250 0.0947917 0.1343750
4 0.3445313 0.5070313 0.0973958 0.1156250
5 0.7083333 0.3468750 0.1062500 0.0734375
1 0.4437500 0.3296875 0.1093750 0.0687500
0 0.6648437 0.4316406 0.0880208 0.0976562
5 0.4130208 0.6550781 0.1052083 0.0742188
0 0.6588542 0.6324219 0.0989583 0.0539063
4 0.6815104 0.2671875 0.0953125 0.1000000
0 0.7088542 0.4671875 0.1083333 0.0750000
1 0.5132813 0.1347656 0.0921875 0.1195313
4 0.6252604 0.1734375 0.0619792 0.1718750
1 0.4291667 0.6957031 0.0604167 0.1570313
1 0.6104167 0.6289062 0.1114583 0.1109375
3 0.6750000 0.4828125 0.1010417 0.0625000
5 0.6367188 0.6933594 0.1015625 0.0695313
4 0.2421875 0.1703125 0.1083333 0.0718750
4 0.5591146 0.5769531 0.0765625 0.1117188
2 0.5062500 0.5281250 0.0791667 0.1046875
5 0.2627604 0.6949219 0.1067708 0.0851563
2 0.5283854 0.4246094 0.0640625 0.1539062
3 0.5393229 0.1625000 0.0713542 0.1093750
2 0.5096354 0.7242188 0.0828125 0.1640625
2 0.6598958 0.5976562 0.1177083 0.0828125
4 0.4596354 0.3984375 0.0744792 0.0593750
2 0.5018229 0.5332031 0.0557292 0.0914062
2 0.4203125 0.6398438 0.0833333 0.1296875
1 0.5393229 0.5875000 0.0901042 0.0765625
2 0.6231771 0.5234375 0.0880208 0.1515625
5 0.4609375 0.4050781 0.0645833 0.1039063
0 0.5500000 0.9035156 0.0687500 0.1351563
5 0.6591146 0.3050781 0.0578125 0.1101562
0 0.5789062 0.2574219 0.0671875 0.1257813
1 0.4117188 0.7632813 0.0473958 0.1015625
0 0.4848958 0.1812500 0.0750000 0.1468750
1 0.5932292 0.6964844 0.0510417 0.0945312
11 0.3893229 0.2988281 0.0953125 0.1101562
9 0.3119792 0.5031250 0.0864583 0.1343750
10 0.3757813 0.1753906 0.1067708 0.1648438
11 0.5135417 0.7804688 0.0718750 0.1484375
6 0.5820312 0.1699219 0.0901042 0.1445312
