0 0.5703125 0.6175781 0.0395833 0.0351562
2 0.4054687 0.3906250 0.0453125 0.0312500
4 0.7049479 0.6003906 0.0317708 0.0429688
0 0.5492187 0.1875000 0.0255208 0.0609375
0 0.3981771 0.7316406 0.0421875 0.0460938
3 0.5908854 0.2976563 0.0421875 0.0234375
4 0.5179687 0.4226563 0.0255208 0.0437500
1 0.5768229 0.3496094 0.0359375 0.0320312
0 0.3960938 0.6171875 0.0421875 0.0281250
3 0.7908854 0.8097656 0.0442708 0.0382813
4 0.6023437 0.5742188 0.0192708 0.0281250
9 0.5393229 0.7007813 0.0328125 0.0359375
11 0.3908854 0.2496094 0.0296875 0.0585938
10 0.5273438 0.3890625 0.0338542 0.0359375
8 0.4187500 0.2980469 0.0270833 0.0648438
8 0.5041667 0.2597656 0.0260417 0.0570312
6 0.4359375 0.6886719 0.0375000 0.0492187
9 0.4877604 0.6140625 0.0369792 0.0578125
8 0.7494792 0.7882813 0.0406250 0.0453125
7 0.5976562 0.8355469 0.0380208 0.0367188
11 0.5455729 0.5167969 0.0328125 0.0585938
6 0.4244792 0.7117187 0.0250000 0.0546875
9 0.6914062 0.6203125 0.0401042 0.0406250
