3 0.6398438 0.7160156 0.0151042 0.0382813
4 0.7778646 0.5460938 0.0130208 0.0187500
5 0.6169271 0.2312500 0.0192708 0.0375000
4 0.4958333 0.3589844 0.0270833 0.0257812
0 0.5648437 0.4289062 0.0244792 0.0187500
0 0.5372396 0.6214844 0.0171875 0.0382813
4 0.4992187 0.5933594 0.0255208 0.0195312
2 0.7562500 0.4152344 0.0229167 0.0289063
1 0.5921875 0.2656250 0.0197917 0.0328125
2 0.8013021 0.6523438 0.0276042 0.0218750
3 0.5755208 0.5527344 0.0197917 0.0273438
3 0.5263021 0.7554688 0.0151042 0.0234375
2 0.5851563 0.2894531 0.0182292 0.0273438
2 0.4486979 0.4523437 0.0213542 0.0203125
3 0.5515625 0.3417969 0.0156250 0.0195312
1 0.6385417 0.5863281 0.0177083 0.0179687
1 0.3239583 0.7953125 0.0135417 0.0390625
1 0.6455729 0.6058594 0.0255208 0.0179687
3 0.6197917 0.4816406 0.0177083 0.0195312
1 0.4382813 0.2964844 0.0161458 0.0382813
3 0.4369792 0.5425781 0.0250000 0.0195312
1 0.5234375 0.4792969 0.0250000 0.0164063
5 0.6294271 0.2742188 0.0140625 0.0406250
2 0.7085938 0.5277344 0.0223958 0.0289063
3 0.6783854 0.3109375 0.0255208 0.0281250
3 0.2914062 0.1660156 0.0276042 0.0242188
3 0.6125000 0.4773438 0.0281250 0.0203125
0 0.7453125 0.4980469 0.0135417 0.0304687
4 0.5632812 0.6199219 0.0203125 0.0273438
1 0.5023437 0.5632812 0.0151042 0.0281250
4 0.5153646 0.2878906 0.0265625 0.0179687
0 0.6416667 0.5343750 0.0260417 0.0250000
5 0.5075521 0.5351562 0.0244792 0.0218750
4 0.3377604 0.5355469 0.0276042 0.0257812
4 0.4179688 0.2179687 0.0265625 0.0203125
4 0.6559896 0.6101562 0.0140625 0.0390625
3 0.4369792 0.2992187 0.0187500 0.0328125
4 0.3953125 0.2199219 0.0177083 0.0273438
1 0.6226563 0.5035156 0.0255208 0.0226562
1 0.4591146 0.5882812 0.0255208 0.0296875
2 0.7328125 0.5636719 0.0291667 0.0226562
3 0.4765625 0.6753906 0.0166667 0.0414062
5 0.4041667 0.7535156 0.0156250 0.0382813
3 0.4307292 0.1925781 0.0229167 0.0195312
3 0.6434896 0.8687500 0.0192708 0.0390625
1 0.6533854 0.3906250 0.0286458 0.0234375
4 0.6690104 0.4171875 0.0244792 0.0171875
5 0.4989583 0.7164063 0.0197917 0.0281250
0 0.4278646 0.3121094 0.0265625 0.0242188
4 0.6898437 0.5601563 0.0276042 0.0250000
2 0.7864583 0.5437500 0.0239583 0.0281250
0 0.6216146 0.5621094 0.0223958 0.0273438
4 0.7354167 0.5085937 0.0187500 0.0328125
0 0.4031250 0.3468750 0.0187500 0.0437500
5 0.7520833 0.5214844 0.0187500 0.0210938
5 0.6273437 0.4132812 0.0265625 0.0187500
5 0.3908854 0.4046875 0.0234375 0.0234375
4 0.6979167 0.5683594 0.0229167 0.0257812
4 0.7044271 0.6332031 0.0130208 0.0335937
5 0.3645833 0.5152344 0.0260417 0.0195312
2 0.7140625 0.1156250 0.0291667 0.0187500
5 0.4593750 0.7386719 0.0135417 0.0335937
8 0.5549479 0.6289062 0.0244792 0.0234375
