2 0.4036458 0.6562500 0.0437500 0.0437500
1 0.3388021 0.5800781 0.0244792 0.0679687
5 0.5898438 0.5714844 0.0473958 0.0367188
5 0.6773438 0.7015625 0.0338542 0.0500000
4 0.6945313 0.3328125 0.0484375 0.0343750
0 0.5916667 0.6316406 0.0270833 0.0476562
2 0.5294271 0.3074219 0.0307292 0.0585938
1 0.6395833 0.4074219 0.0520833 0.0398437
0 0.5427083 0.7160156 0.0333333 0.0632812
0 0.4796875 0.1500000 0.0468750 0.0343750
0 0.5914063 0.3429687 0.0348958 0.0515625
4 0.4572917 0.6226563 0.0489583 0.0421875
1 0.6138021 0.3531250 0.0473958 0.0328125
4 0.4007812 0.5351562 0.0463542 0.0328125
0 0.6557292 0.5507812 0.0468750 0.0281250
4 0.4601562 0.2976563 0.0255208 0.0359375
2 0.6796875 0.6460938 0.0447917 0.0421875
3 0.5372396 0.6960937 0.0380208 0.0453125
4 0.6763021 0.2191406 0.0348958 0.0320312
0 0.4278646 0.4941406 0.0286458 0.0492187
4 0.6588542 0.4355469 0.0447917 0.0304687
4 0.6145833 0.6316406 0.0364583 0.0664062
2 0.2833333 0.5984375 0.0468750 0.0484375
4 0.5020833 0.1730469 0.0322917 0.0726563
1 0.3268229 0.4113281 0.0463542 0.0414062
0 0.4947917 0.3046875 0.0416667 0.0312500
1 0.3812500 0.6417969 0.0208333 0.0523438
3 0.5528646 0.3304687 0.0453125 0.0312500
0 0.6627604 0.4292969 0.0213542 0.0664062
3 0.5718750 0.7308594 0.0447917 0.0351562
0 0.3731771 0.4382813 0.0328125 0.0515625
2 0.3528646 0.5656250 0.0276042 0.0468750
5 0.5625000 0.2843750 0.0260417 0.0734375
2 0.4986979 0.5753906 0.0390625 0.0476562
3 0.5398437 0.3542969 0.0484375 0.0382813
1 0.4460938 0.3593750 0.0390625 0.0578125
3 0.4851563 0.2785156 0.0296875 0.0476562
0 0.6135417 0.3175781 0.0489583 0.0382813
3 0.2937500 0.5683594 0.0447917 0.0289063
3 0.6117187 0.3789062 0.0432292 0.0375000
5 0.4588542 0.6652344 0.0281250 0.0726563
0 0.4453125 0.4972656 0.0291667 0.0445313
5 0.3450521 0.4570312 0.0223958 0.0671875
2 0.5609375 0.9000000 0.0270833 0.0703125
3 0.6091146 0.1824219 0.0265625 0.0367188
2 0.5153646 0.2804687 0.0255208 0.0578125
3 0.4138021 0.3253906 0.0234375 0.0664062
1 0.5260417 0.1851562 0.0281250 0.0671875
5 0.6096354 0.4664063 0.0276042 0.0640625
2 0.6346354 0.2761719 0.0286458 0.0710937
0 0.4453125 0.3496094 0.0270833 0.0429688
1 0.4440104 0.8660156 0.0463542 0.0335937
0 0.6658854 0.3289063 0.0442708 0.0375000
10 0.5763021 0.2480469 0.0369792 0.0539063
8 0.5502604 0.5730469 0.0473958 0.0585938
7 0.7502604 0.6449219 0.0494792 0.0523438
8 0.3911458 0.3886719 0.0437500 0.0445313
6 0.5208333 0.0265625 0.0302083 0.0531250
6 0.6778646 0.4910156 0.0328125 0.0648438
8 0.5565104 0.5828125 0.0473958 0.0468750
7 0.4341146 0.1828125 0.0390625 0.0546875
7 0.5546875 0.0625000 0.0291667 0.0687500
9 0.5713542 0.4402344 0.0479167 0.0460938
6 0.5812500 0.1519531 0.0312500 0.0710937
9 0.2523437 0.3808594 0.0390625 0.0429688
6 0.3166667 0.7308594 0.0343750 0.0414062
10 0.6361979 0.7148438 0.0432292 0.0671875
11 0.6682292 0.6386719 0.0375000 0.0679687
