3 0.6213542 0.1714844 0.0468750 0.1179687
4 0.4101562 0.1910156 0.0744792 0.0804688
3 0.6049479 0.6992188 0.0765625 0.0609375
0 0.6268229 0.6761719 0.0421875 0.0882813
5 0.4973958 0.4660156 0.0687500 0.0585938
4 0.3468750 0.1699219 0.0802083 0.0851563
4 0.4583333 0.4238281 0.0447917 0.0898438
1 0.6513021 0.4101562 0.0661458 0.0828125
3 0.3882813 0.5769531 0.0421875 0.1007813
0 0.4942708 0.7003906 0.0666667 0.0726563
1 0.4437500 0.8273438 0.0687500 0.0796875
5 0.5208333 0.7332031 0.0572917 0.1210938
4 0.4286458 0.2367188 0.0656250 0.0671875
2 0.5471354 0.6390625 0.0765625 0.0625000
4 0.5638021 0.2621094 0.0609375 0.0695313
5 0.5002604 0.9019531 0.0817708 0.0585938
1 0.4890625 0.3324219 0.0697917 0.0445313
1 0.2981771 0.2742188 0.0578125 0.0968750
1 0.3486979 0.4660156 0.0817708 0.0585938
1 0.4583333 0.1683594 0.0718750 0.0554687
4 0.4531250 0.4468750 0.0468750 0.1046875
2 0.5664062 0.1062500 0.0432292 0.0625000
3 0.3468750 0.5003906 0.0791667 0.0710937
2 0.4744792 0.5996094 0.0635417 0.1101562
0 0.4348958 0.8101563 0.0770833 0.0843750
3 0.6544271 0.2277344 0.0744792 0.0539063
0 0.2083333 0.4410156 0.0750000 0.0742188
0 0.4604167 0.1613281 0.0802083 0.0648438
3 0.6085938 0.4003906 0.0463542 0.0804688
2 0.2653646 0.1726563 0.0473958 0.1125000
2 0.5497396 0.4437500 0.0432292 0.0656250
2 0.6268229 0.7796875 0.0817708 0.0796875
4 0.3768229 0.7347656 0.0390625 0.1179687
5 0.7031250 0.4695313 0.0864583 0.0593750
5 0.5791667 0.5816406 0.0645833 0.0617188
3 0.5234375 0.3714844 0.0510417 0.1351563
5 0.6385417 0.4101562 0.0718750 0.0640625
0 0.2367188 0.8648438 0.0890625 0.0531250
4 0.5591146 0.9539062 0.0578125 0.0906250
1 0.2661458 0.3898437 0.0645833 0.0875000
8 0.5578125 0.5906250 0.0614583 0.1062500
11 0.5546875 0.2750000 0.0447917 0.1015625
6 0.6075521 0.1128906 0.0765625 0.0757812
9 0.6330729 0.7906250 0.0776042 0.0765625
8 0.3695312 0.5179687 0.0567708 0.1015625
8 0.5854167 0.2375000 0.0687500 0.0765625
11 0.5950521 0.5375000 0.0828125 0.0906250
9 0.3502604 0.5765625 0.0536458 0.1203125
