3 0.3815104 0.8246094 0.0171875 0.0335937
4 0.4307292 0.1121094 0.0218750 0.0226562
2 0.7757812 0.5722656 0.0234375 0.0179687
4 0.3445313 0.3058594 0.0255208 0.0195312
2 0.6434896 0.2792969 0.0119792 0.0289063
1 0.5734375 0.4156250 0.0125000 0.0343750
3 0.6419271 0.5031250 0.0192708 0.0359375
3 0.7229167 0.3320312 0.0187500 0.0203125
3 0.6166667 0.2929688 0.0260417 0.0187500
3 0.5554687 0.7175781 0.0255208 0.0195312
2 0.6570312 0.2906250 0.0213542 0.0312500
5 0.6356771 0.8355469 0.0161458 0.0429688
2 0.4929688 0.6820312 0.0203125 0.0218750
5 0.5187500 0.2785156 0.0135417 0.0382813
4 0.5380208 0.9058594 0.0218750 0.0273438
0 0.6468750 0.1781250 0.0229167 0.0250000
1 0.4385417 0.4460938 0.0197917 0.0156250
3 0.2710938 0.5414062 0.0265625 0.0234375
2 0.3963542 0.6417969 0.0208333 0.0304687
2 0.5200521 0.8324219 0.0192708 0.0335937
5 0.6992188 0.4609375 0.0286458 0.0203125
9 0.4953125 0.6609375 0.0177083 0.0375000
7 0.3125000 0.6273437 0.0229167 0.0281250
10 0.4013021 0.2949219 0.0234375 0.0226562
