3 0.3213542 0.6585937 0.0406250 0.0453125
3 0.6671875 0.2332031 0.0458333 0.0351562
4 0.3781250 0.5550781 0.0343750 0.0351562
5 0.4104167 0.4335938 0.0479167 0.0375000
5 0.5562500 0.5800781 0.0291667 0.0382813
4 0.4682292 0.2230469 0.0291667 0.0445313
5 0.6955729 0.9125000 0.0442708 0.0359375
2 0.6598958 0.3960938 0.0322917 0.0546875
5 0.2786458 0.5488281 0.0416667 0.0273438
1 0.2585938 0.3531250 0.0411458 0.0312500
5 0.6309896 0.6269531 0.0265625 0.0585938
4 0.5549479 0.7457031 0.0213542 0.0632812
4 0.5526042 0.5773438 0.0447917 0.0328125
2 0.4242187 0.5089844 0.0328125 0.0429688
11 0.4580729 0.4222656 0.0359375 0.0507812
10 0.3742187 0.1593750 0.0380208 0.0625000
8 0.5473958 0.4250000 0.0458333 0.0500000
9 0.4242187 0.4269531 0.0421875 0.0460938
6 0.6359375 0.6664062 0.0395833 0.0390625
8 0.6497396 0.5304688 0.0421875 0.0656250
7 0.4567708 0.5453125 0.0375000 0.0453125
10 0.4411458 0.7863281 0.0343750 0.0601563
