3 0.4098958 0.8261719 0.0302083 0.0242188
3 0.6187500 0.2437500 0.0239583 0.0390625
0 0.4596354 0.2054688 0.0234375 0.0328125
5 0.4062500 0.4433594 0.0281250 0.0273438
1 0.5299479 0.5179687 0.0307292 0.0218750
0 0.4231771 0.3164062 0.0182292 0.0218750
1 0.5242187 0.4054687 0.0192708 0.0468750
2 0.6825521 0.3300781 0.0182292 0.0210938
1 0.4354167 0.7890625 0.0197917 0.0296875
2 0.5651042 0.7503906 0.0312500 0.0257812
0 0.6398438 0.3839844 0.0203125 0.0273438
5 0.5945312 0.4750000 0.0151042 0.0312500
0 0.4901042 0.5406250 0.0145833 0.0343750
1 0.3210938 0.3082031 0.0307292 0.0226562
0 0.2375000 0.3726563 0.0229167 0.0296875
2 0.4526042 0.7609375 0.0229167 0.0218750
1 0.5096354 0.6035156 0.0213542 0.0351562
5 0.5239583 0.3375000 0.0260417 0.0343750
0 0.4125000 0.1750000 0.0197917 0.0265625
0 0.6953125 0.3542969 0.0239583 0.0320312
2 0.5656250 0.3398438 0.0229167 0.0250000
1 0.2924479 0.2468750 0.0213542 0.0453125
4 0.5325521 0.4914062 0.0234375 0.0296875
1 0.3953125 0.5242187 0.0187500 0.0437500
4 0.6869792 0.7722656 0.0135417 0.0429688
3 0.5486979 0.4820313 0.0328125 0.0265625
5 0.5867187 0.2562500 0.0171875 0.0218750
1 0.5080729 0.6675781 0.0234375 0.0257812
4 0.6976562 0.7777344 0.0119792 0.0414062
4 0.3700521 0.4148438 0.0296875 0.0250000
4 0.4695313 0.8031250 0.0203125 0.0421875
2 0.3143229 0.6164063 0.0296875 0.0218750
5 0.6669271 0.2562500 0.0213542 0.0437500
3 0.6601562 0.8148437 0.0317708 0.0218750
11 0.6054688 0.4621094 0.0296875 0.0382813
7 0.4929688 0.0292969 0.0244792 0.0382813
