2 0.5736979 0.4664063 0.0276042 0.0218750
1 0.5372396 0.4496094 0.0328125 0.0210938
5 0.4213542 0.7761719 0.0302083 0.0320312
4 0.4281250 0.4972656 0.0187500 0.0289063
2 0.6111979 0.6253906 0.0182292 0.0507812
5 0.5002604 0.7269531 0.0244792 0.0304687
3 0.3861979 0.8582031 0.0213542 0.0539063
5 0.6731771 0.6890625 0.0307292 0.0453125
0 0.3807292 0.3449219 0.0208333 0.0351562
2 0.6960937 0.6894531 0.0369792 0.0257812
2 0.7200521 0.3488281 0.0317708 0.0320312
1 0.2989583 0.3546875 0.0322917 0.0359375
1 0.6218750 0.6769531 0.0302083 0.0460938
3 0.5934896 0.8023438 0.0161458 0.0562500
4 0.5109375 0.2132813 0.0281250 0.0281250
1 0.5200521 0.6476563 0.0286458 0.0421875
3 0.3320312 0.2046875 0.0348958 0.0312500
2 0.3643229 0.5875000 0.0369792 0.0265625
4 0.6067708 0.3707031 0.0375000 0.0257812
5 0.3018229 0.3339844 0.0192708 0.0304687
0 0.5841146 0.4222656 0.0338542 0.0367188
3 0.7531250 0.5707031 0.0333333 0.0273438
3 0.2981771 0.4765625 0.0234375 0.0484375
4 0.4283854 0.3910156 0.0286458 0.0335937
5 0.5747396 0.5378906 0.0359375 0.0429688
2 0.3200521 0.6914062 0.0348958 0.0296875
2 0.3695312 0.5617188 0.0390625 0.0359375
5 0.4723958 0.5132813 0.0218750 0.0296875
0 0.6096354 0.7273437 0.0307292 0.0234375
5 0.7096354 0.5250000 0.0328125 0.0312500
5 0.6367188 0.6410156 0.0286458 0.0476562
4 0.6864583 0.4328125 0.0229167 0.0296875
5 0.4151042 0.5484375 0.0166667 0.0437500
5 0.5148438 0.4746094 0.0192708 0.0539063
4 0.5466146 0.6550781 0.0286458 0.0304687
3 0.2825521 0.5039062 0.0171875 0.0328125
2 0.5174479 0.3500000 0.0348958 0.0265625
4 0.5971354 0.5035156 0.0286458 0.0226562
2 0.6791667 0.3417969 0.0354167 0.0429688
5 0.6544271 0.8160156 0.0276042 0.0523438
5 0.5580729 0.4953125 0.0213542 0.0296875
0 0.4929688 0.8765625 0.0276042 0.0296875
0 0.7388021 0.5335937 0.0255208 0.0390625
0 0.5859375 0.1339844 0.0364583 0.0304687
5 0.3434896 0.1847656 0.0223958 0.0226562
1 0.3028646 0.3796875 0.0182292 0.0578125
2 0.6190104 0.3839844 0.0359375 0.0273438
1 0.3898437 0.6390625 0.0255208 0.0328125
1 0.2322917 0.4839844 0.0281250 0.0429688
5 0.2781250 0.6871094 0.0197917 0.0398437
5 0.2950521 0.7281250 0.0223958 0.0453125
5 0.6023437 0.7562500 0.0296875 0.0312500
5 0.5111979 0.5988281 0.0286458 0.0304687
5 0.3598958 0.3406250 0.0166667 0.0421875
4 0.2200521 0.5578125 0.0276042 0.0437500
5 0.6536458 0.3980469 0.0333333 0.0242188
4 0.5854167 0.8480469 0.0156250 0.0523438
0 0.7651042 0.6019531 0.0395833 0.0320312
7 0.5708333 0.5316406 0.0312500 0.0382813
10 0.3630208 0.2109375 0.0229167 0.0546875
10 0.4416667 0.8863281 0.0260417 0.0554687
10 0.6669271 0.3281250 0.0307292 0.0453125
7 0.1734375 0.5058594 0.0302083 0.0367188
8 0.5270833 0.4746094 0.0364583 0.0367188
7 0.3492188 0.7113281 0.0213542 0.0492187
6 0.6817708 0.5269531 0.0343750 0.0351562
9 0.4627604 0.7578125 0.0223958 0.0546875
8 0.6796875 0.5089844 0.0354167 0.0351562
