5 0.5669271 0.4687500 0.0359375 0.0578125
5 0.4729167 0.8441406 0.0260417 0.0726563
0 0.7330729 0.5464844 0.0286458 0.0476562
4 0.4223958 0.7320313 0.0229167 0.0437500
5 0.4812500 0.4734375 0.0375000 0.0281250
1 0.6117187 0.5402344 0.0244792 0.0476562
1 0.5315104 0.6515625 0.0223958 0.0296875
0 0.5268229 0.9281250 0.0473958 0.0328125
5 0.3820312 0.2394531 0.0203125 0.0726563
5 0.4083333 0.1039063 0.0447917 0.0375000
5 0.6752604 0.2632813 0.0380208 0.0578125
5 0.6950521 0.5789062 0.0494792 0.0375000
2 0.5549479 0.3238281 0.0484375 0.0320312
2 0.5723958 0.2417969 0.0239583 0.0617188
0 0.6609375 0.3488281 0.0354167 0.0523438
5 0.6218750 0.4714844 0.0489583 0.0492187
0 0.6023437 0.8460937 0.0276042 0.0687500
4 0.4622396 0.8429688 0.0401042 0.0484375
3 0.4432292 0.9074219 0.0218750 0.0617188
5 0.4492188 0.2585938 0.0296875 0.0531250
4 0.6739583 0.3910156 0.0510417 0.0335937
4 0.7138021 0.2035156 0.0265625 0.0664062
4 0.7617188 0.6558594 0.0307292 0.0429688
4 0.6984375 0.5035156 0.0218750 0.0414062
5 0.5945312 0.2851562 0.0401042 0.0343750
0 0.6723958 0.3304687 0.0270833 0.0546875
4 0.6645833 0.4851563 0.0395833 0.0296875
2 0.4440104 0.1250000 0.0401042 0.0546875
2 0.3221354 0.8359375 0.0484375 0.0328125
2 0.5549479 0.5539063 0.0286458 0.0328125
7 0.5455729 0.4339844 0.0484375 0.0476562
8 0.5226563 0.2625000 0.0390625 0.0484375
10 0.5575521 0.2406250 0.0421875 0.0453125
6 0.4067708 0.9011719 0.0416667 0.0414062
9 0.6372396 0.6652344 0.0432292 0.0414062
7 0.7002604 0.4785156 0.0442708 0.0554687
10 0.7716146 0.4515625 0.0473958 0.0453125
7 0.5888021 0.4285156 0.0296875 0.0695313
