2 0.4882812 0.8042969 0.0296875 0.0210938
5 0.3130208 0.6531250 0.0281250 0.0203125
3 0.6390625 0.2234375 0.0270833 0.0234375
4 0.2927083 0.6710938 0.0218750 0.0312500
4 0.7263021 0.3308594 0.0276042 0.0210938
5 0.2794271 0.3167969 0.0244792 0.0210938
0 0.5500000 0.1769531 0.0239583 0.0257812
1 0.4677083 0.7277344 0.0166667 0.0242188
3 0.6731771 0.3480469 0.0151042 0.0210938
0 0.5729167 0.3433594 0.0239583 0.0273438
4 0.3809896 0.2089844 0.0151042 0.0210938
4 0.5742188 0.6800781 0.0203125 0.0242188
2 0.5236979 0.4191406 0.0119792 0.0273438
0 0.4820313 0.6937500 0.0192708 0.0296875
3 0.6966146 0.5753906 0.0286458 0.0226562
3 0.6239583 0.5121094 0.0270833 0.0195312
0 0.5812500 0.3949219 0.0250000 0.0195312
5 0.5718750 0.2867188 0.0250000 0.0218750
1 0.6661458 0.3445313 0.0125000 0.0281250
4 0.3648438 0.7351562 0.0244792 0.0234375
1 0.5242187 0.9054688 0.0119792 0.0187500
8 0.5093750 0.6949219 0.0218750 0.0273438
10 0.3552083 0.2031250 0.0260417 0.0281250
