4 0.6205729 0.4218750 0.1067708 0.0812500
3 0.4950521 0.3660156 0.0921875 0.1039063
5 0.7479167 0.3058594 0.0781250 0.1210938
1 0.5934896 0.3167969 0.1140625 0.0773438
3 0.6291667 0.9199219 0.0447917 0.1570313
1 0.5812500 0.4085937 0.0677083 0.0765625
1 0.4169271 0.6203125 0.1046875 0.0750000
4 0.2953125 0.3980469 0.0552083 0.1507813
0 0.6098958 0.3589844 0.0447917 0.1367188
2 0.5057292 0.1984375 0.0635417 0.1562500
4 0.6036458 0.4058594 0.1156250 0.1085938
4 0.5440104 0.6507812 0.1140625 0.0796875
5 0.5424479 0.2308594 0.0567708 0.1757812
4 0.3721354 0.1921875 0.0796875 0.1515625
2 0.5554687 0.7519531 0.0901042 0.1257813
1 0.6429687 0.8144531 0.1026042 0.0695313
1 0.6653646 0.3371094 0.1005208 0.0835937
1 0.5630208 0.4875000 0.1062500 0.0875000
0 0.3776042 0.5332031 0.0781250 0.1398437
5 0.2989583 0.5175781 0.1135417 0.0976562
5 0.4380208 0.2078125 0.0895833 0.1250000
3 0.4127604 0.7171875 0.1119792 0.1250000
2 0.4526042 0.2175781 0.0854167 0.1335938
5 0.5033854 0.8167969 0.1036458 0.1179687
4 0.4937500 0.2230469 0.0510417 0.1570313
3 0.5161458 0.8300781 0.0843750 0.1195313
5 0.6468750 0.7777344 0.1166667 0.0804688
1 0.3713542 0.2335937 0.0635417 0.1265625
3 0.4296875 0.8226562 0.0885417 0.1343750
3 0.3164062 0.2449219 0.0932292 0.1085938
3 0.2989583 0.2335937 0.0604167 0.1453125
4 0.4625000 0.3757813 0.0843750 0.1328125
5 0.3924479 0.3859375 0.1140625 0.0859375
3 0.5901042 0.3515625 0.1166667 0.0953125
5 0.4221354 0.1785156 0.0911458 0.0960938
1 0.5817708 0.7523437 0.0645833 0.1437500
5 0.7697917 0.5972656 0.1166667 0.0773438
2 0.4247396 0.1390625 0.1088542 0.0765625
3 0.6697917 0.3082031 0.1145833 0.0960938
4 0.5872396 0.2589844 0.1161458 0.0835937
5 0.7007813 0.2062500 0.1098958 0.0843750
3 0.4692708 0.1644531 0.1041667 0.0929688
3 0.6229167 0.6910156 0.1114583 0.0867187
4 0.5359375 0.4832031 0.0906250 0.0992187
3 0.6013021 0.3445313 0.0713542 0.1015625
3 0.6776042 0.4300781 0.1145833 0.0773438
0 0.3010417 0.7296875 0.1000000 0.0687500
4 0.4484375 0.7984375 0.1062500 0.0734375
2 0.4859375 0.8230469 0.0770833 0.1554687
1 0.8158854 0.5910156 0.0828125 0.1070312
3 0.4492188 0.2054688 0.0515625 0.1531250
5 0.3330729 0.7535156 0.0973958 0.0726563
3 0.5335937 0.2789063 0.0661458 0.1406250
4 0.4205729 0.0453125 0.0723958 0.0906250
4 0.3888021 0.6640625 0.0807292 0.0843750
2 0.5664062 0.2761719 0.1171875 0.0726563
4 0.3307292 0.7046875 0.0500000 0.1687500
5 0.6846354 0.4324219 0.0578125 0.1257813
4 0.7031250 0.4195313 0.0781250 0.0812500
3 0.7406250 0.6199219 0.1177083 0.0757812
4 0.5583333 0.4835937 0.1041667 0.0875000
0 0.5687500 0.3242188 0.0614583 0.0828125
3 0.5010417 0.6222656 0.0645833 0.0757812
3 0.4083333 0.5484375 0.0635417 0.1125000
0 0.6072917 0.3113281 0.0750000 0.1445312
1 0.5716146 0.3628906 0.0859375 0.1179687
5 0.4705729 0.4078125 0.0765625 0.0703125
1 0.4338542 0.6953125 0.0468750 0.0828125
3 0.5348958 0.9156250 0.0802083 0.0812500
3 0.3036458 0.5175781 0.0822917 0.1210938
2 0.4804688 0.8546875 0.0578125 0.0781250
1 0.6929688 0.4179688 0.0953125 0.1343750
5 0.5755208 0.4386719 0.0593750 0.1273438
0 0.6187500 0.6214844 0.0802083 0.1304687
5 0.5697917 0.7019531 0.0645833 0.1101562
10 0.5226563 0.1875000 0.0786458 0.1671875
6 0.5567708 0.3210938 0.0635417 0.1437500
6 0.6776042 0.7839844 0.1072917 0.1054688
6 0.7739583 0.2484375 0.1166667 0.1421875
7 0.6255208 0.4003906 0.1125000 0.1101562
9 0.3416667 0.4410156 0.1093750 0.1179687
10 0.3385417 0.3074219 0.0906250 0.1226562
