4 0.4630208 0.6832031 0.0322917 0.0304687
1 0.6213542 0.9488281 0.0312500 0.0273438
0 0.4401042 0.4589844 0.0218750 0.0414062
2 0.6002604 0.2175781 0.0348958 0.0257812
4 0.4125000 0.5644531 0.0229167 0.0476562
4 0.6510417 0.5175781 0.0343750 0.0335937
1 0.3778646 0.0984375 0.0276042 0.0484375
3 0.7330729 0.4679687 0.0171875 0.0453125
3 0.7395833 0.7761719 0.0218750 0.0523438
0 0.6226563 0.5550781 0.0348958 0.0242188
1 0.6851563 0.4937500 0.0338542 0.0250000
0 0.7023438 0.5523438 0.0328125 0.0390625
2 0.3828125 0.6917969 0.0312500 0.0351562
0 0.5885417 0.2683594 0.0333333 0.0210938
4 0.4953125 0.7640625 0.0322917 0.0375000
7 0.3911458 0.6398438 0.0312500 0.0359375
10 0.6455729 0.5875000 0.0296875 0.0453125
11 0.7026042 0.3710938 0.0333333 0.0453125
7 0.4721354 0.6734375 0.0307292 0.0359375
8 0.3505208 0.5339844 0.0312500 0.0445313
10 0.7458333 0.4941406 0.0281250 0.0351562
9 0.6992188 0.5628906 0.0338542 0.0382813
11 0.6625000 0.4773438 0.0322917 0.0359375
11 0.3322917 0.6421875 0.0270833 0.0421875
11 0.6919271 0.8394531 0.0317708 0.0320312
8 0.5044271 0.7472656 0.0317708 0.0304687
7 0.3523438 0.3019531 0.0317708 0.0351562
8 0.6476563 0.5000000 0.0317708 0.0312500
6 0.3403646 0.6359375 0.0359375 0.0343750
