1 0.5921875 0.7640625 0.0364583 0.0921875
5 0.2750000 0.3988281 0.0645833 0.0617188
4 0.6789063 0.4304688 0.0463542 0.0593750
2 0.4466146 0.6304688 0.0557292 0.0437500
1 0.6182292 0.6628906 0.0583333 0.0523438
1 0.6890625 0.7039062 0.0552083 0.0609375
3 0.4210937 0.2710938 0.0307292 0.0546875
5 0.4804688 0.4023438 0.0630208 0.0687500
5 0.4684896 0.3375000 0.0307292 0.0796875
3 0.4088542 0.8292969 0.0354167 0.0476562
1 0.4083333 0.3453125 0.0218750 0.0828125
5 0.5486979 0.1691406 0.0546875 0.0554687
3 0.5466146 0.4328125 0.0484375 0.0562500
5 0.4789062 0.8093750 0.0578125 0.0437500
0 0.4960938 0.5507812 0.0505208 0.0484375
2 0.6851563 0.2125000 0.0661458 0.0421875
1 0.5234375 0.6031250 0.0541667 0.0437500
5 0.6375000 0.3781250 0.0489583 0.0625000
3 0.4080729 0.5484375 0.0588542 0.0437500
5 0.4567708 0.3394531 0.0416667 0.0804688
2 0.6343750 0.7023438 0.0614583 0.0500000
4 0.5315104 0.5144531 0.0307292 0.0695313
4 0.4710937 0.7519531 0.0286458 0.0929688
3 0.5559896 0.7523437 0.0421875 0.0875000
1 0.4713542 0.6976562 0.0322917 0.0406250
3 0.6572917 0.2054688 0.0614583 0.0453125
0 0.4205729 0.3644531 0.0494792 0.0492187
4 0.6242188 0.8363281 0.0588542 0.0492187
5 0.3736979 0.1199219 0.0640625 0.0539063
2 0.4695313 0.2160156 0.0442708 0.0476562
1 0.7583333 0.3687500 0.0625000 0.0656250
0 0.3809896 0.2808594 0.0640625 0.0429688
3 0.4591146 0.7113281 0.0546875 0.0429688
4 0.3000000 0.9152344 0.0385417 0.0945312
2 0.6197917 0.3695312 0.0468750 0.0859375
2 0.4013021 0.4664063 0.0609375 0.0656250
3 0.2317708 0.2726562 0.0614583 0.0453125
1 0.5148438 0.7078125 0.0338542 0.0468750
1 0.6302083 0.4183594 0.0656250 0.0429688
1 0.6770833 0.6195312 0.0447917 0.0859375
4 0.5343750 0.7425781 0.0302083 0.0835937
5 0.5648437 0.5683594 0.0630208 0.0554687
1 0.6455729 0.1667969 0.0307292 0.0726563
3 0.6481771 0.6277344 0.0505208 0.0476562
0 0.6729167 0.5855469 0.0322917 0.0664062
4 0.5815104 0.1351563 0.0463542 0.0828125
1 0.6257812 0.6816406 0.0557292 0.0554687
4 0.6065104 0.5152344 0.0307292 0.0648438
4 0.5291667 0.8339844 0.0343750 0.0960938
4 0.6723958 0.3414063 0.0385417 0.0343750
4 0.3880208 0.7585937 0.0312500 0.0406250
5 0.3236979 0.9660156 0.0234375 0.0664062
1 0.6223958 0.8687500 0.0625000 0.0515625
0 0.7174479 0.7820312 0.0609375 0.0421875
2 0.5846354 0.3367188 0.0598958 0.0453125
5 0.5789062 0.5625000 0.0578125 0.0421875
4 0.6343750 0.5625000 0.0572917 0.0609375
1 0.6885417 0.2949219 0.0656250 0.0554687
5 0.3164062 0.7660156 0.0619792 0.0429688
5 0.3627604 0.5527344 0.0640625 0.0414062
1 0.6023437 0.7304688 0.0557292 0.0421875
5 0.4817708 0.7273437 0.0281250 0.0750000
0 0.5546875 0.2820313 0.0354167 0.0765625
0 0.5369792 0.7839844 0.0333333 0.0898438
3 0.2716146 0.2160156 0.0567708 0.0804688
3 0.2872396 0.1925781 0.0526042 0.0476562
4 0.5992188 0.6277344 0.0557292 0.0414062
0 0.5927083 0.4875000 0.0604167 0.0515625
1 0.4078125 0.3707031 0.0572917 0.0398437
4 0.5596354 0.2566406 0.0651042 0.0367188
4 0.6000000 0.3171875 0.0625000 0.0500000
5 0.6731771 0.6574219 0.0494792 0.0476562
5 0.3424479 0.6164063 0.0265625 0.0515625
3 0.4583333 0.9386719 0.0479167 0.0695313
8 0.2450521 0.4910156 0.0536458 0.0851563
11 0.6041667 0.6105469 0.0625000 0.0664062
10 0.3424479 0.1328125 0.0557292 0.0546875
6 0.3799479 0.5175781 0.0494792 0.0648438
8 0.8072917 0.4863281 0.0625000 0.0757812
8 0.4273438 0.6003906 0.0348958 0.0617188
6 0.6622396 0.4246094 0.0526042 0.0882813
10 0.7359375 0.1925781 0.0531250 0.0789062
10 0.4320312 0.6007813 0.0380208 0.0906250
6 0.7742187 0.3363281 0.0401042 0.0632812
11 0.5070313 0.2593750 0.0473958 0.0546875
8 0.5156250 0.8281250 0.0604167 0.0578125
8 0.4289062 0.7406250 0.0515625 0.0796875
11 0.5882812 0.5824219 0.0536458 0.0523438
6 0.4710937 0.3925781 0.0494792 0.0914062
6 0.5427083 0.9398437 0.0562500 0.0921875
10 0.2195313 0.3828125 0.0609375 0.0593750
11 0.6294271 0.3472656 0.0578125 0.0601563
6 0.4164062 0.6761719 0.0546875 0.0539063
