2 0.6783854 0.4136719 0.0723958 0.0539063
5 0.4515625 0.1527344 0.0479167 0.1195313
0 0.5054688 0.6093750 0.0453125 0.0718750
1 0.4596354 0.5828125 0.0557292 0.0625000
0 0.4802083 0.7566406 0.0718750 0.0523438
0 0.3364583 0.5019531 0.0666667 0.0773438
0 0.5994792 0.7621094 0.0854167 0.0585938
2 0.3179688 0.5507812 0.0661458 0.1031250
0 0.5726562 0.4062500 0.0651042 0.1125000
4 0.5880208 0.1171875 0.0708333 0.0718750
4 0.5203125 0.0296875 0.0656250 0.0593750
4 0.6783854 0.5453125 0.0911458 0.0687500
4 0.5468750 0.5847656 0.0895833 0.0648438
1 0.3244792 0.1367188 0.0333333 0.1265625
4 0.5580729 0.5257812 0.0505208 0.1281250
5 0.3903646 0.5234375 0.0661458 0.0625000
4 0.3958333 0.4535156 0.0614583 0.0664062
5 0.4419271 0.3085938 0.0473958 0.1234375
2 0.4747396 0.8515625 0.0473958 0.1109375
0 0.6184896 0.3050781 0.0442708 0.1117188
2 0.5854167 0.3746094 0.0468750 0.1164063
2 0.3216146 0.5574219 0.0848958 0.0742188
0 0.6817708 0.5605469 0.0947917 0.0664062
0 0.6760417 0.1386719 0.0781250 0.0601563
4 0.4875000 0.7179688 0.0385417 0.0781250
2 0.6393229 0.5968750 0.0776042 0.0437500
1 0.3356771 0.4300781 0.0848958 0.0648438
3 0.5044271 0.3976562 0.0744792 0.0546875
0 0.5411458 0.5578125 0.0500000 0.0593750
0 0.5856771 0.3097656 0.0859375 0.0617188
4 0.2880208 0.5097656 0.0500000 0.1179687
5 0.3567708 0.1242188 0.0739583 0.0828125
4 0.2656250 0.5136719 0.0395833 0.0570312
1 0.5864583 0.4972656 0.0812500 0.0882813
1 0.7278646 0.3492188 0.0432292 0.1156250
5 0.3864583 0.7566406 0.0791667 0.0757812
2 0.4429688 0.5992188 0.0744792 0.0781250
1 0.2450521 0.5250000 0.0640625 0.0984375
5 0.6880208 0.0843750 0.0812500 0.0593750
1 0.6567708 0.7425781 0.0843750 0.0773438
0 0.5067708 0.8535156 0.0468750 0.0867187
1 0.4398437 0.5515625 0.0526042 0.1218750
4 0.4661458 0.6488281 0.0593750 0.1335938
1 0.5908854 0.5988281 0.0776042 0.0570312
3 0.5731771 0.5238281 0.0536458 0.0648438
1 0.4361979 0.2250000 0.0796875 0.0546875
0 0.5804687 0.6667969 0.0755208 0.0601563
4 0.3471354 0.6410156 0.0838542 0.0554687
10 0.6338542 0.5183594 0.0718750 0.0726563
10 0.3440104 0.7574219 0.0526042 0.0945312
10 0.5713542 0.7011719 0.0656250 0.1132812
10 0.4174479 0.7589844 0.0723958 0.0914062
10 0.5747396 0.6539063 0.0734375 0.0718750
10 0.6281250 0.3097656 0.0635417 0.0898438
8 0.5231771 0.4503906 0.0713542 0.0992187
8 0.6427083 0.2980469 0.0458333 0.1054688
6 0.6213542 0.6773438 0.0687500 0.1015625
9 0.3921875 0.7312500 0.0750000 0.0734375
6 0.5463542 0.4707031 0.0812500 0.0820312
6 0.6164063 0.6507812 0.0723958 0.0750000
11 0.6627604 0.4574219 0.0546875 0.0804688
11 0.5348958 0.6246094 0.0760417 0.0726563
7 0.6684896 0.5113281 0.0828125 0.0789062
