5 0.3671875 0.8246094 0.0614583 0.1507813
4 0.5169271 0.1242188 0.0619792 0.1031250
2 0.6755208 0.3171875 0.0947917 0.0562500
1 0.5158854 0.5652344 0.0515625 0.1132812
2 0.2916667 0.4023438 0.0885417 0.0625000
7 0.4026042 0.0574219 0.0583333 0.1148437
10 0.5455729 0.4324219 0.0953125 0.0914062
10 0.6065104 0.6335937 0.0869792 0.0843750
7 0.6083333 0.6558594 0.0968750 0.1070312
10 0.5148438 0.4792969 0.0942708 0.1445312
6 0.2976563 0.2550781 0.1026042 0.0992187
7 0.4125000 0.2984375 0.0979167 0.1468750
