0 0.4604167 0.4988281 0.0197917 0.0398437
1 0.4385417 0.5304688 0.0239583 0.0203125
2 0.5393229 0.3671875 0.0286458 0.0218750
2 0.5226563 0.1820313 0.0203125 0.0312500
5 0.6546875 0.4617188 0.0281250 0.0234375
0 0.5283854 0.5746094 0.0151042 0.0320312
2 0.5101562 0.7085938 0.0286458 0.0218750
2 0.3471354 0.9269531 0.0244792 0.0210938
1 0.5401042 0.7421875 0.0135417 0.0421875
4 0.4567708 0.3207031 0.0260417 0.0179687
5 0.4611979 0.3601563 0.0276042 0.0187500
5 0.5518229 0.5750000 0.0244792 0.0187500
5 0.4684896 0.8796875 0.0140625 0.0265625
4 0.5679688 0.2523437 0.0161458 0.0328125
1 0.8065104 0.4828125 0.0182292 0.0296875
4 0.4080729 0.3964844 0.0276042 0.0195312
0 0.5247396 0.2632813 0.0265625 0.0171875
3 0.3257813 0.3898437 0.0130208 0.0390625
1 0.4018229 0.6273437 0.0234375 0.0250000
1 0.6148438 0.6710938 0.0119792 0.0375000
3 0.3781250 0.3347656 0.0166667 0.0335937
3 0.5882812 0.4527344 0.0265625 0.0257812
5 0.5773438 0.5511719 0.0151042 0.0351562
0 0.4989583 0.4796875 0.0218750 0.0296875
2 0.3005208 0.5484375 0.0135417 0.0187500
5 0.5825521 0.9796875 0.0223958 0.0203125
2 0.6781250 0.7070312 0.0239583 0.0234375
2 0.5333333 0.4984375 0.0250000 0.0187500
5 0.6768229 0.4769531 0.0223958 0.0289063
2 0.7372396 0.6339844 0.0234375 0.0289063
0 0.4716146 0.3218750 0.0161458 0.0296875
3 0.5304688 0.8363281 0.0140625 0.0367188
0 0.6093750 0.3796875 0.0229167 0.0187500
4 0.6046875 0.6300781 0.0218750 0.0320312
5 0.3611979 0.2832031 0.0171875 0.0179687
5 0.6385417 0.4839844 0.0229167 0.0335937
1 0.4546875 0.7386719 0.0135417 0.0367188
2 0.4854167 0.5199219 0.0270833 0.0210938
2 0.3182292 0.6906250 0.0135417 0.0406250
1 0.6479167 0.4593750 0.0250000 0.0187500
3 0.3367188 0.3097656 0.0255208 0.0242188
3 0.4611979 0.3949219 0.0276042 0.0210938
2 0.4989583 0.4343750 0.0145833 0.0328125
0 0.4723958 0.7167969 0.0187500 0.0210938
1 0.4830729 0.4496094 0.0244792 0.0226562
2 0.3101563 0.2621094 0.0119792 0.0351562
3 0.4898438 0.5574219 0.0182292 0.0335937
1 0.4768229 0.4277344 0.0286458 0.0273438
2 0.4710937 0.8343750 0.0130208 0.0187500
2 0.6247396 0.6804687 0.0130208 0.0375000
5 0.5062500 0.2269531 0.0187500 0.0320312
6 0.4518229 0.4046875 0.0244792 0.0250000
6 0.5713542 0.3468750 0.0187500 0.0328125
10 0.4562500 0.3136719 0.0218750 0.0226562
8 0.7174479 0.5007812 0.0223958 0.0375000
10 0.5320312 0.2875000 0.0203125 0.0328125
7 0.7341146 0.8585938 0.0244792 0.0234375
8 0.6169271 0.3292969 0.0213542 0.0289063
8 0.5359375 0.4050781 0.0229167 0.0257812
7 0.5856771 0.0750000 0.0203125 0.0296875
9 0.6036458 0.2082031 0.0229167 0.0257812
10 0.6226563 0.4078125 0.0255208 0.0312500
7 0.4580729 0.2761719 0.0223958 0.0304687
6 0.6403646 0.6667969 0.0255208 0.0242188
7 0.3705729 0.2800781 0.0151042 0.0242188
8 0.6002604 0.6789063 0.0234375 0.0218750
7 0.4606771 0.4500000 0.0192708 0.0328125
7 0.4609375 0.4804688 0.0239583 0.0265625
6 0.6557292 0.4503906 0.0177083 0.0367188
7 0.6744792 0.7156250 0.0250000 0.0296875
