2 0.5044271 0.1863281 0.0119792 0.0179687
0 0.6921875 0.3667969 0.0239583 0.0164063
2 0.3559896 0.6277344 0.0234375 0.0195312
4 0.5153646 0.2023437 0.0171875 0.0203125
3 0.3333333 0.1945312 0.0125000 0.0343750
0 0.5109375 0.2046875 0.0218750 0.0171875
2 0.6473958 0.5382813 0.0250000 0.0187500
5 0.4643229 0.0753906 0.0223958 0.0210938
5 0.6263021 0.4175781 0.0255208 0.0164063
1 0.5312500 0.3042969 0.0135417 0.0273438
1 0.3976562 0.2273438 0.0244792 0.0203125
5 0.5072917 0.8339844 0.0239583 0.0164063
4 0.5570312 0.6941406 0.0192708 0.0273438
0 0.5343750 0.1132812 0.0156250 0.0343750
9 0.5804687 0.5335937 0.0203125 0.0296875
11 0.3992188 0.3847656 0.0203125 0.0273438
8 0.3093750 0.4976563 0.0145833 0.0312500
7 0.3562500 0.8718750 0.0229167 0.0281250
7 0.6473958 0.6628906 0.0208333 0.0210938
9 0.7572917 0.3085938 0.0218750 0.0234375
11 0.3830729 0.2351563 0.0223958 0.0218750
6 0.5070313 0.8050781 0.0223958 0.0226562
7 0.7028646 0.4671875 0.0203125 0.0203125
11 0.3979167 0.7792969 0.0166667 0.0289063
9 0.7692708 0.5335937 0.0218750 0.0250000
