4 0.6596354 0.6144531 0.0359375 0.0382813
1 0.3127604 0.7703125 0.0359375 0.0250000
0 0.6893229 0.7550781 0.0401042 0.0273438
5 0.3619792 0.5777344 0.0427083 0.0351562
1 0.5296875 0.6847656 0.0218750 0.0601563
4 0.6671875 0.6414062 0.0385417 0.0265625
5 0.3630208 0.3726563 0.0187500 0.0265625
5 0.5578125 0.6039062 0.0354167 0.0328125
0 0.3023438 0.5925781 0.0390625 0.0242188
0 0.5455729 0.3503906 0.0296875 0.0226562
4 0.3721354 0.7101563 0.0276042 0.0500000
4 0.7408854 0.4070313 0.0265625 0.0484375
3 0.7145833 0.4246094 0.0395833 0.0445313
3 0.4296875 0.7433594 0.0416667 0.0273438
5 0.3729167 0.4824219 0.0375000 0.0242188
2 0.4411458 0.2785156 0.0312500 0.0335937
4 0.5807292 0.2796875 0.0343750 0.0437500
5 0.6205729 0.5769531 0.0411458 0.0335937
2 0.7927083 0.6628906 0.0250000 0.0570312
4 0.4705729 0.4273438 0.0182292 0.0578125
2 0.4177083 0.4308594 0.0250000 0.0398437
1 0.7385417 0.5007812 0.0364583 0.0296875
5 0.3846354 0.3324219 0.0296875 0.0335937
5 0.5382813 0.4921875 0.0296875 0.0531250
4 0.4895833 0.2500000 0.0250000 0.0375000
4 0.5940104 0.6714844 0.0265625 0.0351562
4 0.5677083 0.3253906 0.0187500 0.0554687
2 0.5651042 0.6843750 0.0375000 0.0234375
5 0.4312500 0.5925781 0.0156250 0.0554687
3 0.5044271 0.5679688 0.0234375 0.0234375
5 0.4419271 0.2453125 0.0255208 0.0390625
4 0.4645833 0.2441406 0.0208333 0.0539063
1 0.3736979 0.7281250 0.0223958 0.0593750
2 0.4117188 0.6257812 0.0192708 0.0593750
1 0.5541667 0.3914063 0.0375000 0.0406250
0 0.6312500 0.5597656 0.0260417 0.0382813
2 0.7971354 0.7347656 0.0359375 0.0320312
0 0.3328125 0.5820312 0.0208333 0.0578125
1 0.6059896 0.6980469 0.0421875 0.0304687
0 0.6268229 0.6484375 0.0244792 0.0578125
2 0.5697917 0.6707031 0.0385417 0.0382813
2 0.6380208 0.5992188 0.0364583 0.0359375
2 0.6283854 0.6699219 0.0244792 0.0539063
4 0.4809896 0.8457031 0.0265625 0.0492187
4 0.6388021 0.7753906 0.0328125 0.0335937
1 0.3372396 0.0113281 0.0255208 0.0226562
0 0.5843750 0.8390625 0.0406250 0.0328125
0 0.3882813 0.4355469 0.0390625 0.0320312
2 0.6421875 0.2332031 0.0354167 0.0320312
9 0.4593750 0.4312500 0.0343750 0.0375000
11 0.4104167 0.8117188 0.0291667 0.0515625
11 0.6682292 0.3460937 0.0354167 0.0484375
6 0.6846354 0.2992187 0.0328125 0.0375000
10 0.4661458 0.6363281 0.0333333 0.0398437
11 0.5169271 0.7062500 0.0328125 0.0343750
10 0.7111979 0.4808594 0.0359375 0.0351562
9 0.7145833 0.7781250 0.0395833 0.0390625
7 0.3598958 0.3011719 0.0406250 0.0398437
10 0.3083333 0.6011719 0.0395833 0.0429688
6 0.6927083 0.2718750 0.0354167 0.0453125
7 0.7395833 0.5562500 0.0385417 0.0359375
8 0.3882813 0.9003906 0.0359375 0.0476562
7 0.4726562 0.6378906 0.0338542 0.0398437
