5 0.4960938 0.2453125 0.0213542 0.0484375
5 0.5578125 0.7101563 0.0187500 0.0234375
0 0.6544271 0.5125000 0.0286458 0.0312500
4 0.5268229 0.6699219 0.0296875 0.0179687
4 0.7372396 0.4968750 0.0265625 0.0296875
1 0.5166667 0.5683594 0.0281250 0.0195312
1 0.6317708 0.5562500 0.0302083 0.0234375
3 0.4588542 0.5917969 0.0145833 0.0304687
1 0.5635417 0.6273437 0.0302083 0.0234375
5 0.5325521 0.6386719 0.0203125 0.0289063
0 0.5947917 0.3371094 0.0177083 0.0289063
3 0.6195312 0.6093750 0.0140625 0.0203125
2 0.6143229 0.7574219 0.0276042 0.0226562
4 0.3268229 0.8238281 0.0307292 0.0273438
2 0.5528646 0.7101563 0.0171875 0.0437500
5 0.4406250 0.2906250 0.0166667 0.0218750
2 0.5119792 0.3234375 0.0156250 0.0312500
1 0.6450521 0.9257812 0.0276042 0.0312500
1 0.4216146 0.5539063 0.0286458 0.0312500
3 0.3489583 0.2746094 0.0145833 0.0414062
3 0.6200521 0.3960938 0.0213542 0.0281250
1 0.6815104 0.4476562 0.0130208 0.0234375
0 0.6856771 0.8015625 0.0296875 0.0265625
5 0.5736979 0.6007813 0.0244792 0.0203125
5 0.5153646 0.5183594 0.0234375 0.0367188
1 0.4127604 0.2085937 0.0317708 0.0250000
5 0.6966146 0.7070312 0.0286458 0.0234375
0 0.5783854 0.1890625 0.0255208 0.0312500
3 0.4611979 0.1878906 0.0255208 0.0335937
4 0.4291667 0.4625000 0.0197917 0.0359375
4 0.7205729 0.3753906 0.0317708 0.0257812
3 0.5859375 0.7023438 0.0302083 0.0171875
1 0.4958333 0.2152344 0.0177083 0.0335937
3 0.5382813 0.6460938 0.0109375 0.0218750
4 0.6328125 0.3597656 0.0312500 0.0226562
5 0.3643229 0.6410156 0.0171875 0.0335937
4 0.4057292 0.5808594 0.0322917 0.0210938
0 0.3666667 0.6316406 0.0302083 0.0351562
5 0.6799479 0.7929688 0.0244792 0.0250000
1 0.5010417 0.3371094 0.0166667 0.0398437
1 0.7572917 0.4933594 0.0312500 0.0226562
2 0.6799479 0.2398437 0.0296875 0.0218750
4 0.3705729 0.3554688 0.0182292 0.0343750
5 0.5325521 0.6433594 0.0130208 0.0273438
0 0.6520833 0.4269531 0.0302083 0.0289063
3 0.4463542 0.4449219 0.0281250 0.0320312
0 0.4221354 0.1625000 0.0276042 0.0250000
0 0.4359375 0.3687500 0.0312500 0.0218750
0 0.5309896 0.7746094 0.0255208 0.0320312
5 0.5955729 0.3382812 0.0140625 0.0453125
3 0.6257812 0.6308594 0.0286458 0.0398437
3 0.5606771 0.8148437 0.0276042 0.0265625
5 0.6518229 0.4332031 0.0286458 0.0273438
2 0.7015625 0.6121094 0.0302083 0.0273438
2 0.3406250 0.6226563 0.0125000 0.0312500
3 0.6031250 0.4792969 0.0291667 0.0195312
0 0.4424479 0.9820313 0.0213542 0.0343750
0 0.4710937 0.5394531 0.0140625 0.0445313
8 0.4635417 0.4437500 0.0270833 0.0390625
10 0.3703125 0.6246094 0.0250000 0.0257812
9 0.5869792 0.5894531 0.0270833 0.0273438
6 0.2640625 0.4718750 0.0250000 0.0406250
10 0.6335937 0.4464844 0.0203125 0.0304687
6 0.7713542 0.5171875 0.0270833 0.0328125
8 0.6851563 0.3238281 0.0276042 0.0304687
6 0.5822917 0.2910156 0.0270833 0.0304687
8 0.2768229 0.4164062 0.0296875 0.0359375
11 0.6856771 0.6441406 0.0296875 0.0320312
8 0.4890625 0.2781250 0.0208333 0.0406250
10 0.5466146 0.3960938 0.0171875 0.0343750
11 0.5661458 0.3226562 0.0177083 0.0265625
10 0.5239583 0.4484375 0.0166667 0.0359375
11 0.5330729 0.4773438 0.0213542 0.0281250
11 0.5640625 0.1890625 0.0291667 0.0296875
11 0.5627604 0.6328125 0.0276042 0.0265625
9 0.6994792 0.5851563 0.0281250 0.0296875
9 0.5080729 0.8726563 0.0203125 0.0437500
8 0.5768229 0.9949219 0.0161458 0.0085938
