5 0.2815104 0.4949219 0.0692708 0.1210938
5 0.5526042 0.1273438 0.0479167 0.1703125
0 0.4518229 0.1398437 0.0578125 0.1625000
2 0.3854167 0.3980469 0.0656250 0.1085938
5 0.6867188 0.4847656 0.0463542 0.0898438
5 0.3882813 0.1773437 0.0588542 0.1281250
4 0.6268229 0.3410156 0.0973958 0.1289062
5 0.6575521 0.8996094 0.1119792 0.0945312
0 0.2244792 0.5257812 0.0989583 0.0812500
4 0.7716146 0.4535156 0.1203125 0.1148437
2 0.5791667 0.3902344 0.1072917 0.1164063
5 0.3781250 0.5734375 0.0552083 0.0906250
0 0.4518229 0.2269531 0.0473958 0.1664063
0 0.6302083 0.4296875 0.0718750 0.1281250
1 0.3244792 0.7308594 0.0968750 0.0835937
1 0.6419271 0.2269531 0.1078125 0.0929688
4 0.6528646 0.7015625 0.1036458 0.0703125
0 0.3638021 0.6832031 0.1098958 0.0804688
1 0.3598958 0.3363281 0.1104167 0.0851563
2 0.4458333 0.3578125 0.0833333 0.0859375
4 0.4367187 0.6675781 0.0588542 0.1117188
3 0.6242188 0.0742188 0.0567708 0.1484375
3 0.7125000 0.5175781 0.0541667 0.1226562
3 0.2770833 0.6082031 0.1218750 0.0960938
0 0.5989583 0.1371094 0.1208333 0.1148437
1 0.5898438 0.4023438 0.1213542 0.0937500
3 0.6578125 0.6746094 0.0635417 0.1757812
2 0.6109375 0.2726562 0.1208333 0.0843750
2 0.4789062 0.6425781 0.0661458 0.1679688
2 0.6778646 0.4656250 0.0963542 0.1250000
4 0.7911458 0.8640625 0.1125000 0.0640625
3 0.7067708 0.6289062 0.1187500 0.0921875
2 0.6937500 0.3843750 0.0531250 0.1671875
3 0.6973958 0.5660156 0.0906250 0.1117188
3 0.6072917 0.8187500 0.0854167 0.1062500
1 0.7721354 0.6792969 0.0953125 0.0867187
2 0.6669271 0.2500000 0.1046875 0.0781250
2 0.4554687 0.6718750 0.0640625 0.1234375
5 0.5046875 0.5453125 0.1052083 0.1015625
0 0.4953125 0.5105469 0.0750000 0.0851563
3 0.5755208 0.5214844 0.1083333 0.1226562
4 0.6057292 0.6894531 0.1083333 0.1070312
0 0.3291667 0.4050781 0.0593750 0.1148437
5 0.5609375 0.2687500 0.1145833 0.0781250
4 0.6393229 0.6316406 0.1015625 0.0757812
1 0.5158854 0.2019531 0.0807292 0.1367188
4 0.5382813 0.7148438 0.0734375 0.1093750
5 0.4687500 0.1875000 0.0510417 0.0921875
1 0.4132812 0.4031250 0.0630208 0.1687500
1 0.3807292 0.2867188 0.1010417 0.0921875
4 0.5755208 0.5742188 0.0593750 0.0640625
4 0.6872396 0.1906250 0.1119792 0.0843750
2 0.2502604 0.4363281 0.0932292 0.1148437
4 0.6968750 0.5988281 0.1229167 0.0867187
2 0.6447917 0.1050781 0.0552083 0.1585938
0 0.6317708 0.3613281 0.0802083 0.0742188
5 0.3643229 0.4019531 0.0859375 0.0929688
3 0.3963542 0.4425781 0.0635417 0.1039063
6 0.5531250 0.9328125 0.0781250 0.1328125
10 0.6182292 0.3976562 0.1062500 0.1265625
8 0.4911458 0.8691406 0.0875000 0.1648438
9 0.5247396 0.5425781 0.1005208 0.1164063
7 0.7494792 0.4820313 0.1052083 0.1015625
8 0.3679688 0.4718750 0.1161458 0.1140625
8 0.6690104 0.7441406 0.1109375 0.1210938
7 0.5166667 0.5187500 0.1135417 0.1093750
6 0.4007812 0.1632812 0.1026042 0.1671875
11 0.5966146 0.2140625 0.0932292 0.1593750
9 0.3927083 0.2261719 0.0947917 0.0960938
8 0.5729167 0.2070312 0.0958333 0.1078125
6 0.4700521 0.2378906 0.1026042 0.1570313
10 0.4083333 0.1785156 0.1041667 0.1210938
7 0.7924479 0.5644531 0.1151042 0.1382812
7 0.3528646 0.2320312 0.1161458 0.1125000
6 0.6015625 0.7812500 0.1093750 0.1781250
10 0.6895833 0.0648438 0.0697917 0.1296875
10 0.6968750 0.3203125 0.1104167 0.1406250
