5 0.4822917 0.7093750 0.0166667 0.0343750
2 0.5401042 0.8515625 0.0197917 0.0296875
2 0.5416667 0.8171875 0.0260417 0.0203125
4 0.6458333 0.5660156 0.0197917 0.0257812
5 0.3028646 0.4910156 0.0203125 0.0242188
4 0.4638021 0.5527344 0.0109375 0.0289063
2 0.3940104 0.6683594 0.0203125 0.0210938
5 0.6179687 0.5484375 0.0223958 0.0156250
5 0.4143229 0.5007812 0.0244792 0.0140625
1 0.6716146 0.8148437 0.0130208 0.0281250
4 0.8127604 0.3492188 0.0171875 0.0203125
4 0.7268229 0.3273437 0.0109375 0.0343750
0 0.4468750 0.4253906 0.0250000 0.0210938
1 0.5466146 0.8902344 0.0119792 0.0335937
5 0.6031250 0.8171875 0.0229167 0.0203125
2 0.6822917 0.8062500 0.0218750 0.0140625
1 0.6117187 0.4695313 0.0213542 0.0218750
5 0.4403646 0.4531250 0.0140625 0.0250000
3 0.4609375 0.6253906 0.0135417 0.0148437
4 0.4932292 0.8171875 0.0239583 0.0203125
4 0.4088542 0.7109375 0.0135417 0.0359375
1 0.5450521 0.7210937 0.0130208 0.0156250
2 0.6270833 0.5609375 0.0114583 0.0156250
2 0.4861979 0.2617188 0.0151042 0.0250000
9 0.6625000 0.3476562 0.0218750 0.0265625
10 0.5414062 0.8015625 0.0203125 0.0203125
9 0.4057292 0.1980469 0.0187500 0.0242188
6 0.5476562 0.2335937 0.0161458 0.0375000
9 0.3888021 0.4500000 0.0244792 0.0250000
