4 0.6333333 0.6761719 0.0281250 0.0195312
2 0.4911458 0.4242187 0.0145833 0.0406250
5 0.6549479 0.2804687 0.0307292 0.0343750
1 0.4500000 0.5140625 0.0145833 0.0218750
0 0.5666667 0.4992187 0.0250000 0.0312500
2 0.2359375 0.7238281 0.0302083 0.0242188
5 0.7242188 0.5945312 0.0286458 0.0187500
3 0.4895833 0.6976562 0.0291667 0.0250000
4 0.3067708 0.2992187 0.0229167 0.0328125
0 0.3533854 0.2265625 0.0140625 0.0421875
3 0.3536458 0.8160156 0.0302083 0.0257812
0 0.2940104 0.6878906 0.0140625 0.0273438
2 0.6309896 0.5328125 0.0328125 0.0250000
7 0.6161458 0.1765625 0.0281250 0.0281250
