2 0.6390625 0.3187500 0.0385417 0.0515625
5 0.2403646 0.3355469 0.0296875 0.0335937
5 0.4356771 0.0871094 0.0359375 0.0492187
2 0.5096354 0.2343750 0.0338542 0.0250000
0 0.4239583 0.2863281 0.0322917 0.0492187
2 0.4356771 0.4410156 0.0296875 0.0445313
5 0.4929688 0.4410156 0.0234375 0.0398437
5 0.5520833 0.5367188 0.0343750 0.0296875
5 0.6500000 0.4101562 0.0364583 0.0265625
2 0.5729167 0.3550781 0.0270833 0.0445313
5 0.6414062 0.3421875 0.0359375 0.0406250
2 0.5635417 0.4968750 0.0156250 0.0328125
4 0.4750000 0.5765625 0.0187500 0.0343750
2 0.6958333 0.4398437 0.0416667 0.0343750
2 0.3630208 0.7765625 0.0229167 0.0625000
2 0.5182292 0.4964844 0.0354167 0.0335937
1 0.5802083 0.5515625 0.0302083 0.0375000
1 0.3505208 0.8250000 0.0322917 0.0312500
2 0.5007812 0.1757812 0.0192708 0.0671875
2 0.8020833 0.3449219 0.0375000 0.0335937
4 0.5101562 0.3277344 0.0255208 0.0367188
0 0.3023438 0.5496094 0.0213542 0.0585938
0 0.2994792 0.3062500 0.0208333 0.0296875
3 0.3059896 0.6390625 0.0432292 0.0281250
1 0.2713542 0.6296875 0.0395833 0.0281250
3 0.4658854 0.4082031 0.0328125 0.0460938
1 0.6039062 0.1425781 0.0296875 0.0476562
1 0.6122396 0.7542969 0.0328125 0.0273438
2 0.5250000 0.5921875 0.0197917 0.0359375
0 0.4455729 0.6296875 0.0338542 0.0296875
0 0.5359375 0.4308594 0.0364583 0.0273438
3 0.6773438 0.7128906 0.0359375 0.0210938
3 0.3559896 0.7980469 0.0192708 0.0460938
2 0.5757813 0.6996094 0.0432292 0.0320312
1 0.3953125 0.4710937 0.0385417 0.0359375
1 0.5380208 0.5953125 0.0250000 0.0296875
2 0.6091146 0.6316406 0.0411458 0.0335937
1 0.5192708 0.5835938 0.0312500 0.0421875
1 0.3640625 0.3550781 0.0375000 0.0289063
2 0.6148438 0.5378906 0.0223958 0.0273438
5 0.7408854 0.4750000 0.0244792 0.0421875
1 0.5953125 0.6132812 0.0333333 0.0343750
1 0.6809896 0.6230469 0.0380208 0.0304687
3 0.5010417 0.4242187 0.0406250 0.0218750
0 0.4174479 0.3507812 0.0380208 0.0390625
2 0.7257813 0.6125000 0.0276042 0.0546875
1 0.4369792 0.7945313 0.0270833 0.0281250
3 0.6976562 0.7296875 0.0411458 0.0343750
1 0.5544271 0.6746094 0.0296875 0.0335937
0 0.6476563 0.6425781 0.0421875 0.0320312
3 0.5966146 0.3953125 0.0296875 0.0406250
0 0.4393229 0.6632813 0.0223958 0.0281250
0 0.6333333 0.4765625 0.0364583 0.0250000
5 0.3505208 0.6839844 0.0437500 0.0382813
4 0.4997396 0.3937500 0.0276042 0.0343750
4 0.2869792 0.6515625 0.0406250 0.0281250
3 0.6619792 0.4378906 0.0197917 0.0476562
2 0.6583333 0.3476562 0.0406250 0.0359375
3 0.4809896 0.2386719 0.0401042 0.0273438
2 0.3908854 0.1867187 0.0213542 0.0515625
3 0.5549479 0.2914062 0.0203125 0.0406250
2 0.5309896 0.6437500 0.0192708 0.0515625
11 0.6138021 0.4253906 0.0380208 0.0445313
7 0.5968750 0.6882812 0.0291667 0.0609375
8 0.4424479 0.8378906 0.0369792 0.0445313
