2 0.6500000 0.7429687 0.0229167 0.0281250
1 0.3447917 0.4386719 0.0197917 0.0351562
4 0.3875000 0.6710938 0.0260417 0.0171875
2 0.7052083 0.5011719 0.0260417 0.0210938
4 0.4023438 0.3667969 0.0161458 0.0304687
1 0.7247396 0.5789062 0.0244792 0.0156250
0 0.5679688 0.5316406 0.0265625 0.0195312
3 0.5828125 0.2335937 0.0125000 0.0156250
0 0.4208333 0.6605469 0.0156250 0.0273438
0 0.4502604 0.4582031 0.0192708 0.0273438
1 0.6721354 0.6355469 0.0182292 0.0351562
5 0.6591146 0.4472656 0.0223958 0.0210938
5 0.6184896 0.4250000 0.0255208 0.0156250
5 0.4658854 0.4875000 0.0213542 0.0218750
0 0.5656250 0.6140625 0.0260417 0.0187500
1 0.5195312 0.1996094 0.0182292 0.0164063
5 0.6411458 0.5425781 0.0156250 0.0226562
4 0.4286458 0.6304688 0.0166667 0.0125000
5 0.4091146 0.5402344 0.0234375 0.0179687
5 0.5476562 0.5425781 0.0182292 0.0195312
3 0.5223958 0.8527344 0.0208333 0.0257812
4 0.5203125 0.6492187 0.0125000 0.0265625
1 0.7182292 0.5343750 0.0250000 0.0171875
5 0.4721354 0.6675781 0.0244792 0.0179687
1 0.4856771 0.5824219 0.0171875 0.0226562
4 0.5864583 0.7421875 0.0208333 0.0187500
5 0.3395833 0.6164063 0.0208333 0.0171875
0 0.5208333 0.4886719 0.0135417 0.0179687
5 0.6229167 0.7292969 0.0125000 0.0210938
3 0.7156250 0.4648438 0.0187500 0.0234375
5 0.6789063 0.5281250 0.0234375 0.0187500
1 0.6471354 0.3859375 0.0192708 0.0250000
1 0.5013021 0.9066406 0.0151042 0.0367188
1 0.4156250 0.6343750 0.0125000 0.0375000
1 0.6635417 0.1675781 0.0260417 0.0148437
0 0.4273438 0.4863281 0.0182292 0.0320312
3 0.5997396 0.7789063 0.0192708 0.0203125
0 0.2986979 0.7855469 0.0255208 0.0164063
3 0.5140625 0.4195313 0.0177083 0.0250000
4 0.6773438 0.3281250 0.0182292 0.0281250
1 0.5468750 0.3867188 0.0270833 0.0187500
9 0.3104167 0.3644531 0.0156250 0.0273438
9 0.8007812 0.5300781 0.0223958 0.0257812
9 0.5773438 0.6468750 0.0234375 0.0234375
10 0.5734375 0.5363281 0.0177083 0.0226562
6 0.3994792 0.5085937 0.0218750 0.0312500
11 0.4468750 0.6492187 0.0218750 0.0234375
11 0.5591146 0.3269531 0.0203125 0.0335937
9 0.3750000 0.8363281 0.0239583 0.0242188
7 0.6601562 0.4582031 0.0244792 0.0289063
8 0.5244792 0.4609375 0.0156250 0.0359375
8 0.5723958 0.4527344 0.0229167 0.0226562
10 0.5145833 0.7335938 0.0145833 0.0265625
11 0.7783854 0.3652344 0.0255208 0.0242188
9 0.3848958 0.7042969 0.0229167 0.0320312
9 0.4625000 0.8152344 0.0218750 0.0320312
8 0.7044271 0.7218750 0.0171875 0.0375000
9 0.4541667 0.7097656 0.0208333 0.0242188
10 0.6882812 0.6265625 0.0244792 0.0281250
8 0.5197917 0.4113281 0.0177083 0.0289063
