2 0.2101562 0.7722656 0.1286458 0.2273438
4 0.6950521 0.5058594 0.1734375 0.1570313
0 0.3875000 0.5785156 0.1625000 0.1351563
4 0.3898437 0.2445313 0.1005208 0.1500000
2 0.4575521 0.6667969 0.0994792 0.1914062
4 0.7242188 0.1945312 0.1630208 0.1437500
5 0.6895833 0.3710938 0.1020833 0.2406250
2 0.7570313 0.3789062 0.0796875 0.1093750
4 0.7093750 0.5019531 0.1416667 0.1117188
3 0.5640625 0.2453125 0.0885417 0.1656250
1 0.2273438 0.4769531 0.1151042 0.2523437
2 0.3833333 0.5820312 0.1583333 0.1671875
4 0.2171875 0.3523438 0.1812500 0.1281250
5 0.5544271 0.2687500 0.0796875 0.1718750
1 0.4356771 0.6773438 0.0807292 0.1375000
3 0.3700521 0.8937500 0.1817708 0.1312500
3 0.3622396 0.8222656 0.0911458 0.2742188
4 0.7476563 0.5125000 0.1130208 0.1531250
2 0.4622396 0.8906250 0.0984375 0.2171875
4 0.4869792 0.6273437 0.1593750 0.1359375
0 0.3169271 0.4589844 0.1390625 0.1273438
3 0.7088542 0.6636719 0.0875000 0.2398437
5 0.6382813 0.4628906 0.0890625 0.1492188
3 0.6752604 0.6281250 0.1619792 0.1687500
4 0.6559896 0.4371094 0.1619792 0.1257813
3 0.3781250 0.1863281 0.1437500 0.2195313
0 0.5763021 0.3632812 0.1619792 0.1156250
4 0.5302083 0.7328125 0.1406250 0.2140625
5 0.6731771 0.6355469 0.1567708 0.1726563
2 0.6000000 0.4625000 0.0947917 0.1875000
1 0.7752604 0.1644531 0.0838542 0.2601562
1 0.7658854 0.7875000 0.1546875 0.1078125
1 0.4981771 0.6878906 0.0776042 0.1289062
3 0.7200521 0.5730469 0.0744792 0.2492187
0 0.3190104 0.5894531 0.1588542 0.1414063
1 0.6643229 0.4808594 0.1526042 0.1554687
5 0.2692708 0.4390625 0.1656250 0.1656250
5 0.3484375 0.7656250 0.1750000 0.1375000
0 0.3656250 0.7214844 0.1520833 0.1367188
1 0.4942708 0.4976563 0.1635417 0.1156250
4 0.1984375 0.2574219 0.1822917 0.1117188
1 0.7778646 0.6246094 0.0838542 0.1460937
4 0.7312500 0.3277344 0.1708333 0.1132812
2 0.4752604 0.4710937 0.0838542 0.1921875
0 0.1911458 0.5148438 0.1447917 0.1984375
1 0.5520833 0.9007812 0.1708333 0.1203125
1 0.3703125 0.1910156 0.1552083 0.2382812
1 0.6593750 0.3031250 0.1062500 0.2625000
1 0.4963542 0.2714844 0.1604167 0.1398437
0 0.7106771 0.5140625 0.1286458 0.2328125
1 0.5851563 0.4929688 0.1432292 0.1765625
1 0.3489583 0.1339844 0.0750000 0.1882813
4 0.4307292 0.2519531 0.1718750 0.1132812
0 0.4731771 0.7113281 0.1328125 0.2414062
10 0.4033854 0.6207031 0.1171875 0.2007812
6 0.3731771 0.1148437 0.1213542 0.2296875
7 0.6486979 0.5906250 0.1515625 0.1468750
6 0.5408854 0.5503906 0.1442708 0.1414063
8 0.7880208 0.7929688 0.1593750 0.1593750
8 0.2635417 0.1804688 0.1145833 0.2343750
9 0.4937500 0.3828125 0.1062500 0.2421875
7 0.6406250 0.8179688 0.1593750 0.1671875
8 0.6963542 0.7914062 0.1614583 0.2093750
9 0.3778646 0.8585938 0.1234375 0.2718750
8 0.5500000 0.6605469 0.1062500 0.2539062
11 0.8489583 0.4386719 0.1281250 0.2476562
11 0.4638021 0.7609375 0.1723958 0.1765625
6 0.6559896 0.9285156 0.1765625 0.1414063
8 0.7346354 0.8925781 0.1401042 0.1570313
10 0.5010417 0.5593750 0.1260417 0.1937500
10 0.5700521 0.9160156 0.1661458 0.1664063
