3 0.4398437 0.3507812 0.0255208 0.0343750
3 0.3132813 0.5320312 0.0463542 0.0421875
5 0.7044271 0.2671875 0.0432292 0.0281250
3 0.4645833 0.7066406 0.0416667 0.0304687
2 0.5265625 0.4796875 0.0302083 0.0359375
3 0.6622396 0.1941406 0.0348958 0.0335937
5 0.7059896 0.7457031 0.0255208 0.0585938
1 0.5239583 0.3097656 0.0239583 0.0414062
3 0.6101562 0.3996094 0.0234375 0.0367188
1 0.5526042 0.8710938 0.0406250 0.0484375
2 0.5963542 0.6472656 0.0302083 0.0570312
1 0.6713542 0.7847656 0.0187500 0.0382813
4 0.5375000 0.6078125 0.0291667 0.0296875
1 0.4684896 0.1925781 0.0286458 0.0367188
1 0.7283854 0.4640625 0.0432292 0.0359375
5 0.4960938 0.1441406 0.0192708 0.0289063
2 0.4497396 0.5023437 0.0338542 0.0484375
2 0.5627604 0.2136719 0.0380208 0.0601563
7 0.5416667 0.2214844 0.0354167 0.0398437
9 0.4244792 0.3738281 0.0281250 0.0632812
9 0.6984375 0.6218750 0.0416667 0.0406250
