5 0.6299479 0.6355469 0.0286458 0.0382813
5 0.4080729 0.6218750 0.0182292 0.0250000
5 0.5247396 0.2453125 0.0234375 0.0234375
5 0.4664063 0.6074219 0.0244792 0.0445313
4 0.4359375 0.4566406 0.0239583 0.0226562
0 0.4171875 0.5238281 0.0322917 0.0320312
5 0.5106771 0.1242188 0.0171875 0.0281250
0 0.7174479 0.9417969 0.0234375 0.0289063
4 0.5260417 0.5390625 0.0156250 0.0218750
3 0.5289063 0.6691406 0.0369792 0.0257812
3 0.5895833 0.6175781 0.0333333 0.0226562
4 0.6049479 0.1992188 0.0234375 0.0281250
2 0.4127604 0.4363281 0.0307292 0.0226562
2 0.4135417 0.5574219 0.0229167 0.0289063
4 0.5916667 0.6605469 0.0125000 0.0273438
3 0.5718750 0.6281250 0.0156250 0.0218750
5 0.3015625 0.5636719 0.0291667 0.0289063
4 0.5200521 0.1789062 0.0317708 0.0218750
2 0.6273437 0.4378906 0.0317708 0.0320312
5 0.3789062 0.3839844 0.0171875 0.0273438
1 0.3450521 0.5882812 0.0348958 0.0187500
2 0.4281250 0.3632812 0.0322917 0.0187500
11 0.6617188 0.3414063 0.0276042 0.0437500
11 0.5302083 0.3078125 0.0291667 0.0343750
10 0.4401042 0.6914062 0.0197917 0.0281250
10 0.5486979 0.9144531 0.0203125 0.0460938
7 0.5429688 0.8699219 0.0328125 0.0335937
6 0.5955729 0.7367187 0.0307292 0.0421875
7 0.2820313 0.4675781 0.0244792 0.0398437
8 0.4166667 0.3394531 0.0333333 0.0320312
6 0.5223958 0.8066406 0.0270833 0.0398437
11 0.6380208 0.3796875 0.0354167 0.0453125
10 0.5260417 0.4515625 0.0281250 0.0406250
9 0.6656250 0.7132812 0.0197917 0.0468750
7 0.6856771 0.4179688 0.0296875 0.0296875
8 0.3591146 0.4957031 0.0213542 0.0492187
10 0.6645833 0.2156250 0.0312500 0.0343750
9 0.5489583 0.6003906 0.0260417 0.0523438
6 0.4651042 0.6687500 0.0197917 0.0296875
9 0.6190104 0.7378906 0.0203125 0.0304687
8 0.2992187 0.6019531 0.0234375 0.0476562
7 0.6671875 0.4394531 0.0208333 0.0492187
