5 0.4661458 0.6667969 0.0187500 0.0539063
1 0.3304687 0.3855469 0.0213542 0.0382813
0 0.6966146 0.3792969 0.0192708 0.0414062
1 0.7044271 0.3031250 0.0317708 0.0265625
2 0.6427083 0.3500000 0.0375000 0.0359375
3 0.5302083 0.6117187 0.0375000 0.0250000
3 0.2960937 0.5515625 0.0328125 0.0265625
5 0.3111979 0.6593750 0.0369792 0.0375000
5 0.6122396 0.4218750 0.0244792 0.0437500
0 0.4312500 0.6234375 0.0218750 0.0500000
4 0.4171875 0.9085937 0.0291667 0.0437500
1 0.5604167 0.4640625 0.0166667 0.0406250
2 0.6098958 0.6859375 0.0364583 0.0296875
2 0.6867188 0.5011719 0.0328125 0.0289063
2 0.6052083 0.6570312 0.0322917 0.0421875
1 0.4226563 0.2414062 0.0307292 0.0375000
4 0.6690104 0.7023438 0.0307292 0.0234375
3 0.4940104 0.2113281 0.0213542 0.0273438
0 0.7197917 0.4609375 0.0291667 0.0406250
5 0.5151042 0.5531250 0.0197917 0.0343750
1 0.4104167 0.5933594 0.0260417 0.0507812
1 0.2744792 0.5351562 0.0302083 0.0328125
4 0.4794271 0.1808594 0.0348958 0.0273438
5 0.7223958 0.6925781 0.0395833 0.0289063
4 0.5658854 0.7929688 0.0317708 0.0328125
5 0.4981771 0.2218750 0.0223958 0.0312500
0 0.6429687 0.4269531 0.0171875 0.0554687
1 0.5958333 0.3484375 0.0302083 0.0343750
2 0.6070313 0.4046875 0.0265625 0.0296875
4 0.5440104 0.7542969 0.0171875 0.0570312
3 0.5536458 0.4898438 0.0239583 0.0265625
3 0.5591146 0.2468750 0.0369792 0.0265625
5 0.6588542 0.7765625 0.0218750 0.0578125
4 0.5239583 0.3031250 0.0239583 0.0375000
3 0.3911458 0.5851563 0.0302083 0.0484375
1 0.4867187 0.3914063 0.0151042 0.0359375
1 0.6690104 0.2304688 0.0338542 0.0250000
5 0.5963542 0.6695313 0.0375000 0.0343750
1 0.4789062 0.1781250 0.0265625 0.0328125
2 0.4927083 0.6785156 0.0312500 0.0335937
5 0.6531250 0.3476562 0.0322917 0.0281250
2 0.5335937 0.7398438 0.0317708 0.0375000
5 0.6283854 0.8566406 0.0380208 0.0289063
1 0.5716146 0.1757812 0.0171875 0.0453125
3 0.5075521 0.8054687 0.0203125 0.0578125
2 0.5054688 0.4734375 0.0328125 0.0265625
0 0.3286458 0.2375000 0.0375000 0.0343750
0 0.5882812 0.2074219 0.0317708 0.0257812
2 0.3505208 0.5035156 0.0281250 0.0476562
0 0.4447917 0.3664062 0.0218750 0.0593750
0 0.6911458 0.6742187 0.0302083 0.0265625
4 0.5812500 0.6117187 0.0395833 0.0265625
0 0.6351562 0.7878906 0.0223958 0.0492187
3 0.5408854 0.4109375 0.0213542 0.0406250
5 0.6156250 0.1953125 0.0218750 0.0359375
2 0.4289062 0.4062500 0.0286458 0.0328125
2 0.4054687 0.5027344 0.0359375 0.0304687
5 0.4278646 0.2527344 0.0171875 0.0335937
3 0.3255208 0.6789063 0.0343750 0.0265625
4 0.4924479 0.5234375 0.0307292 0.0343750
5 0.3932292 0.2085937 0.0364583 0.0281250
2 0.5838542 0.4238281 0.0333333 0.0382813
0 0.6057292 0.1824219 0.0156250 0.0554687
0 0.3713542 0.1699219 0.0229167 0.0492187
1 0.7098958 0.4679687 0.0385417 0.0265625
1 0.4611979 0.1945312 0.0348958 0.0187500
3 0.6781250 0.5210938 0.0312500 0.0390625
5 0.3533854 0.1230469 0.0276042 0.0367188
0 0.5947917 0.2105469 0.0333333 0.0226562
4 0.5226563 0.4277344 0.0234375 0.0273438
4 0.6013021 0.8070312 0.0369792 0.0281250
5 0.4492188 0.1660156 0.0390625 0.0289063
0 0.7062500 0.5757813 0.0343750 0.0312500
4 0.4044271 0.3187500 0.0203125 0.0390625
1 0.5424479 0.3941406 0.0328125 0.0226562
4 0.5015625 0.4226563 0.0291667 0.0281250
10 0.6632813 0.7402344 0.0296875 0.0476562
9 0.6533854 0.4171875 0.0203125 0.0312500
10 0.5976562 0.4914062 0.0265625 0.0437500
8 0.8002604 0.3734375 0.0286458 0.0500000
9 0.5661458 0.3566406 0.0229167 0.0367188
7 0.4575521 0.3675781 0.0286458 0.0492187
9 0.6442708 0.2468750 0.0322917 0.0421875
10 0.4614583 0.6554688 0.0333333 0.0406250
10 0.7187500 0.4726562 0.0343750 0.0328125
