2 0.3789062 0.0859375 0.0734375 0.1718750
5 0.3721354 0.6554688 0.0557292 0.1812500
0 0.5434896 0.3695312 0.0963542 0.0890625
5 0.4518229 0.3222656 0.0609375 0.1929687
2 0.2955729 0.5265625 0.1348958 0.1125000
0 0.6802083 0.0996094 0.1312500 0.0929688
4 0.4924479 0.5636719 0.0828125 0.1335938
0 0.5486979 0.2742188 0.0661458 0.1812500
2 0.4236979 0.3640625 0.0890625 0.1078125
2 0.6736979 0.9312500 0.1317708 0.0984375
5 0.5179687 0.9632812 0.0692708 0.0718750
2 0.7242188 0.5796875 0.1265625 0.1078125
4 0.7328125 0.3082031 0.1281250 0.1054688
5 0.5122396 0.9156250 0.0682292 0.1187500
0 0.6028646 0.4988281 0.1265625 0.1085938
1 0.5114583 0.5832031 0.1052083 0.1226562
1 0.5328125 0.8808594 0.0822917 0.1898438
2 0.5697917 0.7285156 0.1229167 0.0804688
3 0.7302083 0.5062500 0.1291667 0.0921875
3 0.3872396 0.5265625 0.0744792 0.2093750
3 0.6940104 0.4777344 0.1255208 0.1226562
3 0.6622396 0.8441406 0.0963542 0.1023437
2 0.6963542 0.6417969 0.0854167 0.0835937
3 0.5598958 0.5949219 0.1093750 0.0710937
5 0.6617188 0.4113281 0.0536458 0.1226562
4 0.4382813 0.2476562 0.0838542 0.1390625
4 0.2807292 0.2191406 0.0562500 0.1039063
5 0.4312500 0.7859375 0.0739583 0.1750000
1 0.4552083 0.2570312 0.0677083 0.1656250
4 0.4070313 0.4304688 0.1328125 0.1093750
1 0.4901042 0.6359375 0.1208333 0.1125000
0 0.4252604 0.0636719 0.0776042 0.1273438
4 0.4898438 0.6972656 0.1140625 0.0835937
1 0.4593750 0.2074219 0.0864583 0.2117188
4 0.4945312 0.4957031 0.1057292 0.1226562
5 0.5127604 0.6832031 0.1151042 0.1023437
0 0.3695312 0.5828125 0.1234375 0.0765625
2 0.6942708 0.6429687 0.1010417 0.0890625
0 0.5627604 0.4882812 0.0744792 0.1625000
5 0.6763021 0.5394531 0.1088542 0.1273438
2 0.4460938 0.2550781 0.0598958 0.1523438
4 0.5515625 0.7722656 0.0677083 0.1476562
4 0.7398438 0.5386719 0.1223958 0.0882813
2 0.5513021 0.1308594 0.0744792 0.1210938
2 0.6526042 0.2437500 0.1166667 0.1000000
4 0.5020833 0.6191406 0.0614583 0.1414063
0 0.7333333 0.5109375 0.1302083 0.1109375
2 0.5864583 0.4648438 0.0979167 0.1281250
5 0.5304688 0.3390625 0.1171875 0.0843750
5 0.7442708 0.8031250 0.1166667 0.0718750
0 0.2286458 0.5375000 0.0750000 0.1671875
5 0.3161458 0.8742188 0.0718750 0.1718750
4 0.5419271 0.0917969 0.1223958 0.1257813
4 0.5703125 0.7925781 0.1104167 0.1648438
0 0.8226562 0.3984375 0.1046875 0.1312500
0 0.5533854 0.7378906 0.1296875 0.1320312
1 0.3106771 0.7718750 0.0869792 0.1656250
1 0.4015625 0.4714844 0.0812500 0.1148437
5 0.3872396 0.6050781 0.1109375 0.0898438
2 0.5046875 0.7277344 0.1135417 0.0789062
3 0.4393229 0.9160156 0.0484375 0.1664063
1 0.3234375 0.4527344 0.0697917 0.1101562
5 0.7533854 0.6542969 0.1286458 0.0867187
0 0.6070313 0.9660156 0.1015625 0.0664062
1 0.5359375 0.3664062 0.0864583 0.1015625
4 0.4054687 0.6156250 0.0921875 0.1578125
3 0.4609375 0.8015625 0.1250000 0.0953125
2 0.5468750 0.2949219 0.1281250 0.1101562
2 0.7375000 0.4835937 0.1114583 0.1046875
0 0.6380208 0.3371094 0.0760417 0.1101562
9 0.7760417 0.2335937 0.1197917 0.1187500
10 0.3744792 0.3191406 0.1260417 0.1320312
7 0.5768229 0.5722656 0.1026042 0.1039063
11 0.4770833 0.3410156 0.0843750 0.1226562
8 0.4843750 0.5656250 0.1000000 0.1031250
7 0.2393229 0.3652344 0.1244792 0.1648438
6 0.8208333 0.4070313 0.1156250 0.1296875
8 0.5059896 0.2449219 0.0828125 0.1882813
8 0.6390625 0.4257812 0.1197917 0.1312500
6 0.1562500 0.4644531 0.1093750 0.1242188
11 0.6111979 0.1605469 0.1057292 0.1757812
7 0.5466146 0.5878906 0.1234375 0.1179687
