5 0.4127604 0.4757812 0.0348958 0.0453125
0 0.4601562 0.4671875 0.0182292 0.0562500
4 0.3846354 0.7183594 0.0171875 0.0539063
1 0.5098958 0.2160156 0.0291667 0.0304687
0 0.5736979 0.3316406 0.0411458 0.0335937
4 0.6432292 0.6000000 0.0406250 0.0328125
2 0.4033854 0.3980469 0.0276042 0.0351562
0 0.3557292 0.4660156 0.0260417 0.0273438
4 0.6382813 0.5800781 0.0182292 0.0414062
4 0.5125000 0.9980469 0.0052083 0.0023437
1 0.6395833 0.2898438 0.0260417 0.0515625
0 0.7234375 0.6542969 0.0343750 0.0335937
1 0.4583333 0.6683594 0.0208333 0.0414062
2 0.3296875 0.7386719 0.0416667 0.0273438
0 0.5835938 0.4750000 0.0369792 0.0250000
0 0.4721354 0.2976563 0.0223958 0.0437500
5 0.4299479 0.4660156 0.0328125 0.0554687
5 0.6776042 0.6117187 0.0375000 0.0218750
2 0.6585937 0.7164063 0.0213542 0.0437500
4 0.3361979 0.5554687 0.0255208 0.0406250
0 0.5096354 0.8222656 0.0223958 0.0507812
10 0.3890625 0.6179687 0.0354167 0.0343750
8 0.4700521 0.5832031 0.0380208 0.0382813
11 0.3109375 0.6605469 0.0250000 0.0570312
8 0.6807292 0.1710937 0.0385417 0.0375000
8 0.5393229 0.0992187 0.0255208 0.0546875
7 0.3742187 0.4968750 0.0380208 0.0390625
7 0.4364583 0.1769531 0.0385417 0.0429688
11 0.6263021 0.5246094 0.0296875 0.0476562
8 0.6822917 0.1898438 0.0281250 0.0359375
8 0.4190104 0.8656250 0.0338542 0.0515625
7 0.5554687 0.5003906 0.0359375 0.0351562
9 0.6247396 0.0410156 0.0359375 0.0351562
9 0.5942708 0.2144531 0.0270833 0.0523438
11 0.4098958 0.7031250 0.0229167 0.0515625
