5 0.5497396 0.5453125 0.0203125 0.0265625
2 0.4291667 0.5351562 0.0375000 0.0250000
0 0.5434896 0.4207031 0.0369792 0.0273438
4 0.7356771 0.6113281 0.0401042 0.0273438
1 0.6367188 0.6500000 0.0359375 0.0250000
4 0.2700521 0.6171875 0.0203125 0.0593750
4 0.4330729 0.5902344 0.0265625 0.0382813
0 0.6958333 0.8554688 0.0375000 0.0312500
3 0.5023437 0.5750000 0.0276042 0.0546875
5 0.6135417 0.2105469 0.0291667 0.0257812
0 0.4072917 0.3371094 0.0302083 0.0585938
0 0.4393229 0.6406250 0.0234375 0.0546875
3 0.6005208 0.2753906 0.0197917 0.0523438
5 0.4645833 0.8656250 0.0187500 0.0296875
3 0.4554687 0.4437500 0.0265625 0.0343750
1 0.7216146 0.5250000 0.0203125 0.0609375
0 0.5611979 0.7003906 0.0192708 0.0398437
5 0.4539063 0.7183594 0.0317708 0.0523438
1 0.6885417 0.5101562 0.0218750 0.0375000
2 0.3268229 0.7214844 0.0255208 0.0570312
2 0.5585938 0.7144531 0.0223958 0.0414062
5 0.4528646 0.2093750 0.0296875 0.0484375
0 0.5716146 0.5613281 0.0401042 0.0289063
1 0.6479167 0.4246094 0.0354167 0.0367188
5 0.5971354 0.4062500 0.0192708 0.0500000
4 0.5132813 0.9671875 0.0265625 0.0562500
0 0.4968750 0.2867188 0.0229167 0.0531250
4 0.6958333 0.5925781 0.0375000 0.0304687
4 0.7330729 0.3371094 0.0192708 0.0617188
4 0.3473958 0.2601562 0.0197917 0.0578125
0 0.5377604 0.4863281 0.0338542 0.0320312
1 0.5283854 0.8179688 0.0390625 0.0234375
4 0.5192708 0.5917969 0.0406250 0.0273438
2 0.5088542 0.5742188 0.0302083 0.0468750
0 0.6445312 0.7128906 0.0401042 0.0273438
2 0.5882812 0.2214844 0.0276042 0.0492187
5 0.2950521 0.6789063 0.0411458 0.0218750
2 0.5903646 0.4109375 0.0192708 0.0609375
1 0.5408854 0.5375000 0.0401042 0.0375000
4 0.4203125 0.8332031 0.0333333 0.0335937
5 0.7895833 0.5304688 0.0312500 0.0312500
2 0.4078125 0.0500000 0.0229167 0.0578125
8 0.3755208 0.2390625 0.0291667 0.0375000
7 0.3143229 0.5023437 0.0401042 0.0375000
10 0.4937500 0.4167969 0.0395833 0.0382813
6 0.3552083 0.4074219 0.0260417 0.0507812
10 0.7656250 0.7011719 0.0375000 0.0367188
