2 0.3044271 0.3800781 0.0859375 0.0585938
2 0.6294271 0.4800781 0.0557292 0.0648438
5 0.6651042 0.4988281 0.0802083 0.0570312
3 0.4486979 0.3488281 0.0744792 0.1117188
2 0.2968750 0.3675781 0.0833333 0.0726563
0 0.6927083 0.4976563 0.0843750 0.0593750
0 0.3940104 0.3414063 0.0755208 0.0656250
3 0.5697917 0.4312500 0.0822917 0.0953125
5 0.5151042 0.4933594 0.0864583 0.0554687
0 0.6901042 0.4140625 0.0812500 0.0671875
3 0.7515625 0.6660156 0.0958333 0.0742188
1 0.7200521 0.6621094 0.0890625 0.0617188
3 0.6729167 0.5710937 0.0406250 0.0734375
2 0.7658854 0.6160156 0.0880208 0.0492187
5 0.3908854 0.8824219 0.0546875 0.1148437
1 0.4950521 0.5324219 0.0682292 0.0867187
0 0.1919271 0.4761719 0.0723958 0.0617188
1 0.5343750 0.6148438 0.0635417 0.0718750
2 0.5861979 0.1742188 0.0661458 0.0750000
0 0.3736979 0.2667969 0.0786458 0.1054688
1 0.3541667 0.5531250 0.0625000 0.1000000
4 0.6291667 0.8804688 0.0989583 0.0703125
0 0.3052083 0.2980469 0.0510417 0.0726563
0 0.5872396 0.7390625 0.0796875 0.0781250
0 0.5111979 0.2660156 0.0817708 0.1101562
5 0.5833333 0.3152344 0.0822917 0.0554687
2 0.6992188 0.8898438 0.0911458 0.0703125
5 0.4776042 0.1765625 0.0708333 0.1187500
1 0.3848958 0.5550781 0.0916667 0.0632812
3 0.3656250 0.4558594 0.0864583 0.0992187
2 0.5916667 0.4445312 0.0385417 0.1218750
3 0.6359375 0.5285156 0.0604167 0.0695313
1 0.4960938 0.3316406 0.0796875 0.1085938
5 0.6651042 0.4007812 0.0875000 0.0656250
0 0.3523438 0.5273438 0.0838542 0.0578125
3 0.5640625 0.5164062 0.0739583 0.0640625
2 0.5473958 0.3476562 0.0604167 0.0921875
0 0.5526042 0.3230469 0.0635417 0.1273438
5 0.7755208 0.6343750 0.0875000 0.0718750
5 0.6729167 0.4902344 0.0510417 0.1007813
4 0.2276042 0.3289063 0.0427083 0.1281250
0 0.6893229 0.6804687 0.0505208 0.0968750
2 0.7072917 0.3195312 0.0968750 0.0640625
5 0.2177083 0.4621094 0.1010417 0.0695313
2 0.6843750 0.5929688 0.0937500 0.0843750
2 0.7335938 0.4378906 0.0515625 0.0851563
0 0.6210938 0.6492187 0.0932292 0.0640625
3 0.6898437 0.3812500 0.0640625 0.0859375
5 0.4320312 0.5636719 0.0953125 0.0632812
1 0.6361979 0.5230469 0.0963542 0.0742188
5 0.5583333 0.2957031 0.0833333 0.0820312
5 0.2486979 0.4261719 0.0505208 0.0648438
2 0.3700521 0.3234375 0.0890625 0.0703125
2 0.2828125 0.1843750 0.0468750 0.1203125
3 0.8010417 0.2714844 0.0500000 0.0773438
2 0.3343750 0.7265625 0.0854167 0.0609375
0 0.5770833 0.1628906 0.0447917 0.1132812
3 0.4078125 0.6710938 0.0937500 0.0625000
2 0.5190104 0.8179688 0.0890625 0.0671875
4 0.6434896 0.7847656 0.0515625 0.0554687
4 0.5148438 0.5308594 0.0640625 0.0789062
2 0.3208333 0.6097656 0.0520833 0.0632812
4 0.4513021 0.6093750 0.0651042 0.0562500
3 0.6859375 0.1699219 0.0447917 0.1226562
3 0.2406250 0.6984375 0.0927083 0.0640625
4 0.5348958 0.4402344 0.0812500 0.0570312
1 0.6263021 0.5441406 0.0880208 0.0585938
2 0.3346354 0.5093750 0.0484375 0.0562500
0 0.4744792 0.7246094 0.0635417 0.1164063
2 0.5484375 0.7082031 0.0968750 0.0601563
5 0.5500000 0.1343750 0.0770833 0.0812500
3 0.4986979 0.3839844 0.0796875 0.1039063
0 0.3179688 0.5132813 0.0984375 0.0812500
4 0.7062500 0.3750000 0.0385417 0.1281250
10 0.6223958 0.6468750 0.0802083 0.0796875
9 0.5330729 0.0894531 0.0671875 0.1367188
11 0.5677083 0.8195313 0.0770833 0.0984375
6 0.7929688 0.4773438 0.0807292 0.0781250
7 0.5348958 0.5589844 0.0770833 0.0757812
8 0.4953125 0.6343750 0.0843750 0.0984375
9 0.3549479 0.4523437 0.0807292 0.0953125
9 0.5335937 0.3507812 0.0921875 0.0984375
8 0.5851563 0.3125000 0.0744792 0.1359375
9 0.5986979 0.1941406 0.0796875 0.0789062
11 0.5333333 0.3531250 0.0843750 0.0828125
7 0.6226563 0.2894531 0.0619792 0.0757812
11 0.2703125 0.4085937 0.0833333 0.0906250
10 0.2781250 0.7007813 0.0562500 0.1078125
6 0.7247396 0.3328125 0.0942708 0.0937500
10 0.4783854 0.5371094 0.0723958 0.1132812
10 0.3085938 0.4972656 0.0567708 0.1320312
11 0.2609375 0.8886719 0.0541667 0.1242188
7 0.6687500 0.5371094 0.0770833 0.0851563
8 0.3166667 0.6320313 0.0552083 0.1234375
