2 0.5421875 0.3148437 0.0989583 0.1750000
2 0.2648437 0.3562500 0.1588542 0.1093750
4 0.2361979 0.8535156 0.1734375 0.1320312
4 0.6833333 0.6789063 0.1468750 0.0859375
1 0.5333333 0.6687500 0.1135417 0.1984375
1 0.3986979 0.2738281 0.1286458 0.1007813
0 0.6557292 0.2757812 0.1447917 0.1671875
3 0.5156250 0.5285156 0.1072917 0.1195313
0 0.6841146 0.2390625 0.1630208 0.1203125
4 0.6091146 0.2105469 0.1421875 0.0867187
2 0.4914062 0.6519531 0.1328125 0.1132812
3 0.4369792 0.4019531 0.0843750 0.1960938
1 0.4364583 0.2804687 0.1447917 0.1578125
0 0.6932292 0.2636719 0.1687500 0.1679688
0 0.7044271 0.8042969 0.0828125 0.1429688
2 0.6341146 0.4121094 0.1494792 0.0929688
5 0.6648437 0.6359375 0.1619792 0.1109375
2 0.3278646 0.3640625 0.1671875 0.1328125
1 0.3458333 0.2308594 0.1468750 0.1789062
1 0.6666667 0.5785156 0.1489583 0.1101562
4 0.2690104 0.7152344 0.1088542 0.2117188
8 0.7664062 0.1910156 0.1505208 0.1507813
6 0.6203125 0.3417969 0.1291667 0.1914062
6 0.2942708 0.5898438 0.1395833 0.1640625
9 0.3312500 0.8519531 0.1052083 0.1898438
8 0.5867187 0.6433594 0.0911458 0.1679688
11 0.3973958 0.1464844 0.1010417 0.2382812
8 0.8239583 0.3554688 0.0947917 0.2234375
9 0.3867188 0.7722656 0.0901042 0.1289062
8 0.3026042 0.8230469 0.0989583 0.2273438
6 0.2921875 0.6617188 0.1406250 0.1625000
10 0.1796875 0.4125000 0.1572917 0.1500000
