5 0.6424479 0.5000000 0.0401042 0.0734375
3 0.7414063 0.5324219 0.0348958 0.0679687
3 0.6148438 0.7296875 0.0526042 0.0703125
1 0.4356771 0.4121094 0.0713542 0.0523438
2 0.3690104 0.5937500 0.0671875 0.0468750
3 0.6880208 0.3406250 0.0572917 0.0515625
2 0.6028646 0.2593750 0.0526042 0.0765625
0 0.5747396 0.7546875 0.0432292 0.0859375
1 0.7239583 0.7039062 0.0645833 0.0437500
0 0.5427083 0.3339844 0.0552083 0.0460938
5 0.5338542 0.0800781 0.0395833 0.0648438
3 0.3390625 0.3539062 0.0656250 0.0375000
0 0.4283854 0.6140625 0.0671875 0.0468750
3 0.4692708 0.7488281 0.0343750 0.0976562
4 0.5033854 0.6324219 0.0609375 0.0460938
2 0.3945312 0.6500000 0.0369792 0.0609375
1 0.6044271 0.4484375 0.0703125 0.0609375
3 0.6036458 0.5105469 0.0468750 0.0632812
2 0.3851562 0.6804687 0.0411458 0.0656250
3 0.3361979 0.2355469 0.0390625 0.0945312
5 0.5182292 0.3195312 0.0437500 0.0781250
5 0.4283854 0.2019531 0.0682292 0.0492187
3 0.7317708 0.1992188 0.0687500 0.0437500
1 0.5567708 0.7214844 0.0635417 0.0414062
4 0.4825521 0.6890625 0.0442708 0.0500000
2 0.5171875 0.5808594 0.0343750 0.0585938
5 0.3585937 0.7687500 0.0692708 0.0421875
0 0.3138021 0.4359375 0.0661458 0.0531250
5 0.5138021 0.2960937 0.0380208 0.0953125
4 0.3953125 0.4613281 0.0625000 0.0367188
0 0.5072917 0.0941406 0.0656250 0.0804688
0 0.4093750 0.3140625 0.0343750 0.0593750
3 0.4958333 0.2578125 0.0427083 0.0500000
0 0.4460938 0.6988281 0.0317708 0.0632812
4 0.5658854 0.5406250 0.0661458 0.0578125
1 0.6010417 0.3339844 0.0312500 0.0445313
0 0.6684896 0.2335937 0.0682292 0.0390625
2 0.3528646 0.4519531 0.0630208 0.0523438
4 0.2763021 0.2812500 0.0515625 0.0593750
4 0.5179687 0.6074219 0.0432292 0.0445313
1 0.6179687 0.2890625 0.0515625 0.0812500
4 0.5411458 0.2652344 0.0614583 0.0445313
5 0.3221354 0.4851563 0.0442708 0.0937500
2 0.3406250 0.4601562 0.0416667 0.0796875
2 0.6580729 0.2843750 0.0453125 0.0765625
3 0.4606771 0.3246094 0.0692708 0.0507812
2 0.5830729 0.2550781 0.0411458 0.0914062
0 0.4218750 0.5792969 0.0604167 0.0554687
3 0.5664062 0.5625000 0.0682292 0.0562500
3 0.4617188 0.6707031 0.0578125 0.0398437
3 0.6104167 0.1769531 0.0375000 0.0742188
5 0.4354167 0.3023438 0.0395833 0.0875000
3 0.3869792 0.2507813 0.0541667 0.0843750
5 0.6291667 0.5312500 0.0635417 0.0578125
3 0.6484375 0.7324219 0.0656250 0.0695313
0 0.4768229 0.6925781 0.0442708 0.0757812
4 0.3354167 0.3503906 0.0322917 0.0507812
4 0.3302083 0.5023437 0.0614583 0.0687500
5 0.3611979 0.3554688 0.0619792 0.0593750
2 0.5812500 0.6449219 0.0354167 0.1039063
3 0.5164062 0.7886719 0.0359375 0.0820312
0 0.2791667 0.6140625 0.0312500 0.0828125
4 0.5893229 0.4160156 0.0505208 0.0507812
1 0.4166667 0.6500000 0.0322917 0.1093750
0 0.5627604 0.5800781 0.0359375 0.0820312
5 0.3481771 0.1847656 0.0703125 0.0445313
3 0.4830729 0.3328125 0.0359375 0.0687500
1 0.7416667 0.5898438 0.0677083 0.0640625
0 0.4671875 0.8761719 0.0656250 0.0476562
5 0.4117188 0.4855469 0.0651042 0.0539063
5 0.6273437 0.7496094 0.0630208 0.0539063
1 0.5239583 0.4148438 0.0270833 0.0656250
2 0.2994792 0.4457031 0.0562500 0.0585938
1 0.4062500 0.1691406 0.0479167 0.0898438
9 0.5067708 0.7785156 0.0625000 0.0945312
11 0.3539062 0.3351562 0.0703125 0.0921875
9 0.5572917 0.0328125 0.0427083 0.0656250
11 0.5505208 0.6785156 0.0635417 0.0679687
9 0.6286458 0.6351562 0.0625000 0.0609375
8 0.5632812 0.4792969 0.0619792 0.1007813
9 0.3406250 0.2132813 0.0416667 0.0953125
11 0.4002604 0.7890625 0.0640625 0.0640625
8 0.5411458 0.6589844 0.0656250 0.0617188
