2 0.4583333 0.2824219 0.0281250 0.0851563
0 0.4799479 0.6113281 0.0401042 0.0429688
5 0.5244792 0.5414062 0.0604167 0.0546875
0 0.3911458 0.8136719 0.0416667 0.0742188
1 0.5880208 0.1843750 0.0416667 0.0453125
3 0.7208333 0.3109375 0.0593750 0.0546875
0 0.6377604 0.7160156 0.0567708 0.0570312
4 0.3109375 0.6308594 0.0583333 0.0585938
3 0.3679688 0.3523438 0.0505208 0.0578125
2 0.3213542 0.4863281 0.0447917 0.0570312
5 0.6169271 0.7734375 0.0598958 0.0468750
5 0.4455729 0.4667969 0.0244792 0.0882813
2 0.5765625 0.7433594 0.0635417 0.0476562
5 0.2893229 0.2679687 0.0557292 0.0656250
1 0.5981771 0.7941406 0.0484375 0.0789062
4 0.7005208 0.5316406 0.0385417 0.0632812
4 0.2736979 0.7539062 0.0515625 0.0484375
4 0.6213542 0.5593750 0.0552083 0.0781250
3 0.5559896 0.3781250 0.0328125 0.0656250
5 0.7067708 0.7375000 0.0437500 0.0453125
2 0.4632812 0.6203125 0.0578125 0.0406250
5 0.4278646 0.2738281 0.0442708 0.0507812
5 0.3924479 0.1550781 0.0328125 0.0710937
1 0.5437500 0.6781250 0.0552083 0.0375000
5 0.3216146 0.5562500 0.0473958 0.0671875
2 0.5684896 0.7027344 0.0401042 0.0742188
1 0.6666667 0.6214844 0.0458333 0.0664062
2 0.6065104 0.7234375 0.0359375 0.0578125
3 0.6085938 0.6960937 0.0588542 0.0546875
0 0.6575521 0.5054688 0.0640625 0.0484375
3 0.4447917 0.5281250 0.0406250 0.0546875
1 0.3664062 0.6503906 0.0401042 0.0929688
3 0.4856771 0.4898438 0.0421875 0.0796875
2 0.6838542 0.9320312 0.0427083 0.0671875
2 0.5734375 0.4746094 0.0645833 0.0398437
0 0.4601562 0.7519531 0.0359375 0.0882813
4 0.4674479 0.8789062 0.0296875 0.0484375
4 0.7052083 0.2339844 0.0656250 0.0351562
4 0.7195312 0.7222656 0.0473958 0.0585938
5 0.5747396 0.7167969 0.0359375 0.0539063
4 0.4973958 0.4171875 0.0364583 0.0734375
4 0.5692708 0.3425781 0.0583333 0.0414062
1 0.3497396 0.4074219 0.0661458 0.0554687
5 0.5179687 0.7636719 0.0338542 0.0789062
1 0.5106771 0.6835938 0.0567708 0.0468750
5 0.7119792 0.6265625 0.0468750 0.0703125
3 0.5966146 0.6062500 0.0640625 0.0453125
4 0.6359375 0.6351562 0.0479167 0.0750000
2 0.5169271 0.6183594 0.0432292 0.0789062
1 0.3651042 0.6082031 0.0416667 0.0851563
4 0.4859375 0.4375000 0.0385417 0.0750000
0 0.3885417 0.4144531 0.0562500 0.0507812
0 0.4361979 0.0812500 0.0390625 0.0687500
1 0.4440104 0.3628906 0.0265625 0.0664062
3 0.4388021 0.4648438 0.0588542 0.0546875
1 0.4528646 0.7105469 0.0578125 0.0429688
1 0.4684896 0.2972656 0.0463542 0.0445313
2 0.5356771 0.2921875 0.0401042 0.0750000
4 0.2882812 0.3906250 0.0442708 0.0656250
4 0.3158854 0.3371094 0.0296875 0.0460938
0 0.6411458 0.5652344 0.0354167 0.1023437
1 0.4846354 0.5089844 0.0557292 0.0398437
0 0.7085938 0.4296875 0.0494792 0.0640625
0 0.5164062 0.2777344 0.0369792 0.0539063
2 0.3093750 0.5511719 0.0281250 0.0945312
1 0.6692708 0.3011719 0.0510417 0.0742188
2 0.6388021 0.6828125 0.0411458 0.0921875
5 0.5473958 0.6410156 0.0614583 0.0445313
2 0.6395833 0.4773438 0.0541667 0.0421875
4 0.4799479 0.4027344 0.0390625 0.0601563
5 0.4924479 0.7636719 0.0546875 0.0601563
1 0.7226562 0.7187500 0.0442708 0.0468750
3 0.3044271 0.6140625 0.0578125 0.0515625
11 0.5013021 0.6394531 0.0609375 0.0882813
7 0.6018229 0.3488281 0.0515625 0.0804688
8 0.5403646 0.2808594 0.0598958 0.0601563
6 0.6119792 0.4722656 0.0531250 0.0742188
7 0.5015625 0.5917969 0.0416667 0.0757812
11 0.6125000 0.8347656 0.0541667 0.0601563
7 0.4708333 0.6285156 0.0427083 0.0851563
11 0.4958333 0.7652344 0.0541667 0.0914062
8 0.5375000 0.4925781 0.0572917 0.0570312
