4 0.3057292 0.7367187 0.0343750 0.0234375
2 0.3919271 0.7265625 0.0286458 0.0359375
0 0.5283854 0.3863281 0.0161458 0.0398437
0 0.3216146 0.4917969 0.0390625 0.0257812
2 0.3773437 0.3101563 0.0307292 0.0468750
5 0.4888021 0.1953125 0.0171875 0.0500000
3 0.6382813 0.5996094 0.0328125 0.0226562
3 0.6403646 0.6390625 0.0203125 0.0453125
2 0.6317708 0.8406250 0.0364583 0.0265625
2 0.3932292 0.5222656 0.0250000 0.0320312
1 0.5692708 0.3824219 0.0177083 0.0507812
2 0.4976563 0.1843750 0.0265625 0.0312500
5 0.4315104 0.4042969 0.0359375 0.0257812
0 0.4044271 0.3761719 0.0380208 0.0273438
2 0.5177083 0.5398437 0.0208333 0.0375000
1 0.5705729 0.2828125 0.0203125 0.0312500
2 0.6335937 0.8527344 0.0161458 0.0367188
1 0.7132812 0.1746094 0.0369792 0.0257812
2 0.6476563 0.7304688 0.0338542 0.0359375
3 0.2054688 0.5164062 0.0328125 0.0375000
8 0.4744792 0.4359375 0.0354167 0.0375000
7 0.7294271 0.3890625 0.0369792 0.0421875
10 0.5867187 0.2933594 0.0223958 0.0335937
9 0.5859375 0.6222656 0.0239583 0.0320312
9 0.5054688 0.2632813 0.0317708 0.0312500
10 0.4861979 0.5355469 0.0307292 0.0539063
11 0.6791667 0.5820312 0.0333333 0.0343750
10 0.3429687 0.2941406 0.0234375 0.0476562
6 0.4596354 0.2621094 0.0359375 0.0460938
6 0.4833333 0.3261719 0.0218750 0.0507812
6 0.5312500 0.5031250 0.0302083 0.0375000
9 0.2937500 0.5496094 0.0291667 0.0492187
8 0.4052083 0.2105469 0.0354167 0.0476562
7 0.5591146 0.4566406 0.0317708 0.0320312
9 0.3216146 0.3199219 0.0234375 0.0460938
6 0.4372396 0.1734375 0.0244792 0.0515625
6 0.7398438 0.3968750 0.0369792 0.0359375
10 0.4039063 0.4648438 0.0223958 0.0343750
6 0.2807292 0.3812500 0.0229167 0.0468750
