1 0.3536458 0.8402344 0.0593750 0.0414062
4 0.5494792 0.4636719 0.0364583 0.0773438
2 0.4380208 0.3691406 0.0468750 0.0789062
4 0.5554687 0.3449219 0.0588542 0.0445313
3 0.3859375 0.1609375 0.0604167 0.0421875
0 0.5768229 0.4414062 0.0338542 0.0390625
4 0.5536458 0.4382813 0.0583333 0.0453125
2 0.5854167 0.5453125 0.0625000 0.0562500
4 0.7067708 0.7355469 0.0531250 0.0398437
2 0.4783854 0.7355469 0.0390625 0.0460938
4 0.5513021 0.5511719 0.0265625 0.0882813
1 0.3960938 0.5464844 0.0255208 0.0523438
2 0.7101563 0.2324219 0.0588542 0.0445313
1 0.2888021 0.8546875 0.0630208 0.0453125
4 0.4338542 0.3414063 0.0520833 0.0656250
0 0.6364583 0.8476562 0.0666667 0.0484375
4 0.4117188 0.5250000 0.0359375 0.0500000
5 0.4750000 0.3019531 0.0291667 0.0945312
2 0.6195312 0.0695313 0.0630208 0.0593750
5 0.6692708 0.8242188 0.0614583 0.0500000
1 0.4921875 0.3328125 0.0447917 0.0593750
3 0.7367187 0.6343750 0.0536458 0.0593750
4 0.5010417 0.3890625 0.0666667 0.0484375
4 0.4226563 0.8722656 0.0390625 0.0585938
4 0.5286458 0.5472656 0.0635417 0.0445313
1 0.6510417 0.5070313 0.0593750 0.0625000
0 0.3765625 0.4300781 0.0354167 0.0789062
0 0.7658854 0.6902344 0.0619792 0.0523438
5 0.6789063 0.7925781 0.0640625 0.0476562
5 0.3302083 0.2750000 0.0322917 0.0640625
3 0.7486979 0.3320312 0.0598958 0.0421875
2 0.5919271 0.6523438 0.0276042 0.0500000
5 0.3179688 0.6578125 0.0671875 0.0453125
2 0.5841146 0.4425781 0.0369792 0.0710937
5 0.2010417 0.4820313 0.0406250 0.0718750
0 0.3729167 0.5351562 0.0291667 0.0796875
2 0.6343750 0.6500000 0.0593750 0.0468750
0 0.4565104 0.5535156 0.0307292 0.0492187
3 0.5411458 0.6375000 0.0302083 0.0796875
2 0.6841146 0.3609375 0.0494792 0.0468750
5 0.4916667 0.2839844 0.0364583 0.0710937
5 0.5205729 0.6234375 0.0328125 0.0765625
2 0.4755208 0.4929688 0.0375000 0.0812500
5 0.5473958 0.9417969 0.0510417 0.0445313
4 0.7031250 0.7078125 0.0468750 0.0406250
8 0.6585937 0.5890625 0.0619792 0.0593750
8 0.7828125 0.4578125 0.0593750 0.0703125
9 0.6513021 0.2457031 0.0588542 0.0742188
10 0.2906250 0.7371094 0.0531250 0.0867187
8 0.5531250 0.7746094 0.0520833 0.1007813
