5 0.4934896 0.7753906 0.0328125 0.1210938
4 0.2778646 0.7238281 0.0734375 0.0664062
3 0.4033854 0.6187500 0.0598958 0.0593750
1 0.3075521 0.6238281 0.0526042 0.0523438
4 0.5783854 0.4453125 0.0557292 0.0906250
4 0.5273438 0.5753906 0.0651042 0.0460938
1 0.3054688 0.7371094 0.0359375 0.1070312
2 0.3817708 0.3718750 0.0489583 0.0562500
3 0.6921875 0.6449219 0.0718750 0.0726563
1 0.7140625 0.6003906 0.0854167 0.0585938
5 0.6414062 0.1664063 0.0776042 0.0625000
4 0.3223958 0.7109375 0.0510417 0.0765625
0 0.2807292 0.4417969 0.0791667 0.0554687
1 0.5093750 0.4898438 0.0541667 0.0968750
1 0.6518229 0.5441406 0.0734375 0.0460938
2 0.5187500 0.2910156 0.0770833 0.0679687
0 0.6588542 0.6726562 0.0552083 0.0562500
5 0.6023437 0.2976563 0.0703125 0.0546875
2 0.5736979 0.5339844 0.0328125 0.1085938
2 0.2901042 0.3582031 0.0739583 0.0523438
3 0.5677083 0.5765625 0.0604167 0.0828125
3 0.6289062 0.5968750 0.0505208 0.0515625
5 0.5161458 0.5425781 0.0718750 0.0523438
3 0.6273437 0.8835937 0.0776042 0.0640625
0 0.4158854 0.5378906 0.0463542 0.0945312
0 0.6221354 0.6503906 0.0682292 0.0664062
5 0.4231771 0.6941406 0.0671875 0.0648438
2 0.6244792 0.6230469 0.0802083 0.0632812
4 0.5260417 0.6976562 0.0385417 0.1046875
4 0.6252604 0.3644531 0.0432292 0.1179687
2 0.5640625 0.2015625 0.0656250 0.0609375
4 0.6812500 0.1765625 0.0500000 0.0890625
1 0.5859375 0.7933594 0.0489583 0.0851563
3 0.7177083 0.2640625 0.0437500 0.1015625
0 0.6158854 0.8843750 0.0411458 0.0546875
3 0.6013021 0.4308594 0.0526042 0.1101562
5 0.5828125 0.7746094 0.0593750 0.0804688
2 0.5190104 0.1644531 0.0442708 0.0789062
2 0.5867187 0.5964844 0.0484375 0.0992187
4 0.5205729 0.1125000 0.0369792 0.1156250
4 0.5947917 0.3593750 0.0375000 0.1171875
3 0.4453125 0.5777344 0.0510417 0.0570312
4 0.5338542 0.4816406 0.0718750 0.0601563
10 0.3260417 0.2304688 0.0510417 0.0687500
10 0.6794271 0.6765625 0.0578125 0.1031250
6 0.4015625 0.5031250 0.0572917 0.1031250
11 0.6627604 0.3164062 0.0692708 0.0984375
9 0.6039062 0.1273438 0.0744792 0.0734375
11 0.2955729 0.5578125 0.0692708 0.0765625
6 0.6705729 0.2988281 0.0776042 0.0726563
6 0.3828125 0.4964844 0.0781250 0.0851563
6 0.5463542 0.5511719 0.0583333 0.0976562
11 0.4731771 0.2820313 0.0463542 0.1046875
7 0.7286458 0.8027344 0.0729167 0.0867187
7 0.5932292 0.8031250 0.0458333 0.1046875
11 0.6734375 0.7660156 0.0468750 0.1070312
10 0.3747396 0.8808594 0.0713542 0.0695313
10 0.5854167 0.5742188 0.0718750 0.0718750
8 0.6505208 0.8101563 0.0562500 0.1093750
10 0.4445312 0.3515625 0.0723958 0.0703125
7 0.6744792 0.4660156 0.0677083 0.0835937
7 0.5497396 0.9152344 0.0776042 0.1242188
