5 0.4718750 0.8527344 0.0541667 0.1304687
4 0.4997396 0.4867187 0.0421875 0.1390625
2 0.7635417 0.3644531 0.0885417 0.0695313
5 0.8098958 0.6144531 0.0822917 0.0929688
0 0.3367188 0.6296875 0.0598958 0.1234375
4 0.4507813 0.7125000 0.0692708 0.0562500
2 0.4486979 0.8230469 0.0588542 0.0945312
2 0.3320312 0.3988281 0.0838542 0.0601563
5 0.6885417 0.2078125 0.0895833 0.0625000
1 0.5015625 0.4292969 0.0812500 0.0789062
5 0.2062500 0.4820313 0.0875000 0.0750000
2 0.3010417 0.4007812 0.0927083 0.0640625
1 0.4145833 0.2960937 0.0593750 0.0750000
2 0.6825521 0.5011719 0.0713542 0.0773438
4 0.6437500 0.3984375 0.0885417 0.0593750
3 0.4822917 0.6250000 0.0677083 0.0765625
1 0.6440104 0.4402344 0.0744792 0.1023437
5 0.5914063 0.5527344 0.0786458 0.0554687
0 0.3046875 0.2589844 0.0864583 0.0632812
4 0.3018229 0.6675781 0.0869792 0.0601563
3 0.6960937 0.3382812 0.0807292 0.0906250
4 0.4820313 0.5113281 0.0755208 0.0804688
6 0.6549479 0.7472656 0.0755208 0.0757812
9 0.3937500 0.4296875 0.0677083 0.0843750
6 0.5513021 0.2847656 0.0734375 0.0773438
6 0.6072917 0.7425781 0.0666667 0.1304687
8 0.2200521 0.3160156 0.0817708 0.0804688
11 0.5747396 0.2152344 0.0786458 0.0914062
10 0.2427083 0.6339844 0.0802083 0.0804688
11 0.3244792 0.6371094 0.0604167 0.0742188
11 0.6299479 0.2929688 0.0755208 0.0921875
