3 0.3190104 0.6953125 0.0682292 0.0484375
5 0.6447917 0.6527344 0.0406250 0.0914062
0 0.6567708 0.6703125 0.0666667 0.0671875
5 0.4596354 0.5417969 0.0473958 0.0492187
1 0.4671875 0.4707031 0.0416667 0.0960938
2 0.4401042 0.3105469 0.0375000 0.0554687
3 0.5833333 0.7308594 0.0541667 0.0648438
2 0.6432292 0.5062500 0.0291667 0.0671875
4 0.5106771 0.5093750 0.0286458 0.0718750
3 0.6036458 0.5550781 0.0666667 0.0460938
5 0.6203125 0.6375000 0.0614583 0.0500000
0 0.4140625 0.3812500 0.0291667 0.0937500
3 0.4182292 0.4164062 0.0385417 0.0625000
5 0.4781250 0.2097656 0.0312500 0.0929688
11 0.4640625 0.3574219 0.0416667 0.0945312
10 0.5601563 0.2414062 0.0630208 0.0609375
7 0.3804688 0.0652344 0.0432292 0.0914062
6 0.3419271 0.4117188 0.0546875 0.0718750
10 0.4236979 0.3570313 0.0588542 0.0578125
7 0.5541667 0.2769531 0.0572917 0.0695313
9 0.5356771 0.2109375 0.0557292 0.0859375
9 0.4351563 0.5503906 0.0651042 0.0648438
10 0.5325521 0.6671875 0.0640625 0.0750000
9 0.4781250 0.5976562 0.0500000 0.1046875
11 0.3739583 0.6480469 0.0562500 0.0601563
9 0.7117187 0.6589844 0.0484375 0.0648438
11 0.7338542 0.4460938 0.0406250 0.0828125
