1 0.6427083 0.2652344 0.0208333 0.0335937
1 0.5882812 0.2027344 0.0307292 0.0273438
4 0.6658854 0.6230469 0.0276042 0.0335937
3 0.3893229 0.2863281 0.0276042 0.0257812
3 0.3846354 0.4632812 0.0286458 0.0296875
0 0.7101563 0.3292969 0.0192708 0.0273438
0 0.5361979 0.4277344 0.0276042 0.0289063
4 0.4177083 0.2796875 0.0197917 0.0421875
2 0.4747396 0.4191406 0.0328125 0.0226562
0 0.4270833 0.7183594 0.0166667 0.0257812
1 0.7427083 0.8039063 0.0322917 0.0265625
5 0.7752604 0.7550781 0.0328125 0.0257812
0 0.6364583 0.5464844 0.0343750 0.0226562
0 0.5721354 0.6382813 0.0328125 0.0265625
4 0.1674479 0.3765625 0.0307292 0.0265625
1 0.6020833 0.5007812 0.0250000 0.0234375
3 0.6760417 0.4667969 0.0260417 0.0382813
0 0.4932292 0.6535156 0.0239583 0.0414062
0 0.7260417 0.3074219 0.0343750 0.0273438
3 0.3531250 0.6476563 0.0291667 0.0218750
1 0.4861979 0.6878906 0.0328125 0.0210938
2 0.4093750 0.2281250 0.0208333 0.0390625
5 0.3588542 0.1675781 0.0302083 0.0242188
1 0.4989583 0.1968750 0.0270833 0.0203125
3 0.3856771 0.6644531 0.0192708 0.0492187
1 0.3179688 0.2679687 0.0130208 0.0453125
3 0.6369792 0.5894531 0.0302083 0.0195312
5 0.5497396 0.6582031 0.0192708 0.0398437
2 0.7460938 0.4765625 0.0203125 0.0234375
2 0.3549479 0.4941406 0.0328125 0.0304687
2 0.6169271 0.4679687 0.0328125 0.0265625
0 0.5742188 0.8589844 0.0151042 0.0320312
2 0.5096354 0.1644531 0.0140625 0.0460938
5 0.4627604 0.3164062 0.0328125 0.0234375
2 0.4979167 0.5062500 0.0208333 0.0218750
3 0.4492188 0.5703125 0.0192708 0.0281250
3 0.6661458 0.6445312 0.0156250 0.0406250
3 0.5567708 0.3035156 0.0177083 0.0351562
10 0.6317708 0.2195313 0.0208333 0.0359375
10 0.6403646 0.5066406 0.0317708 0.0351562
11 0.4356771 0.6660156 0.0328125 0.0320312
8 0.3299479 0.7984375 0.0276042 0.0343750
6 0.2348958 0.4480469 0.0291667 0.0335937
7 0.5471354 0.3769531 0.0276042 0.0351562
8 0.7294271 0.5453125 0.0328125 0.0359375
10 0.6380208 0.1714844 0.0312500 0.0289063
10 0.5919271 0.4371094 0.0255208 0.0476562
8 0.5351562 0.1851562 0.0296875 0.0328125
6 0.5145833 0.8222656 0.0239583 0.0460938
10 0.4377604 0.5441406 0.0203125 0.0304687
