3 0.2851562 0.4718750 0.0171875 0.0234375
2 0.5677083 0.4078125 0.0229167 0.0312500
4 0.4671875 0.6039062 0.0281250 0.0250000
0 0.4729167 0.5109375 0.0177083 0.0312500
3 0.6057292 0.5515625 0.0291667 0.0234375
1 0.5434896 0.5804687 0.0286458 0.0234375
2 0.4226563 0.8656250 0.0255208 0.0250000
0 0.7018229 0.6855469 0.0213542 0.0289063
2 0.6585937 0.6726562 0.0171875 0.0234375
4 0.3445313 0.4691406 0.0203125 0.0226562
1 0.5361979 0.6371094 0.0296875 0.0210938
2 0.4992187 0.2453125 0.0276042 0.0187500
1 0.6341146 0.7679687 0.0171875 0.0468750
4 0.6268229 0.4949219 0.0140625 0.0289063
0 0.3940104 0.2742188 0.0151042 0.0328125
3 0.4554687 0.2687500 0.0140625 0.0406250
3 0.5817708 0.4156250 0.0270833 0.0281250
0 0.5231771 0.6089844 0.0307292 0.0304687
1 0.3822917 0.5574219 0.0197917 0.0195312
5 0.6752604 0.2414062 0.0296875 0.0234375
2 0.4286458 0.4710937 0.0177083 0.0250000
0 0.2966146 0.4312500 0.0223958 0.0390625
5 0.3000000 0.1468750 0.0166667 0.0296875
5 0.3460937 0.5687500 0.0234375 0.0234375
3 0.5210938 0.4292969 0.0140625 0.0398437
1 0.7106771 0.8367187 0.0296875 0.0250000
0 0.6716146 0.3980469 0.0265625 0.0273438
1 0.6721354 0.4859375 0.0182292 0.0265625
2 0.6307292 0.4921875 0.0156250 0.0343750
1 0.6216146 0.6871094 0.0213542 0.0445313
0 0.5541667 0.2027344 0.0197917 0.0273438
5 0.5164062 0.3148437 0.0171875 0.0203125
0 0.6382813 0.3441406 0.0286458 0.0226562
7 0.6119792 0.4070313 0.0270833 0.0312500
9 0.6221354 0.4769531 0.0296875 0.0320312
6 0.3367188 0.3828125 0.0286458 0.0281250
9 0.4098958 0.5515625 0.0291667 0.0281250
8 0.6390625 0.4667969 0.0250000 0.0367188
7 0.5140625 0.7542969 0.0270833 0.0273438
7 0.4395833 0.4832031 0.0229167 0.0398437
10 0.5776042 0.5691406 0.0197917 0.0257812
8 0.4880208 0.4503906 0.0208333 0.0257812
10 0.6440104 0.6164063 0.0276042 0.0265625
9 0.3455729 0.4070313 0.0244792 0.0453125
8 0.6148438 0.7335938 0.0296875 0.0312500
9 0.5940104 0.6214844 0.0234375 0.0351562
9 0.4114583 0.4265625 0.0239583 0.0296875
7 0.6679688 0.7175781 0.0276042 0.0273438
11 0.5367188 0.8203125 0.0265625 0.0265625
6 0.3973958 0.6343750 0.0260417 0.0281250
9 0.5455729 0.2796875 0.0213542 0.0359375
8 0.6856771 0.4328125 0.0286458 0.0281250
