1 0.4789062 0.8207031 0.0515625 0.0445313
4 0.5257812 0.4457031 0.0473958 0.0492187
4 0.4838542 0.5164062 0.0489583 0.0421875
4 0.5533854 0.8679687 0.0484375 0.0656250
1 0.4570312 0.4195313 0.0411458 0.0546875
0 0.3609375 0.3273437 0.0531250 0.0296875
5 0.2960937 0.5832031 0.0588542 0.0585938
4 0.3268229 0.5722656 0.0244792 0.0570312
0 0.3817708 0.3832031 0.0447917 0.0539063
2 0.6138021 0.6738281 0.0390625 0.0789062
4 0.6609375 0.4640625 0.0593750 0.0421875
4 0.6096354 0.6039062 0.0411458 0.0812500
3 0.3648438 0.4484375 0.0526042 0.0437500
2 0.2789063 0.6535156 0.0265625 0.0554687
5 0.3434896 0.6222656 0.0286458 0.0476562
5 0.7559896 0.4761719 0.0484375 0.0679687
2 0.4690104 0.0984375 0.0401042 0.0828125
3 0.5174479 0.9457031 0.0567708 0.0460938
0 0.7260417 0.4929688 0.0375000 0.0625000
5 0.3364583 0.7234375 0.0260417 0.0375000
4 0.4083333 0.2023437 0.0562500 0.0406250
4 0.5731771 0.1718750 0.0484375 0.0562500
10 0.5841146 0.7398438 0.0494792 0.0812500
7 0.6419271 0.5894531 0.0369792 0.0851563
9 0.4447917 0.7617188 0.0468750 0.0531250
7 0.5825521 0.4386719 0.0557292 0.0554687
11 0.5125000 0.4660156 0.0552083 0.0539063
6 0.5562500 0.2980469 0.0510417 0.0554687
7 0.5528646 0.7972656 0.0359375 0.0617188
11 0.4466146 0.3996094 0.0473958 0.0710937
7 0.4286458 0.7054687 0.0531250 0.0859375
9 0.7533854 0.3886719 0.0515625 0.0726563
10 0.4244792 0.8062500 0.0500000 0.0656250
11 0.5723958 0.4468750 0.0333333 0.0531250
8 0.3302083 0.6875000 0.0552083 0.0546875
9 0.6875000 0.3429687 0.0541667 0.0515625
