4 0.5453125 0.5574219 0.0312500 0.0695313
5 0.6317708 0.6007813 0.0437500 0.0375000
2 0.6033854 0.4328125 0.0442708 0.0343750
4 0.6377604 0.4613281 0.0453125 0.0320312
2 0.4192708 0.7675781 0.0239583 0.0351562
4 0.3614583 0.6164063 0.0520833 0.0328125
1 0.4750000 0.6402344 0.0250000 0.0351562
2 0.6825521 0.6550781 0.0515625 0.0445313
1 0.3104167 0.6671875 0.0427083 0.0296875
4 0.4700521 0.3320312 0.0473958 0.0500000
4 0.5968750 0.5125000 0.0260417 0.0562500
4 0.2802083 0.4164062 0.0395833 0.0484375
5 0.5361979 0.3167969 0.0359375 0.0601563
5 0.3385417 0.4445312 0.0427083 0.0562500
2 0.3427083 0.7828125 0.0489583 0.0328125
0 0.4294271 0.8539062 0.0411458 0.0703125
4 0.6244792 0.3777344 0.0447917 0.0304687
8 0.5013021 0.3183594 0.0328125 0.0742188
8 0.5523438 0.7003906 0.0505208 0.0476562
6 0.4736979 0.4445312 0.0390625 0.0671875
11 0.5835938 0.1488281 0.0296875 0.0695313
6 0.5687500 0.6054688 0.0468750 0.0546875
7 0.7356771 0.6183594 0.0473958 0.0460938
9 0.4231771 0.2042969 0.0484375 0.0742188
9 0.4104167 0.3648438 0.0281250 0.0562500
9 0.3135417 0.6203125 0.0322917 0.0453125
9 0.7846354 0.2859375 0.0411458 0.0468750
10 0.6437500 0.6933594 0.0437500 0.0429688
7 0.5848958 0.1996094 0.0364583 0.0679687
7 0.1817708 0.2742188 0.0479167 0.0468750
6 0.5356771 0.4691406 0.0453125 0.0617188
6 0.2841146 0.4406250 0.0338542 0.0734375
7 0.3057292 0.4617188 0.0468750 0.0515625
9 0.4666667 0.3445313 0.0302083 0.0421875
10 0.7302083 0.7519531 0.0437500 0.0648438
7 0.7580729 0.2500000 0.0453125 0.0468750
7 0.3039062 0.4472656 0.0463542 0.0445313
