3 0.6598958 0.2789063 0.0760417 0.1390625
4 0.5242187 0.8730469 0.1328125 0.1804688
2 0.5846354 0.8195313 0.1557292 0.0890625
2 0.4565104 0.3007812 0.1598958 0.0890625
1 0.2268229 0.3890625 0.0921875 0.1140625
2 0.3578125 0.5750000 0.1364583 0.2015625
2 0.2679687 0.7917969 0.1848958 0.1101562
1 0.6265625 0.1218750 0.1052083 0.2281250
4 0.1885417 0.6535156 0.1114583 0.2210938
3 0.6351562 0.4769531 0.1255208 0.1554687
2 0.7223958 0.3453125 0.1885417 0.1343750
4 0.4609375 0.0464844 0.1270833 0.0929688
3 0.7330729 0.6632813 0.1734375 0.1390625
5 0.6320313 0.6652344 0.1671875 0.1429688
4 0.5265625 0.7179688 0.1708333 0.1171875
3 0.7091146 0.5066406 0.1286458 0.1460937
5 0.3919271 0.2574219 0.0807292 0.1210938
3 0.7515625 0.4910156 0.1718750 0.1398437
5 0.4583333 0.6812500 0.1552083 0.1265625
0 0.4986979 0.1011719 0.1661458 0.1414063
2 0.6166667 0.2597656 0.0968750 0.2851562
0 0.6783854 0.7425781 0.1734375 0.1398437
0 0.7075521 0.0960938 0.1682292 0.1218750
1 0.3955729 0.4546875 0.1338542 0.1328125
1 0.3171875 0.8730469 0.1218750 0.2226562
1 0.4807292 0.1792969 0.1468750 0.1007813
3 0.6054688 0.3015625 0.1869792 0.0984375
5 0.3815104 0.7722656 0.1359375 0.2007812
4 0.6104167 0.7269531 0.1635417 0.1132812
1 0.2036458 0.3195312 0.1770833 0.1406250
0 0.3059896 0.2781250 0.1807292 0.1296875
0 0.3968750 0.6960937 0.0906250 0.1859375
3 0.7080729 0.2371094 0.1119792 0.2320312
4 0.3593750 0.4730469 0.1354167 0.1632812
3 0.7088542 0.3925781 0.1666667 0.1164063
3 0.3927083 0.0949219 0.1135417 0.1898438
4 0.4523437 0.4136719 0.1494792 0.1835938
5 0.4135417 0.5031250 0.0781250 0.1218750
3 0.4606771 0.0800781 0.1369792 0.1601562
2 0.3138021 0.4734375 0.1661458 0.1531250
2 0.4867187 0.2085937 0.1088542 0.2140625
8 0.6265625 0.8734375 0.1500000 0.1515625
7 0.5570312 0.9261719 0.1484375 0.1460937
7 0.3875000 0.1511719 0.1031250 0.2335937
10 0.7947917 0.5746094 0.1552083 0.1554687
9 0.4471354 0.7203125 0.1182292 0.1531250
10 0.2895833 0.4734375 0.1479167 0.1531250
7 0.6671875 0.6742187 0.1562500 0.1562500
9 0.4929688 0.6328125 0.1255208 0.1750000
9 0.4049479 0.8140625 0.1088542 0.2500000
