2 0.5114583 0.7093750 0.0375000 0.0296875
5 0.5963542 0.4359375 0.0447917 0.0312500
1 0.2929688 0.7425781 0.0421875 0.0289063
0 0.7062500 0.3878906 0.0458333 0.0289063
0 0.7684896 0.5312500 0.0296875 0.0593750
0 0.2898438 0.3597656 0.0390625 0.0351562
4 0.3161458 0.3484375 0.0229167 0.0625000
1 0.3890625 0.8039063 0.0197917 0.0281250
5 0.3950521 0.6281250 0.0307292 0.0343750
5 0.5393229 0.9078125 0.0296875 0.0578125
2 0.5278646 0.5023437 0.0182292 0.0281250
5 0.6609375 0.6097656 0.0364583 0.0289063
1 0.4953125 0.7464844 0.0291667 0.0445313
3 0.5843750 0.2949219 0.0197917 0.0492187
5 0.6382813 0.2722656 0.0317708 0.0523438
1 0.6770833 0.5898438 0.0395833 0.0281250
2 0.6317708 0.2746094 0.0343750 0.0539063
4 0.3231771 0.2773438 0.0171875 0.0625000
3 0.3385417 0.4761719 0.0197917 0.0367188
1 0.5940104 0.5109375 0.0390625 0.0250000
3 0.3690104 0.5527344 0.0203125 0.0320312
5 0.7286458 0.5339844 0.0416667 0.0367188
0 0.5869792 0.7343750 0.0333333 0.0359375
10 0.3945312 0.4707031 0.0286458 0.0554687
10 0.5046875 0.8121094 0.0354167 0.0445313
8 0.6000000 0.3968750 0.0291667 0.0609375
6 0.2986979 0.5105469 0.0411458 0.0398437
11 0.5263021 0.3277344 0.0421875 0.0414062
9 0.7010417 0.3988281 0.0406250 0.0414062
9 0.6427083 0.5261719 0.0375000 0.0460938
9 0.4252604 0.5179687 0.0359375 0.0500000
11 0.6601562 0.2093750 0.0401042 0.0390625
6 0.7122396 0.4976563 0.0401042 0.0484375
11 0.5252604 0.5363281 0.0244792 0.0554687
10 0.6627604 0.5746094 0.0421875 0.0414062
11 0.5781250 0.4746094 0.0385417 0.0414062
10 0.4927083 0.5546875 0.0260417 0.0375000
