5 0.6640625 0.5242187 0.0593750 0.1046875
3 0.3911458 0.7714844 0.0770833 0.0507812
4 0.7135417 0.7992187 0.0666667 0.1078125
0 0.2755208 0.7343750 0.0656250 0.1031250
4 0.5893229 0.3546875 0.0723958 0.0515625
2 0.5265625 0.6429687 0.0583333 0.0671875
2 0.3690104 0.4000000 0.0776042 0.0687500
3 0.4197917 0.4027344 0.0666667 0.0757812
2 0.5343750 0.5636719 0.0739583 0.0679687
1 0.5463542 0.3929687 0.0708333 0.0828125
0 0.5697917 0.9089844 0.0375000 0.1148437
5 0.3416667 0.6714844 0.0822917 0.0570312
2 0.5658854 0.1597656 0.0848958 0.0492187
4 0.7328125 0.6648437 0.0614583 0.1125000
5 0.6515625 0.5238281 0.0770833 0.0726563
3 0.4984375 0.4066406 0.0552083 0.1070312
3 0.6140625 0.7378906 0.0302083 0.0507812
1 0.6057292 0.4339844 0.0854167 0.0710937
3 0.4526042 0.6828125 0.0531250 0.0687500
2 0.5502604 0.4359375 0.0817708 0.0593750
3 0.4403646 0.4988281 0.0765625 0.0539063
2 0.3130208 0.3457031 0.0520833 0.0789062
4 0.3348958 0.2527344 0.0385417 0.1085938
0 0.4583333 0.7800781 0.0489583 0.0867187
1 0.4809896 0.4421875 0.0786458 0.0421875
1 0.6906250 0.5917969 0.0770833 0.0710937
1 0.3765625 0.7269531 0.0562500 0.1054688
2 0.5627604 0.8703125 0.0567708 0.1093750
0 0.2997396 0.2957031 0.0526042 0.0695313
4 0.5997396 0.4414062 0.0838542 0.0703125
1 0.3614583 0.8210937 0.0885417 0.0546875
4 0.4541667 0.9296875 0.0666667 0.0984375
2 0.2388021 0.3855469 0.0848958 0.0679687
3 0.5770833 0.3066406 0.0416667 0.0539063
3 0.5848958 0.2738281 0.0791667 0.0664062
1 0.5380208 0.5683594 0.0645833 0.1070312
0 0.5088542 0.2527344 0.0520833 0.1054688
1 0.5497396 0.9179688 0.0338542 0.1218750
0 0.5315104 0.5066406 0.0411458 0.0867187
4 0.8033854 0.4613281 0.0776042 0.0695313
1 0.3825521 0.5722656 0.0713542 0.0476562
0 0.6635417 0.4125000 0.0500000 0.0671875
1 0.5361979 0.5582031 0.0442708 0.0992187
1 0.4591146 0.7113281 0.0307292 0.1164063
10 0.3356771 0.8828125 0.0557292 0.1234375
7 0.5036458 0.7132812 0.0739583 0.0890625
11 0.6919271 0.5367188 0.0765625 0.0750000
11 0.6166667 0.6375000 0.0468750 0.1078125
11 0.6255208 0.4964844 0.0833333 0.0945312
11 0.4875000 0.0765625 0.0687500 0.0968750
