4 0.5513021 0.5402344 0.0130208 0.0164063
0 0.3395833 0.4781250 0.0218750 0.0203125
1 0.6093750 0.1503906 0.0135417 0.0351562
4 0.6710938 0.2308594 0.0213542 0.0257812
1 0.3841146 0.3710938 0.0119792 0.0328125
4 0.6250000 0.2628906 0.0218750 0.0195312
2 0.2890625 0.3382812 0.0229167 0.0203125
4 0.3562500 0.1835938 0.0125000 0.0218750
4 0.5421875 0.5421875 0.0114583 0.0187500
5 0.5434896 0.5617188 0.0119792 0.0265625
1 0.5684896 0.5046875 0.0213542 0.0218750
4 0.6565104 0.5863281 0.0213542 0.0257812
3 0.4111979 0.6781250 0.0213542 0.0156250
1 0.3177083 0.6640625 0.0114583 0.0328125
1 0.3401042 0.7300781 0.0218750 0.0148437
4 0.4757812 0.7734375 0.0151042 0.0328125
3 0.4520833 0.4371094 0.0156250 0.0242188
3 0.4822917 0.5535156 0.0229167 0.0179687
4 0.2434896 0.4027344 0.0234375 0.0210938
2 0.5867187 0.5929688 0.0109375 0.0203125
1 0.6096354 0.3617187 0.0088542 0.0328125
3 0.2846354 0.5609375 0.0119792 0.0375000
10 0.4966146 0.6261719 0.0161458 0.0210938
11 0.6531250 0.8820313 0.0218750 0.0218750
11 0.2835937 0.6101562 0.0223958 0.0218750
7 0.5929688 0.2691406 0.0151042 0.0351562
8 0.5888021 0.3828125 0.0223958 0.0234375
