3 0.4934896 0.2964844 0.0234375 0.0382813
5 0.5309896 0.4777344 0.0296875 0.0226562
5 0.3052083 0.2398437 0.0312500 0.0203125
3 0.4781250 0.6566406 0.0312500 0.0242188
5 0.5276042 0.6910156 0.0156250 0.0257812
4 0.4044271 0.3589844 0.0255208 0.0273438
5 0.2981771 0.4105469 0.0296875 0.0320312
1 0.5151042 0.5167969 0.0343750 0.0289063
5 0.7447917 0.3574219 0.0229167 0.0460938
3 0.3479167 0.7074219 0.0187500 0.0476562
5 0.4203125 0.3949219 0.0229167 0.0335937
3 0.3255208 0.5773438 0.0229167 0.0250000
3 0.5835938 0.4113281 0.0307292 0.0210938
5 0.5838542 0.5132813 0.0322917 0.0218750
2 0.3960938 0.6285156 0.0317708 0.0257812
1 0.6361979 0.6902344 0.0171875 0.0523438
4 0.4541667 0.3574219 0.0177083 0.0335937
5 0.5414062 0.1875000 0.0348958 0.0343750
4 0.4216146 0.6523438 0.0307292 0.0218750
2 0.6065104 0.0804688 0.0182292 0.0484375
2 0.5916667 0.7320313 0.0208333 0.0359375
0 0.6822917 0.3910156 0.0312500 0.0273438
1 0.5851563 0.7425781 0.0328125 0.0257812
0 0.5153646 0.6121094 0.0338542 0.0210938
0 0.5898438 0.5878906 0.0203125 0.0460938
3 0.2705729 0.6621094 0.0182292 0.0414062
5 0.4354167 0.3941406 0.0250000 0.0242188
0 0.5601563 0.6476563 0.0171875 0.0484375
0 0.7036458 0.8082031 0.0270833 0.0226562
4 0.6059896 0.7597656 0.0161458 0.0335937
4 0.4734375 0.5230469 0.0291667 0.0257812
4 0.6401042 0.3277344 0.0302083 0.0367188
0 0.4609375 0.6531250 0.0208333 0.0406250
0 0.4270833 0.3933594 0.0187500 0.0414062
1 0.4765625 0.2867188 0.0218750 0.0406250
1 0.2518229 0.4597656 0.0140625 0.0445313
0 0.4596354 0.6746094 0.0307292 0.0210938
3 0.6445312 0.2875000 0.0234375 0.0390625
2 0.6739583 0.4769531 0.0250000 0.0304687
5 0.5117188 0.6828125 0.0151042 0.0296875
2 0.5088542 0.4554687 0.0177083 0.0359375
2 0.2450521 0.4421875 0.0296875 0.0234375
1 0.5789062 0.7484375 0.0213542 0.0390625
0 0.5786458 0.3378906 0.0322917 0.0320312
3 0.5106771 0.5656250 0.0203125 0.0343750
0 0.4330729 0.8421875 0.0255208 0.0343750
0 0.6937500 0.4917969 0.0322917 0.0226562
3 0.5312500 0.4894531 0.0333333 0.0226562
3 0.6752604 0.5777344 0.0286458 0.0242188
2 0.6049479 0.3285156 0.0182292 0.0242188
0 0.5450521 0.7734375 0.0161458 0.0453125
3 0.6489583 0.7171875 0.0291667 0.0359375
0 0.6695313 0.3996094 0.0213542 0.0429688
1 0.5726562 0.6417969 0.0296875 0.0304687
3 0.5533854 0.1542969 0.0338542 0.0242188
0 0.5049479 0.5527344 0.0296875 0.0226562
0 0.3895833 0.5445313 0.0166667 0.0484375
5 0.3713542 0.7746094 0.0197917 0.0507812
4 0.7028646 0.4410156 0.0276042 0.0257812
4 0.5184896 0.3632812 0.0348958 0.0312500
2 0.6856771 0.7578125 0.0328125 0.0234375
4 0.3960938 0.5558594 0.0140625 0.0351562
5 0.2880208 0.2515625 0.0239583 0.0234375
4 0.7442708 0.2128906 0.0322917 0.0257812
0 0.4143229 0.4371094 0.0244792 0.0304687
2 0.7299479 0.6160156 0.0213542 0.0476562
3 0.3736979 0.4425781 0.0255208 0.0320312
4 0.4338542 0.2539062 0.0229167 0.0328125
5 0.5562500 0.8035156 0.0250000 0.0398437
3 0.4135417 0.9796875 0.0239583 0.0390625
1 0.3583333 0.3000000 0.0312500 0.0250000
1 0.6554688 0.7410156 0.0338542 0.0242188
4 0.3510417 0.6425781 0.0145833 0.0226562
2 0.4278646 0.4773438 0.0317708 0.0250000
0 0.5893229 0.3082031 0.0213542 0.0460938
0 0.7468750 0.5226563 0.0333333 0.0296875
3 0.6252604 0.5179687 0.0307292 0.0250000
0 0.5403646 0.6308594 0.0307292 0.0226562
11 0.6192708 0.4835937 0.0270833 0.0484375
8 0.5947917 0.7859375 0.0281250 0.0296875
6 0.7442708 0.3644531 0.0270833 0.0273438
10 0.4294271 0.1582031 0.0203125 0.0476562
