3 0.4468750 0.5386719 0.0489583 0.0523438
4 0.4026042 0.4824219 0.0593750 0.0429688
5 0.7226562 0.6496094 0.0609375 0.0476562
1 0.6299479 0.7410156 0.0546875 0.0554687
5 0.3200521 0.8382812 0.0567708 0.0390625
1 0.5195312 0.0617188 0.0390625 0.0812500
4 0.7434896 0.5871094 0.0578125 0.0382813
5 0.4242187 0.2789063 0.0338542 0.0812500
2 0.7223958 0.7875000 0.0562500 0.0406250
5 0.3492188 0.5015625 0.0578125 0.0562500
1 0.3481771 0.0718750 0.0578125 0.0421875
2 0.4700521 0.4511719 0.0338542 0.0585938
4 0.7445312 0.3648438 0.0640625 0.0421875
5 0.5002604 0.5695313 0.0546875 0.0625000
5 0.7450521 0.6210938 0.0526042 0.0640625
5 0.5947917 0.7750000 0.0458333 0.0843750
4 0.6065104 0.5296875 0.0598958 0.0390625
3 0.6203125 0.5863281 0.0572917 0.0335937
4 0.7841146 0.5585938 0.0421875 0.0578125
1 0.5734375 0.4148438 0.0281250 0.0546875
0 0.6450521 0.2183594 0.0619792 0.0632812
5 0.5523438 0.5078125 0.0390625 0.0843750
1 0.4497396 0.6890625 0.0359375 0.0531250
3 0.5213542 0.7710938 0.0375000 0.0562500
1 0.4804688 0.6757812 0.0453125 0.0703125
3 0.3244792 0.2675781 0.0270833 0.0835937
4 0.6335937 0.8542969 0.0567708 0.0617188
3 0.6575521 0.6925781 0.0307292 0.0523438
0 0.5981771 0.5941406 0.0338542 0.0757812
3 0.3497396 0.5371094 0.0328125 0.0617188
2 0.8052083 0.4554687 0.0531250 0.0609375
4 0.7174479 0.5093750 0.0578125 0.0562500
0 0.4635417 0.8429688 0.0281250 0.0843750
2 0.3914063 0.3937500 0.0286458 0.0640625
1 0.4898438 0.7562500 0.0317708 0.0796875
1 0.6117187 0.1441406 0.0567708 0.0710937
1 0.6585937 0.6207031 0.0286458 0.0695313
3 0.5601563 0.5460938 0.0453125 0.0359375
2 0.4617188 0.5941406 0.0494792 0.0710937
0 0.6020833 0.2457031 0.0583333 0.0492187
2 0.5372396 0.4472656 0.0598958 0.0429688
1 0.4049479 0.6589844 0.0390625 0.0429688
3 0.2979167 0.2375000 0.0343750 0.0609375
5 0.6395833 0.5132813 0.0552083 0.0390625
5 0.5622396 0.7593750 0.0546875 0.0500000
0 0.4127604 0.7984375 0.0567708 0.0390625
3 0.4867187 0.4757812 0.0588542 0.0609375
0 0.3002604 0.8539062 0.0276042 0.0328125
8 0.5223958 0.2371094 0.0437500 0.0570312
8 0.3335938 0.4375000 0.0588542 0.0656250
7 0.6479167 0.2273438 0.0520833 0.0593750
6 0.5700521 0.7234375 0.0505208 0.0515625
10 0.4153646 0.4535156 0.0546875 0.0570312
