1 0.5179687 0.5945312 0.0348958 0.0250000
3 0.4013021 0.4828125 0.0328125 0.0250000
2 0.7000000 0.4832031 0.0177083 0.0398437
0 0.4015625 0.7816406 0.0270833 0.0351562
0 0.6796875 0.5160156 0.0229167 0.0398437
1 0.2791667 0.4621094 0.0270833 0.0382813
2 0.7080729 0.3550781 0.0296875 0.0320312
4 0.3796875 0.8136719 0.0187500 0.0476562
3 0.5385417 0.1773437 0.0156250 0.0515625
2 0.6533854 0.4613281 0.0328125 0.0273438
2 0.4007812 0.6457031 0.0244792 0.0460938
3 0.3945312 0.5410156 0.0192708 0.0476562
0 0.6721354 0.5535156 0.0307292 0.0304687
1 0.7778646 0.4437500 0.0213542 0.0281250
0 0.5020833 0.1320312 0.0145833 0.0406250
4 0.6682292 0.5058594 0.0177083 0.0242188
4 0.4052083 0.4976563 0.0343750 0.0203125
2 0.5921875 0.7289062 0.0312500 0.0234375
3 0.3335938 0.2750000 0.0286458 0.0281250
4 0.7059896 0.5828125 0.0348958 0.0296875
0 0.4434896 0.6980469 0.0286458 0.0273438
0 0.6684896 0.3070312 0.0203125 0.0500000
4 0.4841146 0.3550781 0.0161458 0.0351562
3 0.4062500 0.2039063 0.0260417 0.0234375
2 0.4062500 0.2988281 0.0197917 0.0210938
2 0.5802083 0.5906250 0.0197917 0.0234375
3 0.3513021 0.2539062 0.0171875 0.0218750
5 0.6492187 0.7628906 0.0255208 0.0320312
1 0.6411458 0.1636719 0.0302083 0.0257812
1 0.5270833 0.4128906 0.0156250 0.0273438
3 0.4963542 0.6343750 0.0343750 0.0281250
2 0.3880208 0.5027344 0.0270833 0.0351562
2 0.3705729 0.5050781 0.0223958 0.0226562
4 0.4947917 0.2464844 0.0208333 0.0476562
4 0.6203125 0.5652344 0.0291667 0.0367188
4 0.6531250 0.2683594 0.0166667 0.0429688
3 0.4742188 0.6449219 0.0161458 0.0242188
5 0.5125000 0.7800781 0.0312500 0.0226562
2 0.3341146 0.5187500 0.0182292 0.0500000
5 0.5880208 0.3480469 0.0208333 0.0382813
3 0.3276042 0.6320313 0.0322917 0.0250000
4 0.3348958 0.3734375 0.0260417 0.0218750
3 0.3895833 0.8457031 0.0229167 0.0226562
0 0.5669271 0.6566406 0.0328125 0.0242188
2 0.6382813 0.3480469 0.0359375 0.0273438
1 0.4666667 0.4667969 0.0166667 0.0367188
4 0.2203125 0.6667969 0.0229167 0.0304687
3 0.6393229 0.1519531 0.0192708 0.0289063
3 0.7260417 0.2449219 0.0343750 0.0226562
1 0.2703125 0.4980469 0.0302083 0.0273438
4 0.3950521 0.5210938 0.0151042 0.0265625
2 0.5653646 0.4265625 0.0182292 0.0453125
3 0.7294271 0.3308594 0.0161458 0.0210938
1 0.6710938 0.2230469 0.0338542 0.0179687
0 0.6148438 0.4265625 0.0338542 0.0390625
1 0.7015625 0.4171875 0.0145833 0.0359375
2 0.6346354 0.3402344 0.0328125 0.0289063
4 0.5796875 0.3660156 0.0281250 0.0273438
1 0.3942708 0.7210937 0.0197917 0.0500000
1 0.5325521 0.5656250 0.0296875 0.0265625
2 0.3234375 0.3628906 0.0270833 0.0414062
5 0.4713542 0.6371094 0.0322917 0.0210938
1 0.6458333 0.5449219 0.0250000 0.0242188
6 0.5989583 0.3593750 0.0333333 0.0343750
9 0.3432292 0.3898437 0.0270833 0.0437500
10 0.6817708 0.6464844 0.0208333 0.0304687
8 0.4958333 0.6167969 0.0270833 0.0445313
6 0.3994792 0.4148438 0.0333333 0.0328125
10 0.5656250 0.4035156 0.0291667 0.0460938
10 0.5820312 0.5398437 0.0317708 0.0296875
7 0.7260417 0.2777344 0.0197917 0.0460938
10 0.6671875 0.5953125 0.0302083 0.0406250
