0 0.6408854 0.4304688 0.0567708 0.0453125
2 0.3903646 0.2886719 0.0369792 0.0414062
5 0.6148438 0.7609375 0.0390625 0.0640625
0 0.4979167 0.2992187 0.0500000 0.0375000
1 0.5528646 0.4074219 0.0265625 0.0757812
1 0.6377604 0.8835937 0.0546875 0.0421875
1 0.3906250 0.4875000 0.0510417 0.0390625
4 0.7088542 0.3863281 0.0302083 0.0710937
4 0.4567708 0.3281250 0.0270833 0.0828125
0 0.4437500 0.4796875 0.0343750 0.0609375
8 0.4578125 0.2695312 0.0458333 0.0703125
10 0.6658854 0.2117188 0.0526042 0.0578125
8 0.4497396 0.6652344 0.0348958 0.0648438
10 0.5497396 0.7246094 0.0473958 0.0476562
9 0.3783854 0.5562500 0.0307292 0.0546875
9 0.4750000 0.3761719 0.0531250 0.0789062
10 0.3447917 0.4300781 0.0385417 0.0695313
8 0.5455729 0.7339844 0.0484375 0.0476562
10 0.6703125 0.5460938 0.0302083 0.0625000
10 0.5796875 0.4980469 0.0510417 0.0539063
8 0.4726562 0.4269531 0.0494792 0.0648438
8 0.4007812 0.5023437 0.0359375 0.0625000
7 0.4940104 0.5867187 0.0296875 0.0625000
9 0.2690104 0.4253906 0.0390625 0.0742188
7 0.7677083 0.6019531 0.0500000 0.0492187
10 0.2817708 0.6195312 0.0500000 0.0484375
11 0.5213542 0.8363281 0.0385417 0.0632812
10 0.7247396 0.3179688 0.0473958 0.0546875
