5 0.6075521 0.8964844 0.0567708 0.1539062
0 0.5565104 0.3042969 0.0880208 0.0914062
5 0.5520833 0.1132812 0.1166667 0.0781250
4 0.5039062 0.7027344 0.0567708 0.1679688
3 0.6080729 0.4750000 0.1088542 0.0812500
3 0.5622396 0.5218750 0.0734375 0.1406250
5 0.3554688 0.7351562 0.0630208 0.1937500
4 0.2825521 0.3414063 0.1088542 0.1187500
5 0.7010417 0.4195313 0.0406250 0.1218750
0 0.4677083 0.3718750 0.0687500 0.1250000
1 0.6692708 0.5062500 0.1010417 0.0593750
2 0.4640625 0.3589844 0.1197917 0.0898438
1 0.4864583 0.0726563 0.1052083 0.1125000
4 0.6666667 0.3570313 0.0687500 0.1156250
4 0.5072917 0.4019531 0.1125000 0.0773438
1 0.7132812 0.5203125 0.1078125 0.0765625
4 0.8132812 0.4824219 0.0890625 0.0914062
3 0.3752604 0.5464844 0.0869792 0.1070312
1 0.3481771 0.5546875 0.0557292 0.1187500
5 0.5713542 0.5316406 0.1031250 0.0710937
4 0.4307292 0.5027344 0.0427083 0.1539062
5 0.5927083 0.7750000 0.0812500 0.0687500
0 0.4710937 0.4859375 0.0713542 0.1171875
1 0.6010417 0.3886719 0.1156250 0.1054688
4 0.5572917 0.6484375 0.0958333 0.1125000
3 0.5682292 0.2832031 0.0708333 0.1445312
0 0.5416667 0.2113281 0.1031250 0.0898438
2 0.6684896 0.5937500 0.1088542 0.0734375
1 0.4208333 0.7929688 0.1083333 0.0796875
5 0.2924479 0.4835937 0.0671875 0.1203125
3 0.7895833 0.5937500 0.1083333 0.1187500
0 0.4617188 0.2710938 0.1026042 0.0734375
4 0.4036458 0.1582031 0.0822917 0.1460937
0 0.7361979 0.5613281 0.1036458 0.1007813
0 0.6656250 0.7542969 0.0916667 0.1023437
3 0.5195312 0.1296875 0.1078125 0.1015625
2 0.4934896 0.8410156 0.0869792 0.1429688
4 0.5627604 0.6425781 0.0494792 0.1632812
3 0.5385417 0.8917969 0.0635417 0.1867187
3 0.4755208 0.6535156 0.0812500 0.0898438
1 0.7994792 0.5875000 0.1062500 0.0859375
4 0.5955729 0.1734375 0.0828125 0.0796875
4 0.7221354 0.1753906 0.1130208 0.0804688
4 0.7080729 0.5710937 0.0807292 0.0984375
5 0.4601562 0.3222656 0.0473958 0.1757812
0 0.6752604 0.6187500 0.0953125 0.1281250
4 0.6690104 0.4085937 0.1119792 0.1109375
1 0.4455729 0.5062500 0.0828125 0.1546875
0 0.3432292 0.6000000 0.0510417 0.0937500
1 0.2117188 0.7515625 0.0994792 0.1171875
3 0.6515625 0.4656250 0.0895833 0.1140625
2 0.6333333 0.4667969 0.1156250 0.0867187
0 0.7414063 0.5164062 0.1140625 0.0796875
4 0.5549479 0.4167969 0.0942708 0.1117188
0 0.5257812 0.2492187 0.1098958 0.0921875
2 0.3846354 0.4378906 0.0661458 0.1242188
1 0.3942708 0.7199219 0.0937500 0.1273438
4 0.6666667 0.3214844 0.1020833 0.0664062
1 0.6078125 0.1980469 0.0833333 0.1414063
4 0.3799479 0.4917969 0.0963542 0.1101562
5 0.3627604 0.2011719 0.0744792 0.1460937
4 0.7252604 0.5027344 0.0796875 0.0757812
1 0.5760417 0.0660156 0.0697917 0.0882813
4 0.6114583 0.7722656 0.0895833 0.1570313
6 0.6833333 0.7179688 0.1104167 0.1187500
7 0.5614583 0.3871094 0.0791667 0.1367188
9 0.2333333 0.3437500 0.0937500 0.1562500
8 0.2515625 0.1871094 0.0697917 0.1632812
8 0.7757812 0.5363281 0.1015625 0.1195313
8 0.5166667 0.5906250 0.0687500 0.1515625
11 0.8070312 0.4554687 0.1130208 0.1093750
