5 0.7369792 0.6367188 0.0729167 0.0750000
3 0.6184896 0.3785156 0.0338542 0.1070312
0 0.5447917 0.7324219 0.0510417 0.0632812
0 0.5260417 0.2605469 0.0854167 0.0539063
0 0.4109375 0.4957031 0.0437500 0.0742188
3 0.6065104 0.2152344 0.0807292 0.0632812
1 0.3179688 0.4886719 0.0640625 0.0710937
1 0.3721354 0.6507812 0.0505208 0.1140625
2 0.4718750 0.7039062 0.0447917 0.0671875
1 0.6682292 0.5855469 0.0812500 0.0523438
4 0.3580729 0.2007812 0.0390625 0.1078125
0 0.6434896 0.4742188 0.0911458 0.0687500
2 0.3473958 0.5355469 0.0510417 0.1289062
3 0.2666667 0.4867187 0.0500000 0.0875000
4 0.6354167 0.5679688 0.0843750 0.0734375
5 0.6138021 0.1601562 0.0473958 0.0687500
1 0.4752604 0.6355469 0.0598958 0.0664062
1 0.7062500 0.6312500 0.0760417 0.0656250
5 0.4440104 0.3914063 0.0390625 0.0718750
5 0.3781250 0.2882812 0.0645833 0.0468750
1 0.3580729 0.5718750 0.0859375 0.0546875
3 0.6820312 0.2917969 0.0817708 0.0664062
0 0.7138021 0.5468750 0.0380208 0.0640625
4 0.6773438 0.4347656 0.0401042 0.0773438
4 0.7382812 0.2480469 0.0807292 0.0585938
3 0.5945312 0.3019531 0.0640625 0.0539063
0 0.3236979 0.8390625 0.0369792 0.0750000
5 0.4257812 0.5871094 0.0807292 0.0617188
4 0.5536458 0.6167969 0.0760417 0.0664062
0 0.3130208 0.5023437 0.0635417 0.1109375
3 0.5585938 0.1781250 0.0453125 0.1296875
1 0.5567708 0.3710938 0.0666667 0.0890625
5 0.5398437 0.5113281 0.0317708 0.1101562
0 0.6585937 0.5296875 0.0838542 0.0578125
4 0.5289063 0.4074219 0.0661458 0.0601563
2 0.5216146 0.5820312 0.0661458 0.0671875
4 0.6278646 0.6703125 0.0432292 0.0984375
5 0.5281250 0.8437500 0.0635417 0.0703125
5 0.2614583 0.4234375 0.0864583 0.0937500
2 0.4690104 0.7523437 0.0828125 0.0656250
4 0.5830729 0.2054688 0.0828125 0.0531250
0 0.6309896 0.7578125 0.0546875 0.0593750
2 0.6726562 0.6050781 0.0536458 0.0695313
4 0.4489583 0.7394531 0.0479167 0.1117188
0 0.6723958 0.5492187 0.0770833 0.0671875
3 0.3520833 0.5917969 0.0781250 0.0851563
4 0.5028646 0.6218750 0.0776042 0.0765625
4 0.6973958 0.4070313 0.0677083 0.0703125
0 0.5497396 0.9437500 0.0723958 0.1078125
5 0.7528646 0.3507812 0.0703125 0.0843750
2 0.6611979 0.1253906 0.0880208 0.0570312
0 0.5213542 0.3152344 0.0416667 0.1304687
1 0.6854167 0.7250000 0.0760417 0.0765625
5 0.5492187 0.2296875 0.0494792 0.1046875
0 0.6848958 0.6332031 0.0447917 0.0742188
5 0.4622396 0.0750000 0.0567708 0.0906250
0 0.4359375 0.3628906 0.0510417 0.0601563
2 0.5856771 0.4187500 0.0588542 0.0578125
3 0.5229167 0.7277344 0.0843750 0.0539063
1 0.5708333 0.7871094 0.0406250 0.1289062
2 0.4958333 0.8195313 0.0479167 0.1187500
0 0.6239583 0.3242188 0.0833333 0.0609375
4 0.5614583 0.5726562 0.0885417 0.0625000
2 0.6864583 0.3062500 0.0552083 0.0984375
5 0.5148438 0.3824219 0.0421875 0.0820312
1 0.3505208 0.6851563 0.0562500 0.0812500
5 0.4468750 0.5992188 0.0437500 0.0937500
5 0.2986979 0.3117187 0.0401042 0.0734375
0 0.4018229 0.6144531 0.0453125 0.1289062
1 0.6250000 0.6847656 0.0750000 0.0570312
0 0.5406250 0.5585938 0.0531250 0.0671875
0 0.7283854 0.1710937 0.0869792 0.0484375
2 0.6656250 0.1812500 0.0833333 0.0578125
3 0.6143229 0.2531250 0.0619792 0.1062500
10 0.4557292 0.3500000 0.0583333 0.0796875
9 0.7114583 0.5062500 0.0760417 0.0734375
7 0.3635417 0.4375000 0.0750000 0.0984375
9 0.3833333 0.2945313 0.0593750 0.1203125
7 0.4981771 0.2382812 0.0619792 0.1078125
6 0.2497396 0.4078125 0.0765625 0.0984375
10 0.5322917 0.5738281 0.0812500 0.1132812
10 0.6125000 0.6289062 0.0833333 0.1015625
11 0.7033854 0.7542969 0.0776042 0.0742188
9 0.2078125 0.3906250 0.0802083 0.0781250
6 0.6244792 0.3632812 0.0677083 0.0796875
11 0.6778646 0.6308594 0.0713542 0.0960938
9 0.4244792 0.2644531 0.0760417 0.0757812
10 0.4075521 0.4476562 0.0765625 0.0734375
11 0.6377604 0.2828125 0.0619792 0.1187500
9 0.3161458 0.4714844 0.0770833 0.0742188
8 0.3539062 0.3621094 0.0609375 0.1039063
9 0.4919271 0.1097656 0.0484375 0.1117188
6 0.6260417 0.7257813 0.0729167 0.0718750
