4 0.7585937 0.3492188 0.0557292 0.0437500
2 0.5447917 0.9093750 0.0208333 0.0671875
2 0.4179688 0.3488281 0.0223958 0.0460938
4 0.6033854 0.3781250 0.0578125 0.0546875
0 0.4049479 0.6484375 0.0411458 0.0578125
0 0.7661458 0.2707031 0.0531250 0.0476562
3 0.6182292 0.3296875 0.0572917 0.0468750
0 0.3828125 0.8195313 0.0239583 0.0843750
5 0.3638021 0.5113281 0.0484375 0.0351562
5 0.2653646 0.3515625 0.0307292 0.0468750
2 0.4765625 0.4453125 0.0333333 0.0828125
0 0.3979167 0.3195312 0.0302083 0.0546875
4 0.6408854 0.5738281 0.0265625 0.0460938
0 0.5455729 0.6230469 0.0296875 0.0570312
2 0.4695313 0.2847656 0.0223958 0.0429688
3 0.4822917 0.6070313 0.0406250 0.0671875
0 0.4716146 0.4160156 0.0296875 0.0789062
1 0.7361979 0.5644531 0.0453125 0.0539063
1 0.5289063 0.3605469 0.0359375 0.0460938
8 0.3513021 0.5410156 0.0328125 0.0710937
