5 0.3197917 0.5000000 0.0427083 0.0375000
2 0.6854167 0.6074219 0.0385417 0.0492187
4 0.4776042 0.2238281 0.0270833 0.0632812
2 0.4643229 0.3500000 0.0307292 0.0359375
2 0.6598958 0.3601563 0.0302083 0.0390625
1 0.4408854 0.7445312 0.0473958 0.0421875
0 0.5401042 0.8292969 0.0312500 0.0679687
10 0.3666667 0.4660156 0.0312500 0.0695313
10 0.5333333 0.0929688 0.0312500 0.0421875
11 0.4028646 0.2417969 0.0317708 0.0742188
9 0.4729167 0.3531250 0.0458333 0.0500000
7 0.6518229 0.1476562 0.0296875 0.0687500
7 0.5984375 0.7265625 0.0364583 0.0625000
8 0.4716146 0.7507812 0.0380208 0.0578125
9 0.4958333 0.8070312 0.0406250 0.0703125
11 0.3950521 0.7527344 0.0432292 0.0523438
6 0.7229167 0.5152344 0.0479167 0.0507812
11 0.7195312 0.6789063 0.0432292 0.0656250
7 0.3632812 0.4136719 0.0421875 0.0414062
6 0.6875000 0.3886719 0.0312500 0.0617188
