1 0.7351562 0.4542969 0.0619792 0.0554687
4 0.5192708 0.4027344 0.0625000 0.0585938
3 0.4955729 0.3707031 0.0526042 0.0414062
0 0.5914063 0.4269531 0.0536458 0.0679687
1 0.4703125 0.5355469 0.0302083 0.0773438
1 0.7033854 0.7531250 0.0505208 0.0531250
5 0.4250000 0.3070312 0.0479167 0.0437500
1 0.3044271 0.7773438 0.0609375 0.0437500
5 0.5140625 0.5335937 0.0468750 0.0718750
2 0.3619792 0.4296875 0.0427083 0.0562500
3 0.7039062 0.4425781 0.0515625 0.0539063
4 0.5695313 0.5136719 0.0578125 0.0617188
5 0.4268229 0.4542969 0.0421875 0.0914062
0 0.6114583 0.4398437 0.0500000 0.0359375
2 0.6627604 0.5238281 0.0578125 0.0414062
0 0.4203125 0.2609375 0.0385417 0.0531250
4 0.7354167 0.3648438 0.0562500 0.0640625
3 0.6031250 0.3484375 0.0510417 0.0812500
0 0.6627604 0.5734375 0.0276042 0.0953125
2 0.5333333 0.1453125 0.0375000 0.0828125
1 0.5507812 0.4542969 0.0640625 0.0460938
4 0.7270833 0.5929688 0.0593750 0.0515625
0 0.3065104 0.3574219 0.0567708 0.0398437
2 0.3544271 0.6320313 0.0505208 0.0500000
0 0.3570313 0.2570312 0.0557292 0.0562500
4 0.3916667 0.4343750 0.0656250 0.0515625
0 0.7244792 0.8929687 0.0583333 0.0390625
4 0.2812500 0.7660156 0.0531250 0.0351562
1 0.4567708 0.1988281 0.0281250 0.0867187
1 0.3015625 0.3527344 0.0593750 0.0460938
5 0.5742188 0.5011719 0.0557292 0.0601563
2 0.6744792 0.6984375 0.0552083 0.0500000
3 0.5473958 0.1933594 0.0479167 0.0445313
1 0.6531250 0.4027344 0.0625000 0.0398437
3 0.5768229 0.1492188 0.0484375 0.0703125
2 0.3263021 0.2062500 0.0390625 0.0421875
2 0.5476562 0.6757812 0.0369792 0.0468750
1 0.5455729 0.2242187 0.0651042 0.0375000
4 0.5924479 0.3554688 0.0276042 0.0687500
2 0.4963542 0.3320312 0.0593750 0.0437500
0 0.7346354 0.4996094 0.0598958 0.0476562
1 0.4682292 0.2992187 0.0552083 0.0343750
2 0.3682292 0.7398438 0.0510417 0.0500000
1 0.6210938 0.6136719 0.0265625 0.0414062
3 0.4216146 0.3417969 0.0338542 0.0882813
3 0.7216146 0.2847656 0.0255208 0.0914062
4 0.5411458 0.6175781 0.0395833 0.0757812
0 0.5750000 0.3332031 0.0541667 0.0679687
0 0.5640625 0.3242188 0.0583333 0.0421875
2 0.5218750 0.3847656 0.0333333 0.0898438
4 0.8117188 0.6859375 0.0463542 0.0828125
3 0.7330729 0.7429687 0.0619792 0.0468750
2 0.2015625 0.6300781 0.0520833 0.0539063
0 0.6921875 0.5734375 0.0552083 0.0562500
1 0.7549479 0.4894531 0.0484375 0.0757812
2 0.4895833 0.2843750 0.0385417 0.0421875
2 0.5960937 0.7414063 0.0630208 0.0453125
4 0.6075521 0.3039062 0.0338542 0.0828125
5 0.3723958 0.6972656 0.0333333 0.0507812
0 0.5153646 0.5562500 0.0442708 0.0750000
4 0.4596354 0.5878906 0.0380208 0.0570312
3 0.3028646 0.6515625 0.0338542 0.0703125
1 0.6736979 0.6503906 0.0567708 0.0398437
5 0.5182292 0.8277344 0.0395833 0.0976562
3 0.5044271 0.6195312 0.0630208 0.0437500
2 0.3833333 0.5542969 0.0541667 0.0601563
3 0.7312500 0.6957031 0.0583333 0.0398437
1 0.4325521 0.6777344 0.0432292 0.0789062
5 0.4799479 0.6320313 0.0380208 0.0953125
6 0.6953125 0.3562500 0.0531250 0.0515625
7 0.5216146 0.6585937 0.0557292 0.0765625
11 0.2489583 0.4765625 0.0416667 0.0656250
6 0.5635417 0.5105469 0.0656250 0.0632812
11 0.5223958 0.4695313 0.0520833 0.0781250
7 0.5718750 0.5437500 0.0520833 0.0625000
10 0.4341146 0.3789062 0.0609375 0.0687500
7 0.5882812 0.2710938 0.0484375 0.0562500
