5 0.4950521 0.4214844 0.0640625 0.0820312
3 0.6354167 0.1816406 0.0531250 0.0945312
1 0.5416667 0.5039062 0.0812500 0.0578125
3 0.4627604 0.4097656 0.0692708 0.0382813
3 0.6778646 0.4761719 0.0640625 0.0617188
4 0.7119792 0.2996094 0.0593750 0.0726563
5 0.4846354 0.7761719 0.0328125 0.0570312
1 0.6070313 0.6457031 0.0796875 0.0570312
3 0.6213542 0.2523437 0.0697917 0.0515625
3 0.5864583 0.5316406 0.0708333 0.0679687
0 0.2611979 0.6046875 0.0453125 0.0687500
3 0.4203125 0.2945313 0.0447917 0.0609375
3 0.6997396 0.5769531 0.0453125 0.1164063
7 0.3736979 0.1039063 0.0453125 0.1046875
8 0.6929688 0.1878906 0.0682292 0.0664062
9 0.3268229 0.7628906 0.0703125 0.0710937
11 0.7328125 0.5250000 0.0541667 0.0687500
9 0.3195312 0.3500000 0.0723958 0.0703125
