5 0.3723958 0.7078125 0.0416667 0.0406250
3 0.4817708 0.4121094 0.0322917 0.0523438
1 0.4625000 0.4011719 0.0291667 0.0648438
4 0.5760417 0.5636719 0.0593750 0.0429688
2 0.3036458 0.3250000 0.0250000 0.0734375
2 0.6744792 0.5398437 0.0583333 0.0390625
4 0.4734375 0.0648438 0.0385417 0.0640625
0 0.5562500 0.5203125 0.0458333 0.0609375
0 0.7460938 0.5542969 0.0484375 0.0460938
2 0.7588542 0.6871094 0.0520833 0.0367188
0 0.5757813 0.8066406 0.0286458 0.0585938
4 0.5984375 0.4953125 0.0500000 0.0421875
1 0.5643229 0.7773438 0.0421875 0.0343750
2 0.3494792 0.5125000 0.0333333 0.0390625
2 0.4838542 0.1925781 0.0302083 0.0726563
3 0.5604167 0.2167969 0.0312500 0.0804688
0 0.5135417 0.5988281 0.0291667 0.0414062
2 0.5317708 0.0109375 0.0250000 0.0218750
5 0.7351562 0.3296875 0.0546875 0.0437500
4 0.7041667 0.3054688 0.0437500 0.0562500
4 0.2979167 0.7066406 0.0531250 0.0460938
4 0.3625000 0.2933594 0.0572917 0.0414062
5 0.5411458 0.7269531 0.0333333 0.0710937
4 0.4817708 0.2207031 0.0437500 0.0632812
4 0.5346354 0.4015625 0.0276042 0.0515625
2 0.4955729 0.3691406 0.0317708 0.0773438
0 0.4309896 0.3199219 0.0567708 0.0382813
2 0.5721354 0.5468750 0.0515625 0.0375000
3 0.4773438 0.1937500 0.0234375 0.0781250
8 0.7536458 0.5250000 0.0541667 0.0562500
7 0.6643229 0.4406250 0.0473958 0.0500000
9 0.2903646 0.4218750 0.0484375 0.0468750
8 0.6252604 0.7839844 0.0484375 0.0476562
10 0.3354167 0.4898438 0.0489583 0.0468750
9 0.5588542 0.4980469 0.0520833 0.0507812
6 0.5322917 0.7664062 0.0395833 0.0828125
