3 0.4572917 0.6718750 0.0354167 0.0656250
5 0.6005208 0.5953125 0.0677083 0.0484375
0 0.5729167 0.3656250 0.0583333 0.0406250
5 0.4934896 0.3554688 0.0546875 0.0468750
0 0.4799479 0.7398438 0.0296875 0.0453125
4 0.4552083 0.1066406 0.0458333 0.0617188
4 0.5601563 0.6390625 0.0526042 0.0343750
2 0.6057292 0.2328125 0.0406250 0.0859375
0 0.5203125 0.3910156 0.0458333 0.0632812
5 0.6718750 0.3910156 0.0281250 0.0898438
5 0.4705729 0.4074219 0.0286458 0.0585938
0 0.4416667 0.7671875 0.0625000 0.0437500
5 0.6861979 0.6382813 0.0276042 0.0718750
3 0.5710937 0.7144531 0.0619792 0.0367188
3 0.7226562 0.4304688 0.0588542 0.0453125
3 0.5205729 0.6855469 0.0411458 0.0773438
1 0.3455729 0.5160156 0.0307292 0.0460938
1 0.6000000 0.8070312 0.0406250 0.0671875
1 0.6101562 0.3339844 0.0567708 0.0382813
5 0.4648438 0.5648437 0.0307292 0.0468750
0 0.8049479 0.3781250 0.0463542 0.0562500
0 0.5755208 0.1378906 0.0375000 0.0820312
2 0.7229167 0.4093750 0.0479167 0.0812500
3 0.4544271 0.3429687 0.0328125 0.0968750
2 0.5411458 0.3550781 0.0520833 0.0445313
3 0.4367187 0.3808594 0.0348958 0.0945312
4 0.5166667 0.6585937 0.0291667 0.0671875
2 0.3294271 0.1550781 0.0588542 0.0523438
0 0.5067708 0.3476562 0.0531250 0.0718750
3 0.4153646 0.8324219 0.0515625 0.0695313
0 0.2981771 0.2687500 0.0484375 0.0531250
4 0.6518229 0.2531250 0.0244792 0.0484375
3 0.6343750 0.8160156 0.0593750 0.0445313
1 0.3052083 0.4113281 0.0406250 0.0414062
2 0.4028646 0.6898437 0.0411458 0.0953125
0 0.8033854 0.6195312 0.0578125 0.0625000
3 0.5104167 0.8359375 0.0322917 0.0812500
3 0.4130208 0.8074219 0.0385417 0.0757812
5 0.7479167 0.2148438 0.0500000 0.0500000
3 0.5164062 0.6964844 0.0338542 0.0367188
3 0.7119792 0.5828125 0.0562500 0.0453125
3 0.4445312 0.6351562 0.0338542 0.0921875
1 0.4588542 0.1269531 0.0437500 0.0554687
1 0.6255208 0.5914063 0.0645833 0.0515625
5 0.6729167 0.3347656 0.0562500 0.0476562
1 0.5833333 0.6210938 0.0583333 0.0390625
4 0.5010417 0.3054688 0.0406250 0.0640625
1 0.4132812 0.2695312 0.0411458 0.0843750
4 0.6007813 0.5011719 0.0546875 0.0664062
1 0.7096354 0.5550781 0.0640625 0.0539063
0 0.5755208 0.6753906 0.0572917 0.0460938
2 0.4098958 0.6199219 0.0437500 0.0773438
2 0.5744792 0.7152344 0.0614583 0.0570312
5 0.5114583 0.7257813 0.0447917 0.0812500
9 0.5533854 0.2359375 0.0536458 0.0531250
7 0.7005208 0.4863281 0.0520833 0.0710937
9 0.4739583 0.3742187 0.0562500 0.0578125
7 0.5156250 0.1394531 0.0572917 0.0664062
9 0.2111979 0.3789062 0.0557292 0.0703125
6 0.6130208 0.7593750 0.0500000 0.0875000
11 0.5432292 0.3226562 0.0427083 0.0546875
8 0.7304688 0.6503906 0.0588542 0.0726563
9 0.5481771 0.3136719 0.0432292 0.0882813
9 0.3007812 0.6492187 0.0598958 0.0953125
6 0.5630208 0.4535156 0.0593750 0.0570312
8 0.6901042 0.2085937 0.0541667 0.0890625
8 0.5736979 0.1253906 0.0380208 0.0867187
9 0.7072917 0.5261719 0.0468750 0.0648438
7 0.7489583 0.6078125 0.0583333 0.0765625
9 0.3171875 0.2214844 0.0541667 0.0539063
