3 0.6583333 0.4699219 0.0520833 0.0367188
0 0.3945312 0.8242188 0.0348958 0.0812500
2 0.5091146 0.4601562 0.0401042 0.0578125
4 0.2945313 0.6132812 0.0411458 0.0500000
4 0.5890625 0.2828125 0.0343750 0.0468750
0 0.4315104 0.4449219 0.0244792 0.0664062
2 0.6893229 0.9089844 0.0401042 0.0664062
4 0.4338542 0.6171875 0.0343750 0.0484375
1 0.7226562 0.3371094 0.0328125 0.0710937
4 0.4533854 0.7093750 0.0265625 0.0687500
2 0.7111979 0.4878906 0.0463542 0.0539063
2 0.3747396 0.5300781 0.0401042 0.0414062
0 0.4234375 0.8964844 0.0489583 0.0476562
4 0.3877604 0.5371094 0.0296875 0.0382813
4 0.5156250 0.6875000 0.0479167 0.0421875
0 0.6945313 0.2097656 0.0536458 0.0351562
1 0.2716146 0.3304687 0.0494792 0.0421875
0 0.6968750 0.3167969 0.0447917 0.0601563
3 0.4343750 0.8003906 0.0333333 0.0773438
5 0.5039062 0.5984375 0.0296875 0.0703125
4 0.7674479 0.6726562 0.0359375 0.0687500
5 0.6252604 0.1902344 0.0526042 0.0382813
3 0.3354167 0.3457031 0.0437500 0.0367188
3 0.6627604 0.3339844 0.0484375 0.0523438
5 0.2596354 0.5578125 0.0432292 0.0640625
1 0.6861979 0.6527344 0.0411458 0.0320312
4 0.6020833 0.4929688 0.0281250 0.0562500
1 0.5583333 0.2937500 0.0427083 0.0593750
1 0.5328125 0.7035156 0.0458333 0.0523438
3 0.3437500 0.7824219 0.0500000 0.0414062
1 0.7007813 0.7011719 0.0338542 0.0710937
4 0.4023438 0.6410156 0.0234375 0.0726563
2 0.5148438 0.8386719 0.0317708 0.0789062
5 0.6197917 0.5691406 0.0270833 0.0476562
5 0.6950521 0.4187500 0.0463542 0.0484375
3 0.3174479 0.6570312 0.0244792 0.0765625
1 0.4395833 0.7230469 0.0229167 0.0351562
2 0.6601562 0.6906250 0.0328125 0.0609375
5 0.5356771 0.6027344 0.0473958 0.0445313
5 0.5692708 0.3371094 0.0260417 0.0710937
0 0.4216146 0.3226562 0.0244792 0.0781250
2 0.4533854 0.5062500 0.0296875 0.0609375
5 0.4960938 0.3804688 0.0348958 0.0484375
3 0.6541667 0.3019531 0.0270833 0.0789062
2 0.2986979 0.5226563 0.0286458 0.0375000
1 0.7098958 0.6113281 0.0510417 0.0335937
1 0.4351563 0.6703125 0.0296875 0.0859375
2 0.4973958 0.2617188 0.0333333 0.0781250
4 0.7539062 0.4855469 0.0578125 0.0460938
3 0.5289063 0.3058594 0.0536458 0.0320312
6 0.3520833 0.2585938 0.0343750 0.0796875
11 0.5697917 0.4210937 0.0375000 0.0578125
