3 0.3986979 0.3542969 0.0411458 0.0460938
3 0.4648438 0.1402344 0.0463542 0.0335937
1 0.5807292 0.4632812 0.0343750 0.0546875
5 0.3442708 0.2894531 0.0208333 0.0648438
4 0.3588542 0.4578125 0.0427083 0.0343750
0 0.3877604 0.1093750 0.0411458 0.0484375
4 0.6559896 0.5691406 0.0515625 0.0351562
3 0.5260417 0.6710938 0.0260417 0.0281250
1 0.6861979 0.4132812 0.0244792 0.0406250
3 0.4494792 0.8613281 0.0291667 0.0476562
0 0.2684896 0.7765625 0.0307292 0.0718750
1 0.3703125 0.4625000 0.0291667 0.0609375
2 0.4184896 0.2582031 0.0473958 0.0351562
4 0.4041667 0.2015625 0.0458333 0.0328125
4 0.6817708 0.7468750 0.0479167 0.0375000
5 0.2835937 0.4031250 0.0453125 0.0312500
5 0.3856771 0.7765625 0.0348958 0.0609375
2 0.5919271 0.4277344 0.0286458 0.0585938
2 0.4744792 0.5398437 0.0510417 0.0468750
5 0.6515625 0.4769531 0.0406250 0.0398437
2 0.5184896 0.1484375 0.0286458 0.0640625
3 0.5270833 0.3710938 0.0364583 0.0343750
0 0.4875000 0.6292969 0.0229167 0.0476562
5 0.4739583 0.0359375 0.0208333 0.0640625
5 0.5013021 0.5640625 0.0401042 0.0609375
3 0.4986979 0.2867188 0.0244792 0.0546875
1 0.5283854 0.2136719 0.0255208 0.0523438
0 0.3002604 0.2195313 0.0442708 0.0468750
1 0.4838542 0.4847656 0.0302083 0.0398437
0 0.4953125 0.6539063 0.0281250 0.0437500
0 0.5705729 0.3003906 0.0473958 0.0257812
4 0.7132812 0.4203125 0.0463542 0.0375000
1 0.4158854 0.1945312 0.0234375 0.0437500
5 0.4895833 0.5683594 0.0322917 0.0507812
3 0.7802083 0.5214844 0.0291667 0.0367188
1 0.5466146 0.4835937 0.0442708 0.0312500
5 0.6307292 0.8316406 0.0322917 0.0398437
4 0.7197917 0.6437500 0.0500000 0.0343750
1 0.5598958 0.6679688 0.0291667 0.0375000
4 0.3966146 0.3898437 0.0484375 0.0359375
2 0.5799479 0.4847656 0.0307292 0.0367188
3 0.6106771 0.2199219 0.0442708 0.0429688
0 0.4070313 0.3867188 0.0307292 0.0406250
4 0.3651042 0.4828125 0.0250000 0.0718750
2 0.2536458 0.5933594 0.0281250 0.0460938
3 0.4588542 0.4402344 0.0489583 0.0351562
3 0.7875000 0.5214844 0.0395833 0.0554687
3 0.7786458 0.6632813 0.0416667 0.0406250
1 0.5752604 0.4007812 0.0296875 0.0640625
3 0.3906250 0.2179687 0.0208333 0.0406250
4 0.3234375 0.5378906 0.0218750 0.0726563
3 0.3593750 0.9164062 0.0322917 0.0531250
4 0.5247396 0.6761719 0.0255208 0.0695313
5 0.6916667 0.6882812 0.0208333 0.0328125
5 0.5098958 0.5628906 0.0281250 0.0351562
4 0.5882812 0.6140625 0.0401042 0.0343750
5 0.5809896 0.4406250 0.0463542 0.0312500
0 0.6286458 0.3656250 0.0354167 0.0359375
5 0.6377604 0.3582031 0.0442708 0.0289063
3 0.7710938 0.2457031 0.0505208 0.0289063
4 0.4671875 0.3816406 0.0250000 0.0320312
1 0.4166667 0.3257813 0.0250000 0.0390625
0 0.4713542 0.7007813 0.0427083 0.0328125
5 0.6588542 0.3656250 0.0250000 0.0750000
1 0.2070312 0.6800781 0.0296875 0.0710937
2 0.3562500 0.1613281 0.0468750 0.0382813
6 0.5236979 0.2839844 0.0390625 0.0445313
6 0.4309896 0.3789062 0.0390625 0.0546875
10 0.6401042 0.3109375 0.0395833 0.0390625
8 0.2348958 0.4242187 0.0322917 0.0625000
