5 0.6617188 0.7199219 0.0244792 0.0195312
0 0.5200521 0.6410156 0.0161458 0.0320312
4 0.5187500 0.7273437 0.0239583 0.0218750
5 0.4635417 0.5738281 0.0250000 0.0195312
5 0.5484375 0.1585938 0.0197917 0.0312500
4 0.3414063 0.6582031 0.0234375 0.0226562
3 0.6242188 0.6601562 0.0255208 0.0234375
2 0.4651042 0.3167969 0.0197917 0.0195312
5 0.5656250 0.8882813 0.0197917 0.0281250
2 0.5096354 0.6406250 0.0192708 0.0203125
0 0.4085937 0.8656250 0.0182292 0.0406250
0 0.3252604 0.4492188 0.0276042 0.0281250
0 0.6614583 0.2046875 0.0260417 0.0218750
0 0.2369792 0.2996094 0.0145833 0.0195312
2 0.5434896 0.5031250 0.0130208 0.0187500
5 0.6234375 0.3765625 0.0229167 0.0234375
5 0.4661458 0.7320313 0.0156250 0.0312500
1 0.6908854 0.6035156 0.0255208 0.0257812
1 0.6656250 0.3457031 0.0281250 0.0210938
2 0.6239583 0.6484375 0.0187500 0.0218750
3 0.7104167 0.4496094 0.0260417 0.0195312
3 0.6890625 0.5492187 0.0302083 0.0250000
2 0.5338542 0.2457031 0.0281250 0.0179687
3 0.5697917 0.1519531 0.0187500 0.0351562
3 0.4312500 0.2292969 0.0239583 0.0257812
5 0.4312500 0.4394531 0.0125000 0.0179687
2 0.2984375 0.3656250 0.0218750 0.0234375
5 0.3338542 0.2453125 0.0135417 0.0218750
4 0.3507812 0.6140625 0.0182292 0.0203125
0 0.3984375 0.3746094 0.0145833 0.0289063
4 0.6825521 0.2480469 0.0255208 0.0179687
0 0.4671875 0.2101562 0.0270833 0.0187500
3 0.3906250 0.6042969 0.0125000 0.0414062
4 0.3164062 0.4628906 0.0234375 0.0164063
0 0.6734375 0.5496094 0.0114583 0.0179687
3 0.5205729 0.5789062 0.0119792 0.0203125
2 0.6526042 0.5589844 0.0250000 0.0164063
4 0.6601562 0.3835938 0.0276042 0.0187500
3 0.3783854 0.1937500 0.0234375 0.0234375
0 0.4460938 0.3949219 0.0182292 0.0226562
4 0.3770833 0.3933594 0.0114583 0.0273438
2 0.5367188 0.5097656 0.0151042 0.0210938
3 0.3453125 0.7652344 0.0260417 0.0210938
2 0.3000000 0.2671875 0.0260417 0.0234375
5 0.4947917 0.5898438 0.0229167 0.0171875
0 0.4132812 0.4449219 0.0151042 0.0351562
4 0.4635417 0.5812500 0.0270833 0.0187500
0 0.5205729 0.2156250 0.0151042 0.0328125
0 0.6367188 0.6464844 0.0213542 0.0210938
5 0.3221354 0.4628906 0.0255208 0.0210938
5 0.5895833 0.8250000 0.0250000 0.0187500
0 0.4309896 0.3714844 0.0140625 0.0242188
2 0.3559896 0.4355469 0.0192708 0.0320312
1 0.4002604 0.8609375 0.0244792 0.0218750
3 0.3625000 0.2257812 0.0135417 0.0359375
4 0.4388021 0.4027344 0.0255208 0.0242188
0 0.3997396 0.1976563 0.0234375 0.0234375
2 0.4591146 0.4789062 0.0130208 0.0171875
0 0.6031250 0.7195312 0.0187500 0.0312500
5 0.4341146 0.5121094 0.0276042 0.0242188
5 0.4028646 0.1449219 0.0151042 0.0210938
5 0.7088542 0.3355469 0.0208333 0.0195312
5 0.5296875 0.3312500 0.0145833 0.0375000
5 0.6242188 0.1304687 0.0140625 0.0390625
1 0.4250000 0.3812500 0.0166667 0.0375000
3 0.3164062 0.2429688 0.0255208 0.0218750
1 0.3953125 0.3464844 0.0260417 0.0179687
0 0.6000000 0.2687500 0.0187500 0.0218750
5 0.3934896 0.6210938 0.0265625 0.0187500
0 0.5567708 0.6507812 0.0166667 0.0234375
0 0.6861979 0.5140625 0.0130208 0.0359375
2 0.5937500 0.7695312 0.0197917 0.0250000
5 0.3437500 0.7550781 0.0197917 0.0320312
1 0.4510417 0.4535156 0.0218750 0.0179687
4 0.4786458 0.1875000 0.0114583 0.0187500
5 0.5250000 0.8710938 0.0156250 0.0296875
3 0.5244792 0.4242187 0.0260417 0.0265625
3 0.7010417 0.4761719 0.0260417 0.0226562
3 0.5739583 0.3777344 0.0281250 0.0195312
9 0.3791667 0.6609375 0.0239583 0.0359375
10 0.3541667 0.6621094 0.0208333 0.0210938
8 0.5588542 0.7093750 0.0208333 0.0250000
9 0.4151042 0.5039062 0.0250000 0.0250000
11 0.6513021 0.6355469 0.0234375 0.0226562
6 0.4841146 0.3394531 0.0151042 0.0304687
10 0.6497396 0.4277344 0.0234375 0.0226562
8 0.3627604 0.6320313 0.0255208 0.0250000
10 0.4114583 0.5152344 0.0260417 0.0320312
8 0.7492188 0.5039062 0.0234375 0.0328125
8 0.5802083 0.5679688 0.0177083 0.0375000
7 0.3197917 0.6613281 0.0156250 0.0226562
7 0.5057292 0.2328125 0.0218750 0.0296875
