1 0.6807292 0.2964844 0.0906250 0.0945312
0 0.3697917 0.5042969 0.0937500 0.0820312
0 0.6294271 0.2449219 0.0755208 0.0726563
2 0.6161458 0.2671875 0.0875000 0.0875000
3 0.5484375 0.2074219 0.0687500 0.0648438
1 0.6533854 0.1105469 0.1067708 0.0757812
1 0.5333333 0.7265625 0.0812500 0.0578125
0 0.6752604 0.4664063 0.0880208 0.0734375
0 0.3799479 0.4101562 0.0890625 0.0765625
3 0.7007813 0.4332031 0.0932292 0.0585938
2 0.5002604 0.6890625 0.0557292 0.1437500
3 0.6940104 0.3031250 0.0609375 0.1234375
2 0.6911458 0.5882812 0.0416667 0.0812500
8 0.5666667 0.3523438 0.1020833 0.1140625
10 0.6203125 0.3566406 0.0635417 0.1476562
11 0.5473958 0.4250000 0.0864583 0.1328125
11 0.5986979 0.6292969 0.0796875 0.1382812
10 0.5908854 0.4214844 0.0869792 0.0992187
6 0.3937500 0.3671875 0.0927083 0.0937500
10 0.1799479 0.3781250 0.0880208 0.1406250
6 0.5135417 0.8460937 0.0989583 0.0953125
8 0.6593750 0.4996094 0.1041667 0.1210938
10 0.3390625 0.2996094 0.0927083 0.0945312
8 0.7208333 0.1617187 0.0958333 0.1312500
7 0.6143229 0.7433594 0.0973958 0.0945312
