5 0.5567708 0.4832031 0.0270833 0.0617188
3 0.6309896 0.5332031 0.0307292 0.0679687
4 0.6361979 0.3207031 0.0213542 0.0492187
5 0.3533854 0.2410156 0.0234375 0.0742188
0 0.5098958 0.1792969 0.0333333 0.0320312
5 0.5434896 0.4828125 0.0421875 0.0359375
4 0.5697917 0.3726563 0.0375000 0.0406250
1 0.5604167 0.3503906 0.0260417 0.0382813
4 0.5309896 0.4273438 0.0223958 0.0546875
5 0.4052083 0.7433594 0.0416667 0.0523438
4 0.2703125 0.3289063 0.0479167 0.0343750
2 0.4424479 0.7277344 0.0244792 0.0710937
0 0.4458333 0.4621094 0.0447917 0.0351562
5 0.4539063 0.4480469 0.0223958 0.0695313
4 0.6247396 0.7558594 0.0380208 0.0570312
4 0.5838542 0.3648438 0.0270833 0.0515625
3 0.6674479 0.8535156 0.0442708 0.0320312
5 0.6822917 0.5566406 0.0479167 0.0382813
5 0.2614583 0.2152344 0.0437500 0.0398437
1 0.6130208 0.3082031 0.0416667 0.0460938
2 0.5833333 0.3277344 0.0354167 0.0554687
2 0.2932292 0.6480469 0.0395833 0.0351562
1 0.4492188 0.3304687 0.0244792 0.0343750
1 0.4283854 0.3953125 0.0213542 0.0703125
1 0.3820312 0.3707031 0.0307292 0.0445313
1 0.2781250 0.5429688 0.0427083 0.0468750
1 0.4817708 0.6093750 0.0427083 0.0359375
1 0.7111979 0.8078125 0.0276042 0.0343750
2 0.5135417 0.5347656 0.0427083 0.0304687
5 0.7062500 0.5464844 0.0364583 0.0398437
5 0.2619792 0.3968750 0.0250000 0.0718750
0 0.4070313 0.5832031 0.0255208 0.0492187
4 0.5927083 0.8945312 0.0197917 0.0656250
2 0.7489583 0.4882812 0.0416667 0.0484375
3 0.5713542 0.4320312 0.0468750 0.0343750
2 0.6427083 0.2890625 0.0312500 0.0296875
5 0.4901042 0.1570313 0.0406250 0.0359375
3 0.7247396 0.1953125 0.0421875 0.0359375
2 0.4554687 0.8210937 0.0296875 0.0734375
3 0.7627604 0.3339844 0.0223958 0.0601563
5 0.4593750 0.5550781 0.0468750 0.0367188
2 0.4463542 0.2906250 0.0489583 0.0375000
5 0.6156250 0.6363281 0.0250000 0.0554687
0 0.5380208 0.4421875 0.0343750 0.0343750
1 0.6744792 0.3695312 0.0437500 0.0437500
1 0.5828125 0.5160156 0.0375000 0.0289063
1 0.4971354 0.7281250 0.0161458 0.0468750
0 0.6630208 0.6152344 0.0406250 0.0429688
3 0.5223958 0.7429687 0.0416667 0.0531250
2 0.3015625 0.6671875 0.0343750 0.0562500
2 0.6302083 0.4585938 0.0395833 0.0406250
2 0.6562500 0.3675781 0.0385417 0.0601563
2 0.5476562 0.4546875 0.0432292 0.0296875
4 0.4781250 0.6929688 0.0322917 0.0453125
3 0.5838542 0.6925781 0.0343750 0.0570312
2 0.4372396 0.2792969 0.0213542 0.0539063
4 0.4596354 0.1851562 0.0401042 0.0375000
0 0.3296875 0.3808594 0.0447917 0.0289063
0 0.5747396 0.4398437 0.0411458 0.0390625
4 0.2841146 0.4691406 0.0411458 0.0539063
2 0.3302083 0.2250000 0.0302083 0.0500000
3 0.7184896 0.2800781 0.0411458 0.0398437
3 0.5916667 0.5957031 0.0395833 0.0445313
3 0.2859375 0.4230469 0.0468750 0.0304687
5 0.4432292 0.2015625 0.0208333 0.0453125
0 0.4583333 0.3605469 0.0208333 0.0367188
2 0.5601563 0.9378906 0.0234375 0.0570312
2 0.3776042 0.9351563 0.0343750 0.0640625
4 0.3976562 0.2781250 0.0255208 0.0640625
5 0.3752604 0.2652344 0.0255208 0.0601563
3 0.4119792 0.4878906 0.0437500 0.0304687
10 0.6481771 0.3894531 0.0442708 0.0429688
6 0.2783854 0.7542969 0.0442708 0.0445313
7 0.3364583 0.4304688 0.0468750 0.0562500
9 0.5291667 0.2070312 0.0437500 0.0484375
8 0.7348958 0.5671875 0.0447917 0.0453125
11 0.2802083 0.2304688 0.0385417 0.0531250
6 0.3328125 0.3062500 0.0343750 0.0656250
9 0.4098958 0.2390625 0.0385417 0.0609375
9 0.3895833 0.7304688 0.0343750 0.0562500
11 0.2799479 0.4757812 0.0442708 0.0437500
9 0.4835937 0.2273438 0.0421875 0.0687500
7 0.2812500 0.1628906 0.0281250 0.0664062
8 0.5549479 0.6843750 0.0421875 0.0421875
10 0.5419271 0.4292969 0.0442708 0.0476562
7 0.6888021 0.8988281 0.0442708 0.0554687
9 0.5783854 0.5988281 0.0401042 0.0648438
10 0.3703125 0.5167969 0.0343750 0.0492187
9 0.6330729 0.2777344 0.0338542 0.0523438
8 0.3101563 0.8605469 0.0442708 0.0445313
6 0.5718750 0.6476563 0.0375000 0.0453125
