5 0.3559896 0.3921875 0.0213542 0.0343750
2 0.4619792 0.9148437 0.0333333 0.0390625
1 0.3713542 0.7015625 0.0343750 0.0250000
1 0.4776042 0.8046875 0.0250000 0.0343750
5 0.6447917 0.6828125 0.0218750 0.0265625
5 0.4565104 0.4222656 0.0234375 0.0414062
0 0.6169271 0.3800781 0.0276042 0.0414062
4 0.5356771 0.7250000 0.0213542 0.0265625
2 0.4325521 0.5210938 0.0161458 0.0343750
1 0.4229167 0.7496094 0.0239583 0.0476562
4 0.6260417 0.6289062 0.0312500 0.0328125
4 0.3812500 0.6281250 0.0177083 0.0250000
0 0.4411458 0.5835938 0.0281250 0.0453125
1 0.4684896 0.5300781 0.0276042 0.0289063
2 0.4518229 0.3453125 0.0151042 0.0453125
1 0.4932292 0.4898438 0.0250000 0.0375000
5 0.4203125 0.6671875 0.0197917 0.0531250
1 0.3221354 0.6625000 0.0234375 0.0515625
4 0.7372396 0.5246094 0.0369792 0.0289063
2 0.6382813 0.2203125 0.0213542 0.0593750
0 0.3106771 0.6203125 0.0255208 0.0406250
4 0.6130208 0.4660156 0.0354167 0.0242188
0 0.4453125 0.6070313 0.0229167 0.0359375
4 0.4950521 0.3183594 0.0307292 0.0242188
1 0.4429688 0.6390625 0.0223958 0.0468750
3 0.3763021 0.4753906 0.0265625 0.0289063
2 0.5684896 0.3152344 0.0348958 0.0226562
1 0.5328125 0.3375000 0.0177083 0.0359375
0 0.6643229 0.6808594 0.0348958 0.0289063
5 0.5809896 0.8414063 0.0348958 0.0265625
3 0.3421875 0.6011719 0.0385417 0.0351562
3 0.6401042 0.5074219 0.0354167 0.0257812
0 0.7533854 0.3968750 0.0338542 0.0281250
5 0.3364583 0.5542969 0.0197917 0.0429688
3 0.4578125 0.6746094 0.0270833 0.0226562
5 0.6528646 0.4425781 0.0348958 0.0273438
1 0.3856771 0.3187500 0.0390625 0.0265625
4 0.3997396 0.4675781 0.0276042 0.0523438
5 0.5552083 0.3046875 0.0354167 0.0343750
0 0.7005208 0.6421875 0.0343750 0.0343750
2 0.5809896 0.1812500 0.0369792 0.0250000
4 0.7070312 0.7687500 0.0276042 0.0250000
2 0.5627604 0.1699219 0.0255208 0.0523438
3 0.6005208 0.5367188 0.0395833 0.0312500
1 0.3721354 0.4714844 0.0296875 0.0351562
2 0.5528646 0.3191406 0.0380208 0.0320312
3 0.6406250 0.5183594 0.0375000 0.0257812
1 0.5591146 0.2980469 0.0276042 0.0460938
2 0.6169271 0.7535156 0.0234375 0.0335937
0 0.3677083 0.4718750 0.0333333 0.0281250
3 0.5140625 0.3253906 0.0166667 0.0335937
1 0.6049479 0.0292969 0.0328125 0.0367188
3 0.3020833 0.5636719 0.0364583 0.0335937
2 0.2609375 0.4031250 0.0364583 0.0328125
4 0.5544271 0.2101562 0.0359375 0.0250000
11 0.6182292 0.5867187 0.0322917 0.0328125
8 0.4875000 0.3234375 0.0250000 0.0500000
11 0.7528646 0.4105469 0.0348958 0.0335937
7 0.5244792 0.4277344 0.0281250 0.0492187
8 0.6200521 0.8761719 0.0255208 0.0398437
9 0.3750000 0.4664063 0.0343750 0.0343750
10 0.5489583 0.3855469 0.0333333 0.0320312
10 0.6445312 0.3503906 0.0380208 0.0367188
11 0.4018229 0.3906250 0.0223958 0.0500000
6 0.7796875 0.4199219 0.0270833 0.0335937
10 0.3572917 0.8074219 0.0250000 0.0492187
