5 0.5757813 0.1949219 0.0338542 0.0226562
1 0.4166667 0.7582031 0.0239583 0.0414062
4 0.6575521 0.7093750 0.0338542 0.0234375
2 0.6257812 0.7511719 0.0234375 0.0414062
4 0.4502604 0.6734375 0.0307292 0.0375000
2 0.3664062 0.6261719 0.0151042 0.0414062
2 0.3341146 0.3449219 0.0359375 0.0242188
0 0.5710937 0.3757813 0.0338542 0.0343750
0 0.5497396 0.3730469 0.0348958 0.0351562
1 0.5085937 0.2582031 0.0286458 0.0273438
3 0.5567708 0.5218750 0.0312500 0.0250000
0 0.4768229 0.7734375 0.0265625 0.0375000
0 0.4906250 0.5117188 0.0260417 0.0281250
2 0.5848958 0.3300781 0.0322917 0.0257812
4 0.5437500 0.5718750 0.0302083 0.0265625
0 0.4119792 0.3800781 0.0250000 0.0351562
3 0.4125000 0.1460937 0.0229167 0.0484375
0 0.6700521 0.4160156 0.0390625 0.0304687
1 0.5361979 0.7398438 0.0286458 0.0359375
5 0.5955729 0.5164062 0.0338542 0.0328125
1 0.5851563 0.5281250 0.0171875 0.0281250
1 0.7450521 0.3707031 0.0348958 0.0257812
3 0.5739583 0.4390625 0.0364583 0.0312500
2 0.5039062 0.3113281 0.0317708 0.0382813
1 0.5690104 0.8199219 0.0338542 0.0335937
0 0.4054687 0.4214844 0.0223958 0.0242188
0 0.5192708 0.7238281 0.0281250 0.0195312
3 0.5526042 0.9109375 0.0354167 0.0265625
2 0.6502604 0.3699219 0.0328125 0.0367188
3 0.6281250 0.2738281 0.0322917 0.0210938
0 0.6851563 0.5429688 0.0369792 0.0234375
0 0.6924479 0.0917969 0.0161458 0.0539063
5 0.3067708 0.6078125 0.0197917 0.0546875
2 0.4609375 0.0515625 0.0250000 0.0500000
3 0.4325521 0.6406250 0.0234375 0.0500000
1 0.6442708 0.1355469 0.0156250 0.0492187
3 0.4611979 0.6246094 0.0255208 0.0273438
3 0.5031250 0.4785156 0.0156250 0.0226562
5 0.7432292 0.4820313 0.0291667 0.0437500
2 0.5247396 0.5015625 0.0338542 0.0265625
2 0.2893229 0.1812500 0.0276042 0.0312500
5 0.4526042 0.5355469 0.0270833 0.0460938
1 0.5020833 0.2390625 0.0322917 0.0296875
0 0.3348958 0.7328125 0.0364583 0.0265625
2 0.4942708 0.4910156 0.0291667 0.0414062
4 0.7276042 0.3839844 0.0218750 0.0492187
4 0.5789062 0.1636719 0.0296875 0.0476562
0 0.5520833 0.1492188 0.0302083 0.0406250
2 0.3161458 0.6042969 0.0333333 0.0242188
5 0.5455729 0.1566406 0.0234375 0.0507812
3 0.5942708 0.4250000 0.0322917 0.0218750
1 0.4585938 0.0878906 0.0192708 0.0460938
2 0.6971354 0.5148438 0.0328125 0.0390625
1 0.4156250 0.5089844 0.0166667 0.0257812
1 0.4619792 0.7566406 0.0322917 0.0242188
1 0.4028646 0.5636719 0.0317708 0.0289063
5 0.3747396 0.2578125 0.0328125 0.0234375
0 0.6841146 0.6917969 0.0192708 0.0257812
4 0.6846354 0.6582031 0.0234375 0.0398437
4 0.7458333 0.2734375 0.0281250 0.0203125
1 0.6656250 0.5265625 0.0354167 0.0250000
3 0.3559896 0.3046875 0.0265625 0.0359375
10 0.6356771 0.2902344 0.0255208 0.0335937
11 0.4929688 0.6683594 0.0255208 0.0476562
11 0.3221354 0.6175781 0.0265625 0.0492187
10 0.6783854 0.5281250 0.0286458 0.0437500
9 0.5354167 0.3824219 0.0260417 0.0554687
