1 0.3223958 0.5367188 0.0385417 0.0281250
1 0.3427083 0.5308594 0.0458333 0.0273438
2 0.5591146 0.6679688 0.0296875 0.0406250
4 0.4596354 0.7113281 0.0223958 0.0679687
5 0.7424479 0.6332031 0.0453125 0.0335937
2 0.5544271 0.1007813 0.0213542 0.0625000
5 0.3986979 0.2402344 0.0317708 0.0523438
4 0.6445312 0.6046875 0.0390625 0.0406250
3 0.3231771 0.6179687 0.0380208 0.0328125
3 0.6809896 0.3136719 0.0380208 0.0289063
3 0.6723958 0.6972656 0.0416667 0.0273438
3 0.5442708 0.1027344 0.0250000 0.0601563
3 0.4953125 0.2269531 0.0239583 0.0273438
5 0.5174479 0.5492187 0.0453125 0.0390625
5 0.4971354 0.4980469 0.0244792 0.0414062
3 0.6000000 0.7062500 0.0437500 0.0312500
0 0.7223958 0.6023437 0.0218750 0.0515625
4 0.3252604 0.7832031 0.0401042 0.0273438
5 0.5333333 0.8007812 0.0312500 0.0453125
0 0.6346354 0.2921875 0.0390625 0.0375000
3 0.5497396 0.5191406 0.0463542 0.0320312
3 0.2994792 0.3035156 0.0291667 0.0554687
2 0.5429688 0.6773438 0.0328125 0.0328125
0 0.5692708 0.0867187 0.0406250 0.0437500
4 0.6106771 0.4500000 0.0390625 0.0281250
4 0.3914063 0.4589844 0.0213542 0.0476562
2 0.4684896 0.6351562 0.0338542 0.0281250
11 0.4427083 0.5152344 0.0406250 0.0382813
10 0.7250000 0.2949219 0.0270833 0.0585938
11 0.4783854 0.7281250 0.0359375 0.0359375
10 0.5763021 0.8566406 0.0244792 0.0585938
