5 0.5093750 0.3789062 0.0239583 0.0468750
3 0.5117188 0.6726562 0.0286458 0.0484375
4 0.3700521 0.4675781 0.0276042 0.0273438
5 0.1992188 0.3816406 0.0203125 0.0335937
2 0.6507812 0.7156250 0.0255208 0.0390625
3 0.4057292 0.2347656 0.0375000 0.0226562
4 0.1718750 0.5023437 0.0291667 0.0500000
2 0.5497396 0.5777344 0.0348958 0.0273438
2 0.5432292 0.6972656 0.0385417 0.0304687
4 0.6757812 0.3714844 0.0192708 0.0414062
3 0.4200521 0.2796875 0.0171875 0.0250000
2 0.4216146 0.5351562 0.0182292 0.0312500
3 0.5541667 0.2523437 0.0166667 0.0359375
4 0.2750000 0.8097656 0.0270833 0.0414062
5 0.2835937 0.4644531 0.0421875 0.0382813
5 0.8424479 0.5292969 0.0359375 0.0335937
4 0.5213542 0.7976562 0.0343750 0.0375000
0 0.3552083 0.2574219 0.0177083 0.0601563
5 0.6744792 0.2695312 0.0197917 0.0296875
2 0.6174479 0.7050781 0.0171875 0.0382813
0 0.6763021 0.3214844 0.0171875 0.0257812
2 0.5481771 0.4257812 0.0307292 0.0500000
3 0.4776042 0.2558594 0.0166667 0.0570312
4 0.3072917 0.4265625 0.0375000 0.0250000
0 0.4864583 0.1917969 0.0375000 0.0289063
1 0.6403646 0.7121094 0.0213542 0.0335937
3 0.4940104 0.4398437 0.0296875 0.0343750
2 0.6486979 0.4214844 0.0411458 0.0382813
0 0.5914063 0.1835938 0.0223958 0.0328125
3 0.6593750 0.6503906 0.0302083 0.0539063
0 0.3515625 0.5437500 0.0156250 0.0343750
3 0.5445313 0.8484375 0.0317708 0.0421875
3 0.4093750 0.7054687 0.0197917 0.0421875
1 0.5906250 0.5210938 0.0343750 0.0343750
0 0.5958333 0.7269531 0.0177083 0.0273438
0 0.6710938 0.3328125 0.0401042 0.0312500
4 0.6020833 0.3921875 0.0406250 0.0359375
2 0.6979167 0.7558594 0.0312500 0.0320312
4 0.6304688 0.4726562 0.0369792 0.0375000
5 0.6359375 0.4238281 0.0364583 0.0273438
2 0.4398437 0.3269531 0.0182292 0.0492187
3 0.5091146 0.1898438 0.0369792 0.0328125
5 0.5393229 0.4269531 0.0203125 0.0445313
0 0.4307292 0.6863281 0.0302083 0.0429688
1 0.4739583 0.5066406 0.0229167 0.0398437
0 0.6611979 0.6042969 0.0328125 0.0273438
2 0.5679688 0.1472656 0.0234375 0.0539063
2 0.4950521 0.7683594 0.0244792 0.0257812
3 0.6750000 0.2187500 0.0375000 0.0281250
1 0.6208333 0.6105469 0.0333333 0.0414062
1 0.5973958 0.6214844 0.0177083 0.0476562
4 0.6989583 0.6472656 0.0291667 0.0492187
5 0.5721354 0.5339844 0.0390625 0.0304687
10 0.3020833 0.3121094 0.0343750 0.0429688
