4 0.3059896 0.6488281 0.0171875 0.0445313
1 0.2825521 0.4472656 0.0151042 0.0351562
0 0.4966146 0.6511719 0.0223958 0.0226562
5 0.3635417 0.4484375 0.0145833 0.0265625
0 0.5671875 0.4570312 0.0156250 0.0390625
1 0.4203125 0.8652344 0.0135417 0.0304687
2 0.4330729 0.1777344 0.0140625 0.0382813
5 0.4429688 0.5601563 0.0151042 0.0328125
1 0.3151042 0.4949219 0.0270833 0.0179687
0 0.4973958 0.8085938 0.0197917 0.0234375
2 0.4036458 0.3710938 0.0135417 0.0406250
0 0.5671875 0.4382813 0.0156250 0.0328125
1 0.7447917 0.3777344 0.0218750 0.0226562
1 0.3458333 0.6957031 0.0281250 0.0195312
3 0.4401042 0.3238281 0.0229167 0.0289063
5 0.6013021 0.1054688 0.0276042 0.0203125
5 0.7625000 0.6148438 0.0250000 0.0234375
0 0.4106771 0.5050781 0.0140625 0.0335937
1 0.2239583 0.3468750 0.0281250 0.0218750
3 0.5062500 0.3128906 0.0208333 0.0226562
5 0.2848958 0.4234375 0.0145833 0.0218750
5 0.6200521 0.1042969 0.0286458 0.0226562
5 0.2875000 0.3777344 0.0302083 0.0226562
5 0.4106771 0.3062500 0.0192708 0.0281250
0 0.4828125 0.4390625 0.0291667 0.0187500
1 0.5281250 0.6929688 0.0260417 0.0234375
0 0.3427083 0.7121094 0.0135417 0.0429688
5 0.3606771 0.5097656 0.0265625 0.0210938
4 0.5273438 0.8335938 0.0161458 0.0406250
2 0.2921875 0.3933594 0.0135417 0.0304687
5 0.6432292 0.4222656 0.0270833 0.0179687
5 0.3882813 0.4667969 0.0119792 0.0226562
0 0.4611979 0.7367187 0.0213542 0.0343750
4 0.5476562 0.8031250 0.0192708 0.0250000
2 0.4122396 0.7375000 0.0255208 0.0296875
1 0.4195313 0.2625000 0.0140625 0.0234375
1 0.3994792 0.8511719 0.0197917 0.0382813
3 0.5716146 0.2332031 0.0140625 0.0210938
3 0.3062500 0.4476562 0.0145833 0.0343750
2 0.3739583 0.5687500 0.0270833 0.0171875
4 0.6653646 0.6003906 0.0265625 0.0289063
0 0.6442708 0.3843750 0.0197917 0.0421875
3 0.3940104 0.3324219 0.0223958 0.0382813
4 0.5505208 0.6046875 0.0281250 0.0250000
4 0.4153646 0.2773438 0.0265625 0.0281250
3 0.5093750 0.1441406 0.0166667 0.0367188
11 0.4296875 0.3933594 0.0177083 0.0398437
9 0.5096354 0.3457031 0.0161458 0.0367188
6 0.7434896 0.3613281 0.0255208 0.0289063
11 0.3973958 0.6886719 0.0239583 0.0414062
8 0.6820312 0.7601562 0.0265625 0.0281250
9 0.6828125 0.1804688 0.0281250 0.0265625
8 0.4351563 0.1914062 0.0182292 0.0390625
9 0.5098958 0.1195313 0.0250000 0.0265625
11 0.6013021 0.9132813 0.0276042 0.0359375
10 0.5382813 0.0785156 0.0171875 0.0414062
11 0.3554688 0.4066406 0.0182292 0.0242188
11 0.6625000 0.5652344 0.0218750 0.0398437
8 0.5593750 0.8484375 0.0229167 0.0421875
