1 0.4156250 0.7898437 0.0531250 0.0453125
1 0.4778646 0.7710938 0.0682292 0.0406250
2 0.6648437 0.6089844 0.0515625 0.0523438
2 0.4468750 0.4058594 0.0520833 0.0773438
1 0.6976562 0.1882813 0.0661458 0.0515625
0 0.1854167 0.5652344 0.0687500 0.0539063
1 0.5994792 0.5269531 0.0666667 0.0617188
4 0.4760417 0.6187500 0.0302083 0.0625000
1 0.6005208 0.2300781 0.0583333 0.0601563
2 0.5169271 0.5949219 0.0421875 0.0914062
0 0.6210938 0.5136719 0.0307292 0.0570312
1 0.2914062 0.5027344 0.0713542 0.0601563
4 0.4325521 0.1453125 0.0432292 0.0875000
0 0.4414062 0.5472656 0.0484375 0.0679687
3 0.5138021 0.1921875 0.0380208 0.1156250
3 0.3710938 0.4472656 0.0421875 0.0867187
2 0.5109375 0.8210937 0.0447917 0.0406250
3 0.5645833 0.5539063 0.0468750 0.0437500
3 0.3260417 0.4582031 0.0677083 0.0664062
1 0.6924479 0.4132812 0.0671875 0.0578125
0 0.5281250 0.1679688 0.0562500 0.0671875
4 0.6783854 0.4882812 0.0713542 0.0656250
1 0.4302083 0.4496094 0.0697917 0.0523438
1 0.5507812 0.4226563 0.0505208 0.0546875
5 0.7489583 0.3667969 0.0635417 0.0664062
2 0.4218750 0.0625000 0.0697917 0.0593750
5 0.7104167 0.2281250 0.0270833 0.0921875
2 0.5744792 0.1285156 0.0343750 0.1023437
5 0.2976563 0.5976562 0.0609375 0.0718750
3 0.4437500 0.6914062 0.0604167 0.0515625
1 0.6700521 0.2105469 0.0713542 0.0492187
3 0.6518229 0.1773437 0.0651042 0.0703125
2 0.6184896 0.5808594 0.0651042 0.0460938
3 0.4697917 0.4847656 0.0552083 0.0429688
4 0.5502604 0.5628906 0.0338542 0.0773438
1 0.3705729 0.5316406 0.0744792 0.0539063
5 0.7804688 0.3832031 0.0369792 0.0867187
2 0.4257812 0.7992187 0.0692708 0.0484375
3 0.5268229 0.6574219 0.0265625 0.0554687
5 0.4630208 0.1550781 0.0354167 0.0601563
4 0.5408854 0.4085937 0.0619792 0.0640625
2 0.6138021 0.7812500 0.0692708 0.0500000
3 0.7320313 0.6300781 0.0536458 0.0554687
5 0.6104167 0.1128906 0.0322917 0.1085938
3 0.6393229 0.6027344 0.0380208 0.1117188
4 0.7531250 0.4984375 0.0677083 0.0515625
4 0.4536458 0.6949219 0.0718750 0.0554687
0 0.5523438 0.3597656 0.0598958 0.0492187
3 0.4606771 0.6339844 0.0401042 0.0960938
2 0.6216146 0.6082031 0.0401042 0.0429688
0 0.5197917 0.8828125 0.0593750 0.0625000
3 0.5648437 0.5382813 0.0651042 0.0453125
5 0.5559896 0.6539063 0.0682292 0.0734375
0 0.2567708 0.5054688 0.0322917 0.0531250
3 0.6585937 0.8191406 0.0609375 0.0695313
0 0.2557292 0.5222656 0.0666667 0.0710937
0 0.4971354 0.5039062 0.0546875 0.0875000
5 0.5893229 0.9078125 0.0598958 0.0781250
5 0.7190104 0.5570312 0.0359375 0.0875000
4 0.4377604 0.6535156 0.0390625 0.1132812
2 0.3018229 0.3964844 0.0661458 0.0492187
3 0.5119792 0.7140625 0.0291667 0.0468750
2 0.3554688 0.7753906 0.0661458 0.0648438
5 0.5450521 0.3597656 0.0536458 0.0867187
1 0.5432292 0.4691406 0.0697917 0.0414062
1 0.4127604 0.8812500 0.0328125 0.1031250
5 0.4513021 0.6523438 0.0369792 0.0546875
5 0.5302083 0.6367188 0.0437500 0.0859375
9 0.5104167 0.6964844 0.0666667 0.0757812
6 0.6393229 0.7863281 0.0651042 0.0820312
8 0.2578125 0.3773437 0.0656250 0.1015625
