0 0.2942708 0.8386719 0.0656250 0.1867187
4 0.6890625 0.4468750 0.1072917 0.1171875
4 0.8750000 0.4992187 0.1125000 0.1296875
2 0.6070313 0.6710938 0.1046875 0.2125000
1 0.6736979 0.8179688 0.1244792 0.1812500
3 0.7554688 0.2683594 0.1546875 0.1179687
2 0.3361979 0.8000000 0.1005208 0.1750000
4 0.4091146 0.0789062 0.1442708 0.1125000
5 0.7302083 0.2074219 0.1343750 0.0867187
1 0.5916667 0.6765625 0.0843750 0.2093750
5 0.2421875 0.3203125 0.1500000 0.1515625
5 0.5119792 0.1917969 0.0906250 0.1007813
1 0.3585937 0.6929688 0.1473958 0.1140625
4 0.3622396 0.3945312 0.1348958 0.1109375
5 0.4338542 0.4132812 0.0729167 0.1906250
5 0.6471354 0.6406250 0.1421875 0.1140625
2 0.6356771 0.4355469 0.0817708 0.1789062
2 0.7148438 0.2242187 0.1557292 0.1062500
3 0.6080729 0.7628906 0.0536458 0.1929687
0 0.5929688 0.3785156 0.1661458 0.1492188
4 0.3489583 0.6582031 0.0781250 0.1304687
5 0.4002604 0.4667969 0.1036458 0.1414063
5 0.3692708 0.5964844 0.1447917 0.1179687
4 0.2802083 0.5933594 0.1281250 0.1304687
1 0.6080729 0.2109375 0.0671875 0.2000000
0 0.4518229 0.7621094 0.0880208 0.1726563
0 0.3729167 0.5769531 0.1250000 0.1132812
2 0.6479167 0.1519531 0.1187500 0.0929688
2 0.4046875 0.4097656 0.0770833 0.0882813
4 0.2057292 0.4972656 0.1072917 0.0992187
1 0.4570312 0.7015625 0.1026042 0.1265625
4 0.6705729 0.2460938 0.1359375 0.0906250
0 0.6432292 0.4851563 0.1312500 0.0921875
4 0.3812500 0.7867188 0.0906250 0.1203125
0 0.5596354 0.6417969 0.1505208 0.1273438
3 0.6494792 0.2066406 0.1239583 0.1070312
1 0.7492188 0.4046875 0.1453125 0.1109375
5 0.7106771 0.7808594 0.1296875 0.0945312
3 0.4619792 0.5691406 0.1364583 0.1007813
0 0.4382813 0.6601562 0.1380208 0.1312500
4 0.5388021 0.3941406 0.1401042 0.0898438
2 0.5484375 0.2253906 0.0791667 0.0820312
3 0.6763021 0.7472656 0.1473958 0.1023437
2 0.4929688 0.6347656 0.0880208 0.1273438
1 0.5572917 0.3789062 0.1135417 0.0859375
0 0.2843750 0.5664062 0.0812500 0.1484375
0 0.3375000 0.3343750 0.1552083 0.1218750
1 0.6078125 0.5363281 0.1458333 0.1554687
4 0.2601562 0.5312500 0.1244792 0.1203125
4 0.7247396 0.9292969 0.1432292 0.1101562
5 0.7937500 0.4488281 0.1458333 0.1226562
4 0.5789062 0.1312500 0.0692708 0.2218750
0 0.2710938 0.2828125 0.0682292 0.0921875
1 0.3757813 0.2226562 0.1244792 0.1312500
4 0.7682292 0.2949219 0.1645833 0.1179687
7 0.4518229 0.7957031 0.1328125 0.1398437
10 0.6059896 0.6042969 0.0880208 0.1679688
10 0.5572917 0.1925781 0.1135417 0.2007812
9 0.6184896 0.5035156 0.1421875 0.1757812
7 0.5408854 0.3726563 0.0901042 0.1218750
7 0.6656250 0.3082031 0.1270833 0.1789062
9 0.4273438 0.2074219 0.1359375 0.1351563
8 0.5471354 0.2343750 0.1244792 0.1296875
10 0.3838542 0.4277344 0.1385417 0.1367188
6 0.7994792 0.6847656 0.1354167 0.1304687
11 0.6856771 0.4730469 0.1286458 0.1492188
10 0.6911458 0.6484375 0.1437500 0.1546875
9 0.6401042 0.6628906 0.1270833 0.1492188
8 0.7125000 0.2660156 0.1281250 0.1398437
8 0.7307292 0.5722656 0.1354167 0.1398437
9 0.2486979 0.5414062 0.1234375 0.1453125
7 0.4500000 0.2949219 0.1322917 0.1992188
7 0.6570312 0.5996094 0.1317708 0.1523438
7 0.7343750 0.7187500 0.1343750 0.1546875
