4 0.3041667 0.3578125 0.0354167 0.0437500
4 0.4669271 0.1679688 0.0192708 0.0656250
1 0.4367187 0.1335938 0.0234375 0.0578125
3 0.4419271 0.4027344 0.0296875 0.0554687
1 0.3846354 0.7308594 0.0296875 0.0632812
3 0.3791667 0.5796875 0.0427083 0.0359375
3 0.6789063 0.3207031 0.0411458 0.0304687
4 0.6320313 0.5132813 0.0453125 0.0390625
5 0.3468750 0.7996094 0.0312500 0.0460938
0 0.2973958 0.5105469 0.0395833 0.0257812
0 0.5989583 0.4539063 0.0250000 0.0406250
5 0.2981771 0.5714844 0.0432292 0.0320312
2 0.7005208 0.1816406 0.0218750 0.0632812
2 0.6682292 0.3113281 0.0166667 0.0585938
3 0.5643229 0.5960937 0.0317708 0.0359375
0 0.5651042 0.4187500 0.0385417 0.0406250
0 0.4466146 0.3953125 0.0380208 0.0375000
2 0.5843750 0.1582031 0.0427083 0.0304687
0 0.3601563 0.5687500 0.0380208 0.0484375
4 0.5388021 0.7070312 0.0338542 0.0375000
0 0.5096354 0.4816406 0.0359375 0.0320312
5 0.6114583 0.5527344 0.0416667 0.0320312
0 0.4281250 0.6902344 0.0385417 0.0523438
1 0.3385417 0.2992187 0.0427083 0.0406250
2 0.4825521 0.4843750 0.0307292 0.0421875
3 0.6651042 0.4468750 0.0270833 0.0625000
0 0.6447917 0.4042969 0.0416667 0.0398437
4 0.7270833 0.8257813 0.0302083 0.0484375
1 0.7369792 0.2601562 0.0322917 0.0578125
3 0.5411458 0.4351563 0.0229167 0.0296875
4 0.2950521 0.4585938 0.0421875 0.0468750
0 0.2802083 0.2921875 0.0260417 0.0437500
0 0.6070313 0.4457031 0.0380208 0.0367188
3 0.5221354 0.5835938 0.0213542 0.0421875
0 0.3315104 0.5320312 0.0380208 0.0406250
2 0.5216146 0.8031250 0.0213542 0.0515625
1 0.3333333 0.6289062 0.0270833 0.0515625
10 0.3125000 0.8386719 0.0302083 0.0648438
8 0.4578125 0.3054688 0.0385417 0.0515625
9 0.6203125 0.1117188 0.0375000 0.0531250
11 0.5632812 0.3195312 0.0411458 0.0593750
9 0.3393229 0.6343750 0.0338542 0.0437500
