5 0.7252604 0.2386719 0.0411458 0.0257812
0 0.3653646 0.6527344 0.0192708 0.0523438
2 0.5380208 0.4320312 0.0197917 0.0343750
3 0.5195312 0.2414062 0.0244792 0.0500000
1 0.3789062 0.2292969 0.0213542 0.0523438
2 0.5671875 0.6347656 0.0239583 0.0585938
3 0.6299479 0.5589844 0.0265625 0.0335937
5 0.6138021 0.7550781 0.0296875 0.0429688
1 0.5872396 0.6464844 0.0328125 0.0382813
0 0.4463542 0.6300781 0.0177083 0.0507812
4 0.5554687 0.5480469 0.0244792 0.0320312
5 0.7182292 0.3375000 0.0302083 0.0500000
5 0.6070313 0.6371094 0.0338542 0.0273438
0 0.5015625 0.2207031 0.0375000 0.0335937
4 0.5158854 0.3429687 0.0348958 0.0406250
4 0.4127604 0.6015625 0.0192708 0.0203125
3 0.5770833 0.7453125 0.0270833 0.0453125
0 0.5437500 0.4531250 0.0239583 0.0359375
1 0.4614583 0.7750000 0.0375000 0.0343750
4 0.4692708 0.1593750 0.0135417 0.0218750
2 0.6106771 0.8550781 0.0234375 0.0460938
4 0.5023437 0.6097656 0.0348958 0.0367188
1 0.5244792 0.1941406 0.0166667 0.0273438
5 0.5559896 0.5011719 0.0213542 0.0398437
5 0.6223958 0.3851562 0.0239583 0.0390625
5 0.6486979 0.1976563 0.0359375 0.0296875
0 0.5158854 0.4664063 0.0182292 0.0296875
4 0.7049479 0.8398438 0.0390625 0.0281250
1 0.5979167 0.8679687 0.0166667 0.0609375
1 0.6388021 0.6355469 0.0234375 0.0289063
5 0.6122396 0.0726563 0.0234375 0.0531250
1 0.3020833 0.1210938 0.0343750 0.0265625
0 0.3997396 0.1304687 0.0296875 0.0343750
2 0.4333333 0.3925781 0.0229167 0.0523438
4 0.5005208 0.2394531 0.0343750 0.0226562
1 0.5263021 0.5152344 0.0328125 0.0398437
5 0.3393229 0.3933594 0.0255208 0.0273438
3 0.5286458 0.5132813 0.0187500 0.0546875
2 0.5244792 0.7644531 0.0385417 0.0273438
4 0.4958333 0.3667969 0.0166667 0.0539063
2 0.6109375 0.3308594 0.0281250 0.0351562
0 0.6333333 0.8207031 0.0385417 0.0335937
1 0.4223958 0.7933594 0.0239583 0.0382813
0 0.5145833 0.4683594 0.0406250 0.0414062
5 0.5111979 0.4390625 0.0255208 0.0359375
0 0.6408854 0.5562500 0.0244792 0.0265625
5 0.5359375 0.3355469 0.0312500 0.0273438
4 0.4088542 0.4484375 0.0177083 0.0578125
3 0.3979167 0.4222656 0.0197917 0.0429688
4 0.7023438 0.5160156 0.0296875 0.0460938
3 0.6046875 0.6496094 0.0385417 0.0367188
5 0.6755208 0.7585937 0.0281250 0.0312500
3 0.4942708 0.6828125 0.0322917 0.0328125
4 0.4966146 0.3988281 0.0244792 0.0367188
0 0.5247396 0.6644531 0.0369792 0.0289063
5 0.5505208 0.8042969 0.0229167 0.0257812
4 0.5335937 0.2347656 0.0234375 0.0523438
1 0.3966146 0.5328125 0.0328125 0.0234375
5 0.5713542 0.4710937 0.0291667 0.0437500
4 0.7096354 0.4753906 0.0348958 0.0257812
0 0.5609375 0.5578125 0.0166667 0.0437500
2 0.4393229 0.7597656 0.0192708 0.0523438
2 0.4690104 0.4785156 0.0213542 0.0429688
1 0.5015625 0.2742188 0.0333333 0.0375000
5 0.2765625 0.4695313 0.0364583 0.0281250
1 0.3630208 0.5796875 0.0354167 0.0250000
2 0.6734375 0.3820312 0.0218750 0.0484375
0 0.6479167 0.7679687 0.0260417 0.0359375
1 0.4437500 0.2882812 0.0166667 0.0421875
4 0.5703125 0.5039062 0.0343750 0.0343750
0 0.7416667 0.4140625 0.0343750 0.0343750
3 0.4450521 0.1003906 0.0255208 0.0460938
11 0.6296875 0.4015625 0.0322917 0.0421875
8 0.6601562 0.6546875 0.0328125 0.0406250
6 0.4744792 0.3644531 0.0281250 0.0398437
11 0.6041667 0.3144531 0.0229167 0.0539063
9 0.6869792 0.3390625 0.0343750 0.0453125
9 0.4994792 0.0535156 0.0260417 0.0539063
7 0.4111979 0.4308594 0.0265625 0.0570312
10 0.4304688 0.5878906 0.0213542 0.0351562
11 0.6781250 0.4343750 0.0354167 0.0343750
7 0.5890625 0.1980469 0.0343750 0.0445313
8 0.4611979 0.6250000 0.0286458 0.0375000
6 0.4710937 0.2433594 0.0286458 0.0382813
9 0.5078125 0.7914062 0.0364583 0.0390625
9 0.6403646 0.3808594 0.0317708 0.0367188
8 0.5955729 0.3777344 0.0369792 0.0367188
