5 0.5875000 0.5746094 0.0197917 0.0445313
0 0.6851563 0.7406250 0.0369792 0.0281250
3 0.6986979 0.6089844 0.0265625 0.0460938
4 0.3640625 0.4253906 0.0177083 0.0445313
2 0.5497396 0.3300781 0.0171875 0.0226562
0 0.4955729 0.3703125 0.0234375 0.0437500
1 0.5460938 0.7082031 0.0265625 0.0460938
2 0.4510417 0.8097656 0.0208333 0.0539063
2 0.6833333 0.7265625 0.0333333 0.0359375
5 0.3890625 0.3488281 0.0270833 0.0351562
0 0.3716146 0.2937500 0.0390625 0.0296875
5 0.7557292 0.6562500 0.0197917 0.0515625
1 0.7195312 0.2835937 0.0359375 0.0234375
5 0.5312500 0.5621094 0.0302083 0.0382813
1 0.6255208 0.6996094 0.0343750 0.0335937
3 0.5583333 0.5671875 0.0385417 0.0281250
1 0.6333333 0.3183594 0.0291667 0.0304687
2 0.4736979 0.2531250 0.0182292 0.0468750
1 0.5901042 0.3226562 0.0229167 0.0484375
3 0.5799479 0.3191406 0.0182292 0.0523438
0 0.6986979 0.1011719 0.0328125 0.0273438
0 0.5164062 0.6746094 0.0161458 0.0492187
1 0.5635417 0.1511719 0.0302083 0.0460938
2 0.5453125 0.5128906 0.0156250 0.0289063
4 0.6026042 0.4792969 0.0354167 0.0414062
0 0.6606771 0.2847656 0.0348958 0.0242188
4 0.4992187 0.3792969 0.0203125 0.0273438
4 0.5541667 0.5382813 0.0395833 0.0312500
1 0.5950521 0.4953125 0.0286458 0.0437500
3 0.5250000 0.6515625 0.0343750 0.0375000
2 0.3885417 0.5183594 0.0166667 0.0523438
1 0.5359375 0.5972656 0.0197917 0.0226562
5 0.3580729 0.2613281 0.0359375 0.0304687
1 0.6833333 0.3644531 0.0375000 0.0320312
0 0.5421875 0.2523437 0.0343750 0.0250000
4 0.6804687 0.8000000 0.0317708 0.0437500
1 0.7093750 0.5339844 0.0343750 0.0242188
5 0.4914062 0.1984375 0.0265625 0.0437500
2 0.6289062 0.7257813 0.0328125 0.0343750
3 0.4231771 0.7035156 0.0151042 0.0226562
4 0.6335937 0.4500000 0.0348958 0.0359375
4 0.4763021 0.8062500 0.0151042 0.0531250
0 0.1526042 0.6386719 0.0281250 0.0351562
0 0.4736979 0.5332031 0.0182292 0.0398437
3 0.4747396 0.2015625 0.0244792 0.0296875
5 0.5822917 0.5394531 0.0166667 0.0273438
4 0.5861979 0.6351562 0.0213542 0.0328125
3 0.4229167 0.2679687 0.0218750 0.0500000
0 0.3708333 0.3988281 0.0197917 0.0320312
4 0.5083333 0.3761719 0.0229167 0.0429688
0 0.5148438 0.8480469 0.0161458 0.0460938
0 0.6057292 0.6941406 0.0312500 0.0460938
0 0.4325521 0.6167969 0.0182292 0.0367188
4 0.6411458 0.6843750 0.0333333 0.0234375
1 0.6434896 0.4324219 0.0317708 0.0226562
0 0.4716146 0.3394531 0.0307292 0.0398437
5 0.3190104 0.2085937 0.0182292 0.0296875
1 0.6041667 0.4640625 0.0354167 0.0265625
5 0.4533854 0.4242187 0.0338542 0.0234375
2 0.5390625 0.5378906 0.0333333 0.0257812
1 0.6942708 0.7683594 0.0364583 0.0273438
0 0.3338542 0.4046875 0.0177083 0.0265625
0 0.6161458 0.4316406 0.0406250 0.0367188
3 0.4247396 0.8085938 0.0234375 0.0515625
2 0.4119792 0.2265625 0.0364583 0.0250000
4 0.2598958 0.9328125 0.0302083 0.0265625
4 0.6856771 0.2414062 0.0213542 0.0312500
4 0.5356771 0.7523437 0.0276042 0.0484375
3 0.6276042 0.5917969 0.0135417 0.0304687
1 0.5044271 0.6144531 0.0296875 0.0398437
3 0.7041667 0.3855469 0.0229167 0.0476562
3 0.5895833 0.2539062 0.0312500 0.0265625
0 0.3242188 0.2820313 0.0307292 0.0375000
5 0.3369792 0.2406250 0.0375000 0.0234375
2 0.5341146 0.8160156 0.0317708 0.0351562
4 0.6609375 0.4042969 0.0218750 0.0507812
0 0.5536458 0.7894531 0.0343750 0.0242188
8 0.5585938 0.1472656 0.0213542 0.0320312
6 0.3812500 0.4417969 0.0239583 0.0320312
9 0.5434896 0.4214844 0.0359375 0.0382813
6 0.3299479 0.7531250 0.0328125 0.0375000
8 0.4406250 0.3664062 0.0291667 0.0484375
9 0.3622396 0.1339844 0.0223958 0.0523438
9 0.4187500 0.2222656 0.0229167 0.0460938
8 0.6164063 0.3902344 0.0244792 0.0398437
10 0.3716146 0.1019531 0.0213542 0.0492187
9 0.4953125 0.8980469 0.0291667 0.0445313
8 0.2914062 0.5089844 0.0359375 0.0351562
10 0.3765625 0.4312500 0.0312500 0.0421875
