1 0.5523438 0.5085937 0.0328125 0.0234375
0 0.5361979 0.6339844 0.0307292 0.0289063
3 0.6268229 0.5410156 0.0244792 0.0539063
4 0.4208333 0.5425781 0.0239583 0.0257812
2 0.6697917 0.7746094 0.0322917 0.0242188
0 0.4380208 0.2550781 0.0239583 0.0367188
3 0.6260417 0.2429688 0.0197917 0.0453125
3 0.4460938 0.4785156 0.0286458 0.0242188
3 0.4500000 0.4949219 0.0187500 0.0289063
4 0.6080729 0.7136719 0.0255208 0.0210938
0 0.6552083 0.5062500 0.0187500 0.0328125
5 0.6395833 0.5457031 0.0354167 0.0226562
2 0.6239583 0.6355469 0.0218750 0.0242188
2 0.6861979 0.6382813 0.0380208 0.0296875
5 0.4671875 0.5890625 0.0291667 0.0296875
4 0.6130208 0.5437500 0.0260417 0.0281250
5 0.4583333 0.2082031 0.0250000 0.0476562
0 0.3648438 0.3894531 0.0307292 0.0210938
1 0.3085938 0.7554688 0.0223958 0.0468750
2 0.6455729 0.6718750 0.0359375 0.0265625
0 0.4049479 0.6097656 0.0265625 0.0320312
5 0.6791667 0.5214844 0.0218750 0.0460938
5 0.3114583 0.4035156 0.0197917 0.0382813
1 0.3692708 0.2031250 0.0166667 0.0250000
2 0.5315104 0.2695312 0.0296875 0.0296875
0 0.5411458 0.2007812 0.0333333 0.0250000
4 0.6664062 0.6679688 0.0359375 0.0281250
5 0.5739583 0.5121094 0.0145833 0.0382813
4 0.4729167 0.3117187 0.0270833 0.0359375
2 0.3544271 0.4773438 0.0203125 0.0296875
0 0.5815104 0.6992188 0.0255208 0.0250000
1 0.3315104 0.9601563 0.0255208 0.0359375
2 0.5289063 0.2832031 0.0192708 0.0492187
2 0.4390625 0.5765625 0.0281250 0.0375000
0 0.5252604 0.6832031 0.0203125 0.0429688
5 0.6747396 0.6492187 0.0307292 0.0218750
1 0.5018229 0.4496094 0.0369792 0.0273438
0 0.5218750 0.5207031 0.0187500 0.0226562
6 0.6531250 0.3164062 0.0218750 0.0515625
9 0.6502604 0.3585937 0.0317708 0.0312500
10 0.5716146 0.4742188 0.0307292 0.0296875
10 0.6859375 0.3714844 0.0333333 0.0320312
8 0.4307292 0.2769531 0.0281250 0.0320312
9 0.2924479 0.8550781 0.0286458 0.0460938
7 0.4773438 0.3050781 0.0307292 0.0382813
8 0.4117188 0.2210938 0.0213542 0.0500000
7 0.5580729 0.4750000 0.0328125 0.0343750
8 0.3606771 0.4796875 0.0286458 0.0453125
11 0.4734375 0.8441406 0.0312500 0.0414062
10 0.3122396 0.4429688 0.0286458 0.0328125
8 0.6557292 0.2058594 0.0333333 0.0335937
9 0.6098958 0.6457031 0.0208333 0.0445313
7 0.4859375 0.3753906 0.0250000 0.0351562
11 0.6539063 0.1558594 0.0213542 0.0492187
6 0.4479167 0.6953125 0.0312500 0.0515625
