3 0.4973958 0.7554688 0.0135417 0.0218750
0 0.5721354 0.2480469 0.0223958 0.0195312
1 0.5947917 0.6707031 0.0156250 0.0460938
5 0.5140625 0.4691406 0.0187500 0.0398437
3 0.4471354 0.1378906 0.0192708 0.0367188
1 0.6408854 0.4250000 0.0161458 0.0218750
0 0.6924479 0.4593750 0.0317708 0.0218750
2 0.6338542 0.3367188 0.0218750 0.0265625
2 0.5057292 0.3949219 0.0270833 0.0210938
5 0.3861979 0.4972656 0.0296875 0.0210938
5 0.5682292 0.8410156 0.0145833 0.0398437
2 0.6161458 0.7558594 0.0291667 0.0195312
5 0.5130208 0.3910156 0.0208333 0.0226562
3 0.3343750 0.1054688 0.0208333 0.0234375
2 0.5552083 0.5734375 0.0270833 0.0250000
4 0.5434896 0.3128906 0.0307292 0.0257812
2 0.6302083 0.4636719 0.0114583 0.0382813
4 0.7471354 0.3289063 0.0307292 0.0234375
1 0.5968750 0.2496094 0.0281250 0.0210938
1 0.5455729 0.1421875 0.0161458 0.0406250
4 0.7072917 0.3785156 0.0270833 0.0210938
5 0.5356771 0.6417969 0.0244792 0.0335937
1 0.6632813 0.4824219 0.0119792 0.0257812
3 0.2802083 0.4167969 0.0208333 0.0289063
4 0.6640625 0.4375000 0.0270833 0.0171875
3 0.5635417 0.7000000 0.0270833 0.0234375
8 0.5236979 0.2640625 0.0276042 0.0328125
9 0.5005208 0.5429688 0.0302083 0.0296875
6 0.3968750 0.2578125 0.0239583 0.0359375
9 0.5294271 0.2226562 0.0192708 0.0406250
6 0.5648437 0.1937500 0.0234375 0.0281250
7 0.3703125 0.7273437 0.0260417 0.0296875
9 0.3562500 0.5187500 0.0302083 0.0296875
11 0.7302083 0.4976563 0.0177083 0.0312500
7 0.6658854 0.3046875 0.0265625 0.0437500
7 0.5697917 0.2390625 0.0208333 0.0390625
7 0.5697917 0.6062500 0.0260417 0.0265625
9 0.6976562 0.4890625 0.0203125 0.0375000
6 0.4354167 0.7542969 0.0197917 0.0398437
6 0.4859375 0.5972656 0.0291667 0.0320312
10 0.3643229 0.5726562 0.0234375 0.0390625
10 0.4296875 0.5343750 0.0208333 0.0390625
8 0.6817708 0.6636719 0.0250000 0.0257812
11 0.3567708 0.4964844 0.0250000 0.0257812
