5 0.3434896 0.6031250 0.0161458 0.0406250
0 0.4687500 0.0695313 0.0239583 0.0281250
3 0.6458333 0.7046875 0.0291667 0.0234375
1 0.7046875 0.2847656 0.0197917 0.0351562
5 0.4924479 0.3246094 0.0255208 0.0195312
5 0.5244792 0.6863281 0.0250000 0.0242188
0 0.5151042 0.7714844 0.0260417 0.0210938
1 0.5083333 0.2386719 0.0177083 0.0179687
0 0.5236979 0.5734375 0.0286458 0.0281250
4 0.3877604 0.6300781 0.0265625 0.0195312
2 0.5580729 0.2375000 0.0171875 0.0343750
2 0.5421875 0.8445312 0.0229167 0.0296875
1 0.4591146 0.5578125 0.0098958 0.0296875
3 0.3653646 0.4484375 0.0151042 0.0296875
2 0.5622396 0.1750000 0.0161458 0.0343750
1 0.6252604 0.5335937 0.0192708 0.0234375
4 0.5005208 0.6953125 0.0218750 0.0312500
0 0.6302083 0.7308594 0.0281250 0.0195312
1 0.4364583 0.4519531 0.0208333 0.0273438
1 0.3914063 0.2152344 0.0151042 0.0351562
2 0.6669271 0.2863281 0.0255208 0.0195312
5 0.4979167 0.6796875 0.0229167 0.0281250
4 0.5408854 0.2910156 0.0182292 0.0289063
0 0.4565104 0.8832031 0.0161458 0.0320312
5 0.6135417 0.3878906 0.0125000 0.0195312
2 0.5820312 0.5625000 0.0234375 0.0390625
4 0.6239583 0.3824219 0.0177083 0.0257812
0 0.6145833 0.2351563 0.0239583 0.0312500
0 0.3070312 0.2632813 0.0203125 0.0171875
5 0.4338542 0.6902344 0.0260417 0.0179687
3 0.7348958 0.3410156 0.0260417 0.0164063
5 0.4997396 0.4714844 0.0161458 0.0257812
0 0.4518229 0.3683594 0.0140625 0.0273438
1 0.7690104 0.6097656 0.0203125 0.0257812
2 0.7244792 0.4921875 0.0177083 0.0281250
5 0.3497396 0.3453125 0.0296875 0.0203125
2 0.2960937 0.4726562 0.0244792 0.0250000
11 0.5692708 0.4808594 0.0229167 0.0273438
11 0.7382812 0.3515625 0.0203125 0.0359375
11 0.2635417 0.5699219 0.0281250 0.0335937
11 0.6283854 0.5707031 0.0213542 0.0382813
9 0.5645833 0.2941406 0.0239583 0.0367188
11 0.6309896 0.8371094 0.0244792 0.0304687
11 0.3901042 0.3765625 0.0156250 0.0234375
6 0.5770833 0.7265625 0.0270833 0.0265625
10 0.4432292 0.1332031 0.0260417 0.0289063
11 0.7328125 0.5851563 0.0177083 0.0312500
11 0.6609375 0.7035156 0.0260417 0.0257812
7 0.6044271 0.6792969 0.0255208 0.0273438
10 0.3299479 0.4781250 0.0171875 0.0359375
6 0.6830729 0.4503906 0.0265625 0.0257812
8 0.6419271 0.7187500 0.0255208 0.0343750
7 0.5739583 0.4980469 0.0270833 0.0273438
11 0.5666667 0.5460938 0.0187500 0.0250000
