5 0.3820312 0.7085938 0.0380208 0.0390625
5 0.2606771 0.2460938 0.0401042 0.0406250
3 0.6067708 0.3820312 0.0302083 0.0546875
2 0.5471354 0.5929688 0.0359375 0.0250000
2 0.3434896 0.5378906 0.0192708 0.0492187
2 0.5062500 0.6261719 0.0302083 0.0539063
2 0.3906250 0.8117188 0.0281250 0.0265625
4 0.4552083 0.9468750 0.0385417 0.0296875
4 0.3033854 0.4027344 0.0348958 0.0242188
3 0.4890625 0.5421875 0.0250000 0.0406250
2 0.7429687 0.8910156 0.0390625 0.0289063
0 0.5661458 0.6984375 0.0291667 0.0578125
5 0.6838542 0.8054687 0.0312500 0.0359375
3 0.5921875 0.3101563 0.0354167 0.0375000
5 0.6187500 0.2769531 0.0208333 0.0351562
0 0.7388021 0.6000000 0.0411458 0.0343750
2 0.6942708 0.0820312 0.0385417 0.0296875
2 0.4197917 0.3167969 0.0218750 0.0351562
2 0.4627604 0.6390625 0.0276042 0.0453125
0 0.6049479 0.3441406 0.0380208 0.0289063
0 0.5278646 0.1562500 0.0421875 0.0281250
1 0.4333333 0.7695312 0.0218750 0.0640625
2 0.5320312 0.1289062 0.0380208 0.0281250
0 0.5567708 0.3996094 0.0270833 0.0289063
1 0.5588542 0.3316406 0.0197917 0.0289063
1 0.4565104 0.2539062 0.0203125 0.0359375
5 0.6218750 0.5667969 0.0385417 0.0335937
1 0.5070313 0.3734375 0.0401042 0.0328125
4 0.4388021 0.7773438 0.0244792 0.0296875
5 0.3835938 0.5761719 0.0192708 0.0382813
3 0.4273438 0.4074219 0.0255208 0.0585938
5 0.6382813 0.5289063 0.0348958 0.0484375
5 0.2263021 0.4109375 0.0359375 0.0390625
3 0.2182292 0.7488281 0.0406250 0.0226562
0 0.4231771 0.6882812 0.0255208 0.0421875
1 0.2973958 0.5289063 0.0166667 0.0375000
1 0.7317708 0.5417969 0.0177083 0.0617188
5 0.5804687 0.2140625 0.0223958 0.0265625
4 0.3726563 0.4593750 0.0296875 0.0390625
5 0.6325521 0.5976562 0.0213542 0.0437500
1 0.4260417 0.2289063 0.0250000 0.0406250
0 0.5690104 0.1652344 0.0307292 0.0304687
3 0.6486979 0.1046875 0.0213542 0.0609375
0 0.5479167 0.8429688 0.0343750 0.0312500
2 0.5015625 0.4718750 0.0364583 0.0296875
2 0.5854167 0.6613281 0.0364583 0.0351562
4 0.3419271 0.4832031 0.0276042 0.0601563
5 0.5291667 0.7847656 0.0427083 0.0289063
2 0.4825521 0.7164063 0.0380208 0.0343750
4 0.6736979 0.5492187 0.0223958 0.0296875
2 0.6132812 0.1464844 0.0213542 0.0429688
1 0.6335937 0.7953125 0.0192708 0.0484375
0 0.6197917 0.5296875 0.0156250 0.0546875
2 0.3531250 0.3968750 0.0177083 0.0390625
4 0.6979167 0.6503906 0.0395833 0.0242188
4 0.3684896 0.1617187 0.0213542 0.0593750
4 0.6322917 0.3574219 0.0333333 0.0351562
2 0.4968750 0.6382813 0.0229167 0.0562500
0 0.4338542 0.3117187 0.0177083 0.0328125
5 0.3007812 0.4742188 0.0307292 0.0296875
9 0.3169271 0.3878906 0.0255208 0.0398437
8 0.7471354 0.3710938 0.0390625 0.0390625
9 0.5757813 0.1656250 0.0255208 0.0531250
7 0.4708333 0.7367187 0.0343750 0.0625000
10 0.4835937 0.4496094 0.0390625 0.0382813
7 0.7382812 0.4335938 0.0369792 0.0359375
10 0.5690104 0.5468750 0.0338542 0.0328125
11 0.2700521 0.5976562 0.0390625 0.0390625
11 0.5929688 0.8343750 0.0380208 0.0375000
9 0.5731771 0.8386719 0.0380208 0.0460938
10 0.6796875 0.4394531 0.0343750 0.0523438
6 0.6416667 0.4835937 0.0354167 0.0359375
7 0.4825521 0.6175781 0.0338542 0.0398437
11 0.3869792 0.7308594 0.0395833 0.0398437
6 0.6523438 0.3542969 0.0244792 0.0554687
8 0.5247396 0.8343750 0.0296875 0.0562500
9 0.7658854 0.1753906 0.0390625 0.0367188
