4 0.5895833 0.5960937 0.0302083 0.0203125
2 0.6940104 0.6390625 0.0296875 0.0250000
2 0.5200521 0.3593750 0.0317708 0.0234375
4 0.5039062 0.4582031 0.0161458 0.0257812
0 0.5911458 0.7875000 0.0333333 0.0218750
5 0.5723958 0.5812500 0.0302083 0.0265625
3 0.6505208 0.2902344 0.0156250 0.0460938
0 0.7442708 0.7554688 0.0333333 0.0250000
1 0.4414062 0.5363281 0.0140625 0.0367188
2 0.2994792 0.5484375 0.0187500 0.0312500
4 0.5940104 0.5589844 0.0286458 0.0414062
2 0.4802083 0.7609375 0.0229167 0.0515625
2 0.4184896 0.8515625 0.0223958 0.0234375
3 0.5088542 0.7933594 0.0312500 0.0304687
2 0.6447917 0.6714844 0.0302083 0.0273438
5 0.5091146 0.3187500 0.0192708 0.0406250
1 0.4580729 0.2156250 0.0265625 0.0406250
3 0.3218750 0.3347656 0.0239583 0.0429688
0 0.5166667 0.9605469 0.0250000 0.0429688
0 0.3661458 0.7105469 0.0156250 0.0476562
3 0.4864583 0.4914062 0.0312500 0.0234375
1 0.5361979 0.4246094 0.0276042 0.0320312
4 0.4880208 0.4742188 0.0197917 0.0250000
3 0.6562500 0.4632812 0.0229167 0.0265625
3 0.3036458 0.1816406 0.0312500 0.0195312
5 0.5940104 0.7566406 0.0203125 0.0242188
0 0.5937500 0.2921875 0.0156250 0.0500000
0 0.4489583 0.5617188 0.0197917 0.0265625
2 0.4544271 0.2253906 0.0192708 0.0507812
5 0.3666667 0.5613281 0.0333333 0.0226562
4 0.6802083 0.7046875 0.0250000 0.0250000
9 0.4856771 0.6863281 0.0223958 0.0507812
8 0.3059896 0.5367188 0.0286458 0.0281250
6 0.5260417 0.4726562 0.0322917 0.0328125
10 0.4489583 0.4289062 0.0239583 0.0328125
9 0.6398438 0.2804687 0.0307292 0.0390625
10 0.3867188 0.8179688 0.0286458 0.0343750
6 0.4484375 0.7187500 0.0197917 0.0468750
10 0.6963542 0.5566406 0.0322917 0.0351562
6 0.5932292 0.4941406 0.0229167 0.0382813
11 0.4268229 0.2070312 0.0296875 0.0375000
9 0.7622396 0.2953125 0.0213542 0.0359375
