5 0.5559896 0.4425781 0.0401042 0.0429688
2 0.3945312 0.5953125 0.0276042 0.0703125
3 0.6028646 0.6851563 0.0515625 0.0453125
4 0.4695313 0.7132812 0.0380208 0.0421875
5 0.6200521 0.4128906 0.0255208 0.0742188
2 0.3320312 0.1238281 0.0526042 0.0414062
5 0.7320313 0.6003906 0.0338542 0.0648438
0 0.6656250 0.1855469 0.0364583 0.0335937
4 0.6807292 0.2496094 0.0500000 0.0585938
3 0.7067708 0.4050781 0.0270833 0.0367188
1 0.5729167 0.5531250 0.0333333 0.0593750
4 0.4591146 0.5214844 0.0369792 0.0539063
5 0.4854167 0.1277344 0.0333333 0.0835937
2 0.6885417 0.8542969 0.0552083 0.0335937
2 0.3046875 0.5726562 0.0375000 0.0765625
5 0.6429687 0.6500000 0.0567708 0.0390625
0 0.3937500 0.5343750 0.0531250 0.0375000
1 0.5127604 0.4812500 0.0338542 0.0437500
3 0.5494792 0.2523437 0.0354167 0.0406250
2 0.5861979 0.3726563 0.0578125 0.0437500
5 0.6635417 0.7628906 0.0468750 0.0710937
5 0.5598958 0.4187500 0.0322917 0.0468750
0 0.6367188 0.4738281 0.0328125 0.0710937
1 0.5783854 0.7503906 0.0338542 0.0585938
2 0.7177083 0.1054688 0.0479167 0.0421875
0 0.3260417 0.5320312 0.0302083 0.0812500
0 0.6158854 0.4187500 0.0578125 0.0390625
2 0.3270833 0.6800781 0.0229167 0.0726563
0 0.5286458 0.5078125 0.0500000 0.0625000
5 0.3515625 0.8886719 0.0260417 0.0726563
4 0.6346354 0.6425781 0.0578125 0.0476562
2 0.4997396 0.8414063 0.0473958 0.0562500
0 0.7492188 0.2695312 0.0276042 0.0875000
2 0.3984375 0.2906250 0.0593750 0.0421875
4 0.7276042 0.2453125 0.0583333 0.0406250
5 0.3664062 0.8527344 0.0526042 0.0476562
1 0.4330729 0.7660156 0.0265625 0.0460938
3 0.3731771 0.4414062 0.0473958 0.0421875
5 0.2958333 0.5195312 0.0614583 0.0406250
1 0.4385417 0.6300781 0.0260417 0.0554687
2 0.6588542 0.6523438 0.0531250 0.0343750
1 0.4375000 0.5292969 0.0447917 0.0335937
5 0.6348958 0.6023437 0.0552083 0.0484375
0 0.3382812 0.5585938 0.0526042 0.0562500
2 0.5335937 0.5480469 0.0567708 0.0445313
5 0.6565104 0.1835938 0.0609375 0.0437500
1 0.7054687 0.3855469 0.0473958 0.0554687
4 0.6257812 0.5632812 0.0328125 0.0843750
0 0.5255208 0.6226563 0.0375000 0.0640625
3 0.3997396 0.6730469 0.0276042 0.0632812
5 0.5953125 0.3265625 0.0291667 0.0640625
4 0.6885417 0.6156250 0.0625000 0.0500000
2 0.4606771 0.7214844 0.0494792 0.0679687
2 0.5348958 0.2949219 0.0458333 0.0648438
5 0.4244792 0.7359375 0.0343750 0.0468750
3 0.5223958 0.4406250 0.0479167 0.0718750
0 0.6755208 0.4390625 0.0604167 0.0453125
3 0.5096354 0.5179687 0.0411458 0.0562500
4 0.5679688 0.1214844 0.0453125 0.0648438
0 0.5507812 0.5570312 0.0567708 0.0484375
0 0.6677083 0.7894531 0.0583333 0.0523438
4 0.6445312 0.5339844 0.0578125 0.0460938
4 0.5346354 0.7750000 0.0223958 0.0421875
4 0.3726563 0.0835937 0.0348958 0.0406250
3 0.6432292 0.2464844 0.0520833 0.0320312
1 0.6289062 0.7015625 0.0359375 0.0828125
2 0.4591146 0.4941406 0.0411458 0.0429688
3 0.5388021 0.5480469 0.0619792 0.0507812
5 0.4502604 0.5144531 0.0328125 0.0585938
4 0.4096354 0.1210938 0.0401042 0.0750000
4 0.4695313 0.3039062 0.0390625 0.0625000
0 0.5057292 0.7023438 0.0416667 0.0843750
2 0.6549479 0.3648438 0.0359375 0.0843750
5 0.6067708 0.2003906 0.0375000 0.0367188
1 0.5307292 0.2109375 0.0260417 0.0828125
4 0.6356771 0.4992187 0.0307292 0.0531250
5 0.5135417 0.2292969 0.0406250 0.0382813
1 0.4888021 0.4070313 0.0442708 0.0703125
4 0.6161458 0.3464844 0.0531250 0.0460938
2 0.2226562 0.5496094 0.0442708 0.0664062
10 0.5484375 0.6269531 0.0510417 0.0507812
