0 0.3940104 0.6996094 0.0380208 0.0367188
2 0.4130208 0.7296875 0.0291667 0.0343750
0 0.5455729 0.2867188 0.0286458 0.0562500
3 0.6231771 0.1484375 0.0307292 0.0578125
3 0.7895833 0.3085938 0.0406250 0.0375000
1 0.6872396 0.5054688 0.0359375 0.0359375
4 0.2510417 0.5535156 0.0395833 0.0429688
5 0.3401042 0.8394531 0.0447917 0.0320312
2 0.5351562 0.5058594 0.0244792 0.0320312
5 0.3356771 0.6300781 0.0328125 0.0382813
2 0.4617188 0.7171875 0.0401042 0.0453125
5 0.5572917 0.4671875 0.0312500 0.0453125
1 0.5184896 0.3484375 0.0317708 0.0609375
1 0.6507812 0.8515625 0.0348958 0.0375000
3 0.4291667 0.3800781 0.0354167 0.0632812
5 0.4960938 0.9734375 0.0328125 0.0515625
1 0.5226563 0.5582031 0.0453125 0.0445313
2 0.4666667 0.6371094 0.0239583 0.0367188
1 0.5971354 0.2253906 0.0213542 0.0632812
0 0.3781250 0.5542969 0.0500000 0.0382813
5 0.4723958 0.2832031 0.0458333 0.0429688
4 0.6739583 0.8230469 0.0447917 0.0351562
2 0.6783854 0.6429687 0.0432292 0.0312500
4 0.5908854 0.6144531 0.0203125 0.0398437
3 0.6591146 0.4855469 0.0380208 0.0289063
3 0.5611979 0.6527344 0.0463542 0.0351562
1 0.2226562 0.3667969 0.0463542 0.0351562
3 0.4351563 0.6031250 0.0421875 0.0296875
1 0.6932292 0.6226563 0.0500000 0.0375000
0 0.5622396 0.5906250 0.0369792 0.0562500
3 0.3458333 0.5515625 0.0260417 0.0406250
2 0.6195312 0.5023437 0.0307292 0.0593750
2 0.5687500 0.3421875 0.0260417 0.0359375
3 0.4658854 0.8105469 0.0286458 0.0664062
2 0.6281250 0.3265625 0.0416667 0.0390625
6 0.7208333 0.7101563 0.0354167 0.0625000
8 0.5994792 0.3226562 0.0416667 0.0406250
7 0.5955729 0.5761719 0.0432292 0.0414062
10 0.5286458 0.3777344 0.0270833 0.0617188
11 0.4867187 0.4781250 0.0401042 0.0515625
10 0.2924479 0.4148438 0.0411458 0.0609375
11 0.7544271 0.3683594 0.0442708 0.0429688
11 0.4388021 0.7144531 0.0453125 0.0445313
7 0.6260417 0.4140625 0.0385417 0.0515625
10 0.4078125 0.4730469 0.0291667 0.0507812
9 0.6036458 0.5125000 0.0447917 0.0484375
