2 0.2856771 0.5347656 0.0255208 0.0382813
1 0.2640625 0.5664062 0.0395833 0.0265625
0 0.3096354 0.5578125 0.0307292 0.0265625
0 0.6723958 0.6519531 0.0291667 0.0523438
3 0.6700521 0.7187500 0.0359375 0.0203125
1 0.5411458 0.5457031 0.0260417 0.0273438
0 0.4143229 0.3285156 0.0171875 0.0351562
2 0.3531250 0.6480469 0.0208333 0.0382813
0 0.5601563 0.5683594 0.0213542 0.0335937
1 0.4539063 0.4199219 0.0234375 0.0320312
3 0.3609375 0.4085937 0.0333333 0.0328125
2 0.4468750 0.3589844 0.0239583 0.0289063
3 0.4276042 0.5445313 0.0229167 0.0312500
1 0.4960938 0.6218750 0.0182292 0.0593750
3 0.5320312 0.2683594 0.0255208 0.0429688
4 0.5627604 0.3730469 0.0401042 0.0304687
5 0.5026042 0.6097656 0.0187500 0.0273438
4 0.5966146 0.6550781 0.0317708 0.0289063
5 0.3911458 0.7769531 0.0208333 0.0320312
4 0.4302083 0.7695312 0.0260417 0.0500000
0 0.6187500 0.3789062 0.0250000 0.0375000
2 0.4510417 0.2535156 0.0281250 0.0273438
5 0.5526042 0.2570312 0.0218750 0.0562500
4 0.4513021 0.5191406 0.0203125 0.0539063
5 0.3591146 0.6367188 0.0380208 0.0375000
1 0.5549479 0.5042969 0.0338542 0.0304687
4 0.5489583 0.4691406 0.0322917 0.0320312
2 0.5611979 0.6820312 0.0307292 0.0468750
0 0.5911458 0.7464844 0.0218750 0.0601563
3 0.6979167 0.3613281 0.0291667 0.0351562
1 0.2822917 0.5203125 0.0375000 0.0281250
3 0.3138021 0.5355469 0.0286458 0.0429688
10 0.5981771 0.9136719 0.0234375 0.0554687
7 0.6528646 0.6074219 0.0296875 0.0445313
10 0.3166667 0.4828125 0.0343750 0.0406250
7 0.5770833 0.2140625 0.0333333 0.0328125
7 0.6986979 0.4894531 0.0359375 0.0351562
6 0.6065104 0.7691406 0.0296875 0.0445313
10 0.6018229 0.4828125 0.0348958 0.0359375
11 0.7138021 0.4417969 0.0390625 0.0382813
11 0.5645833 0.6652344 0.0270833 0.0507812
