2 0.3007812 0.4269531 0.0171875 0.0210938
4 0.6333333 0.2968750 0.0083333 0.0328125
2 0.7718750 0.6382813 0.0187500 0.0234375
2 0.3627604 0.6070313 0.0255208 0.0265625
3 0.5132813 0.7109375 0.0234375 0.0156250
4 0.6653646 0.1121094 0.0119792 0.0304687
5 0.6544271 0.5632812 0.0203125 0.0187500
0 0.4606771 0.6554688 0.0119792 0.0296875
1 0.6268229 0.1644531 0.0192708 0.0210938
1 0.3127604 0.5214844 0.0234375 0.0148437
5 0.7289062 0.3921875 0.0244792 0.0187500
4 0.5531250 0.2261719 0.0229167 0.0179687
1 0.5734375 0.4652344 0.0208333 0.0164063
3 0.4882812 0.4519531 0.0130208 0.0242188
3 0.5632812 0.1093750 0.0161458 0.0312500
2 0.4135417 0.5441406 0.0166667 0.0195312
5 0.4593750 0.1667969 0.0208333 0.0257812
2 0.3677083 0.1015625 0.0125000 0.0343750
0 0.3367188 0.5621094 0.0234375 0.0257812
5 0.3044271 0.4171875 0.0109375 0.0203125
1 0.5690104 0.8000000 0.0130208 0.0296875
2 0.4213542 0.4523437 0.0125000 0.0218750
2 0.3549479 0.4335938 0.0119792 0.0343750
3 0.6174479 0.6031250 0.0223958 0.0156250
0 0.6648437 0.4535156 0.0244792 0.0179687
0 0.7010417 0.4210937 0.0156250 0.0265625
1 0.5122396 0.5058594 0.0203125 0.0210938
4 0.4395833 0.4726562 0.0166667 0.0187500
0 0.4932292 0.5468750 0.0166667 0.0203125
5 0.7062500 0.4574219 0.0218750 0.0179687
4 0.6500000 0.7675781 0.0229167 0.0164063
4 0.3885417 0.8425781 0.0187500 0.0164063
1 0.5544271 0.8925781 0.0151042 0.0242188
0 0.4783854 0.7445312 0.0088542 0.0328125
1 0.6026042 0.3691406 0.0218750 0.0179687
2 0.4169271 0.5953125 0.0182292 0.0250000
0 0.5213542 0.3144531 0.0197917 0.0164063
2 0.5963542 0.4843750 0.0104167 0.0156250
3 0.5276042 0.2316406 0.0208333 0.0179687
3 0.7244792 0.5550781 0.0166667 0.0289063
4 0.4531250 0.2101562 0.0187500 0.0281250
1 0.6098958 0.7554688 0.0187500 0.0218750
4 0.5557292 0.4496094 0.0250000 0.0164063
5 0.3080729 0.2550781 0.0213542 0.0179687
2 0.6526042 0.2613281 0.0125000 0.0242188
4 0.4903646 0.7042969 0.0151042 0.0367188
2 0.6406250 0.7066406 0.0229167 0.0179687
3 0.7838542 0.5878906 0.0197917 0.0210938
4 0.4393229 0.3621094 0.0140625 0.0335937
3 0.5041667 0.2671875 0.0135417 0.0375000
3 0.5776042 0.3531250 0.0229167 0.0171875
4 0.4799479 0.6679688 0.0203125 0.0312500
1 0.6205729 0.4093750 0.0119792 0.0218750
0 0.3145833 0.5652344 0.0177083 0.0226562
4 0.5953125 0.8671875 0.0166667 0.0218750
1 0.4843750 0.6089844 0.0114583 0.0273438
4 0.5559896 0.8820313 0.0109375 0.0250000
4 0.4520833 0.4707031 0.0114583 0.0210938
1 0.4802083 0.2757812 0.0114583 0.0343750
2 0.4562500 0.6562500 0.0125000 0.0343750
1 0.6072917 0.3328125 0.0104167 0.0140625
0 0.5669271 0.7476563 0.0119792 0.0250000
3 0.3770833 0.4937500 0.0239583 0.0203125
3 0.3979167 0.3195312 0.0145833 0.0265625
3 0.5119792 0.5589844 0.0177083 0.0148437
4 0.4692708 0.5234375 0.0135417 0.0140625
4 0.6343750 0.3457031 0.0187500 0.0179687
5 0.4843750 0.3097656 0.0114583 0.0273438
3 0.3846354 0.4875000 0.0140625 0.0171875
2 0.3026042 0.5847656 0.0239583 0.0226562
0 0.4101562 0.7109375 0.0119792 0.0281250
2 0.3265625 0.0746094 0.0218750 0.0226562
3 0.6278646 0.6886719 0.0213542 0.0242188
3 0.6658854 0.6523438 0.0223958 0.0156250
4 0.4505208 0.3296875 0.0093750 0.0171875
4 0.6783854 0.7375000 0.0213542 0.0218750
2 0.6070313 0.2699219 0.0244792 0.0164063
6 0.3684896 0.7156250 0.0161458 0.0328125
6 0.6010417 0.8121094 0.0218750 0.0210938
10 0.4164062 0.5761719 0.0213542 0.0210938
11 0.3731771 0.6574219 0.0151042 0.0210938
9 0.4070313 0.7652344 0.0171875 0.0257812
8 0.4414062 0.8355469 0.0161458 0.0242188
10 0.4252604 0.7375000 0.0213542 0.0296875
