0 0.5591146 0.4160156 0.0171875 0.0179687
2 0.6497396 0.9078125 0.0171875 0.0312500
0 0.6210938 0.5183594 0.0130208 0.0226562
4 0.4692708 0.8925781 0.0145833 0.0335937
5 0.5903646 0.8824219 0.0182292 0.0351562
2 0.2854167 0.2996094 0.0239583 0.0179687
5 0.3958333 0.3816406 0.0135417 0.0226562
4 0.8046875 0.2824219 0.0177083 0.0289063
3 0.5033854 0.5175781 0.0119792 0.0257812
5 0.5151042 0.4488281 0.0208333 0.0335937
4 0.7223958 0.3246094 0.0145833 0.0367188
1 0.6007813 0.4250000 0.0265625 0.0203125
2 0.2979167 0.7664062 0.0270833 0.0187500
4 0.4981771 0.5386719 0.0171875 0.0226562
3 0.3945312 0.5648437 0.0171875 0.0312500
3 0.2463542 0.2339844 0.0218750 0.0210938
5 0.6466146 0.6757812 0.0234375 0.0203125
2 0.3997396 0.5437500 0.0244792 0.0203125
0 0.4848958 0.6746094 0.0250000 0.0164063
3 0.3125000 0.5644531 0.0270833 0.0210938
1 0.6348958 0.1980469 0.0229167 0.0195312
4 0.5151042 0.6980469 0.0145833 0.0304687
3 0.2976563 0.2886719 0.0286458 0.0195312
2 0.6023437 0.4117188 0.0171875 0.0421875
0 0.5588542 0.4230469 0.0208333 0.0273438
5 0.6578125 0.2593750 0.0260417 0.0234375
3 0.3075521 0.6351562 0.0213542 0.0203125
2 0.6986979 0.4769531 0.0276042 0.0242188
1 0.4919271 0.6011719 0.0171875 0.0179687
5 0.6851563 0.4863281 0.0255208 0.0195312
2 0.4591146 0.3109375 0.0192708 0.0187500
2 0.5739583 0.5765625 0.0125000 0.0234375
1 0.7401042 0.3863281 0.0208333 0.0289063
4 0.2432292 0.3285156 0.0218750 0.0289063
0 0.5929688 0.6410156 0.0265625 0.0210938
1 0.6919271 0.5519531 0.0286458 0.0195312
1 0.6153646 0.2683594 0.0182292 0.0304687
3 0.6940104 0.8468750 0.0244792 0.0187500
3 0.5963542 0.6570312 0.0250000 0.0187500
3 0.4919271 0.6769531 0.0265625 0.0195312
1 0.4809896 0.9261719 0.0140625 0.0382813
4 0.6992188 0.7570313 0.0276042 0.0187500
1 0.3143229 0.5437500 0.0244792 0.0203125
2 0.4505208 0.7550781 0.0197917 0.0242188
4 0.5539063 0.5863281 0.0244792 0.0195312
5 0.4015625 0.2464844 0.0166667 0.0320312
9 0.4885417 0.2011719 0.0239583 0.0304687
9 0.5804687 0.3753906 0.0182292 0.0382813
10 0.6210938 0.1988281 0.0255208 0.0289063
9 0.5039062 0.7816406 0.0182292 0.0304687
11 0.5843750 0.7371094 0.0229167 0.0226562
11 0.6552083 0.1562500 0.0270833 0.0312500
10 0.7283854 0.5007812 0.0223958 0.0218750
8 0.6231771 0.8035156 0.0192708 0.0351562
11 0.5859375 0.4937500 0.0239583 0.0312500
6 0.3908854 0.5261719 0.0234375 0.0398437
6 0.5721354 0.1988281 0.0255208 0.0257812
11 0.3093750 0.4539063 0.0177083 0.0390625
7 0.6921875 0.7542969 0.0239583 0.0320312
6 0.6265625 0.4433594 0.0229167 0.0289063
8 0.6223958 0.7480469 0.0208333 0.0257812
8 0.3447917 0.4062500 0.0260417 0.0296875
6 0.5882812 0.8195313 0.0255208 0.0296875
