3 0.5578125 0.6277344 0.0312500 0.1023437
3 0.4270833 0.2261719 0.0541667 0.0460938
0 0.5385417 0.7113281 0.0447917 0.0726563
1 0.3111979 0.6964844 0.0734375 0.0617188
4 0.5971354 0.6351562 0.0578125 0.0640625
4 0.3388021 0.6921875 0.0317708 0.0453125
3 0.6643229 0.4085937 0.0453125 0.0703125
1 0.4783854 0.1343750 0.0317708 0.1015625
4 0.7278646 0.3894531 0.0307292 0.0976562
2 0.6372396 0.3660156 0.0557292 0.0679687
5 0.4119792 0.5000000 0.0333333 0.0562500
0 0.4263021 0.5402344 0.0390625 0.0523438
2 0.6125000 0.5855469 0.0458333 0.0539063
3 0.5968750 0.7625000 0.0677083 0.0656250
1 0.3721354 0.4546875 0.0359375 0.0718750
0 0.5997396 0.1335938 0.0411458 0.0859375
5 0.3520833 0.5851563 0.0416667 0.1015625
1 0.6494792 0.9316406 0.0395833 0.0679687
1 0.6411458 0.2382812 0.0343750 0.0359375
5 0.7020833 0.3718750 0.0541667 0.0765625
3 0.3481771 0.4632812 0.0619792 0.0515625
5 0.7263021 0.3707031 0.0588542 0.0648438
3 0.3614583 0.5718750 0.0333333 0.0859375
3 0.7679687 0.6886719 0.0338542 0.0414062
4 0.6828125 0.3773437 0.0625000 0.0421875
1 0.5851563 0.5269531 0.0317708 0.0742188
5 0.6502604 0.5343750 0.0744792 0.0531250
1 0.5356771 0.2652344 0.0619792 0.0539063
5 0.6044271 0.2394531 0.0619792 0.0445313
3 0.3098958 0.3328125 0.0291667 0.0437500
5 0.1979167 0.4339844 0.0625000 0.0570312
1 0.7161458 0.4085937 0.0406250 0.0890625
0 0.5950521 0.8332031 0.0588542 0.0632812
1 0.5825521 0.5453125 0.0661458 0.0421875
3 0.3205729 0.3886719 0.0609375 0.0476562
0 0.3674479 0.6496094 0.0401042 0.0804688
3 0.5062500 0.2187500 0.0510417 0.0703125
2 0.4281250 0.3566406 0.0427083 0.0867187
4 0.5859375 0.4718750 0.0479167 0.0687500
0 0.2406250 0.3703125 0.0437500 0.0625000
3 0.3752604 0.4613281 0.0348958 0.0882813
4 0.4205729 0.5925781 0.0401042 0.0742188
1 0.5179687 0.5808594 0.0421875 0.0601563
2 0.4018229 0.3890625 0.0640625 0.0546875
4 0.5234375 0.7296875 0.0302083 0.0390625
3 0.6919271 0.6636719 0.0609375 0.0554687
2 0.5309896 0.0421875 0.0421875 0.0843750
1 0.7346354 0.5394531 0.0661458 0.0539063
1 0.5002604 0.0769531 0.0255208 0.0898438
3 0.3544271 0.4039063 0.0307292 0.0703125
4 0.2526042 0.4425781 0.0333333 0.0570312
0 0.3062500 0.7609375 0.0364583 0.0906250
2 0.3406250 0.3246094 0.0645833 0.0429688
4 0.5796875 0.3601563 0.0510417 0.0484375
4 0.7005208 0.3628906 0.0635417 0.0414062
1 0.5494792 0.5582031 0.0333333 0.0679687
2 0.2880208 0.4695313 0.0656250 0.0500000
3 0.4427083 0.6843750 0.0312500 0.0453125
1 0.4872396 0.4097656 0.0588542 0.0757812
3 0.5382813 0.3203125 0.0588542 0.0500000
2 0.4114583 0.8625000 0.0458333 0.0875000
0 0.6166667 0.6929688 0.0625000 0.0421875
0 0.5158854 0.6394531 0.0703125 0.0539063
0 0.3632812 0.4250000 0.0703125 0.0625000
0 0.2111979 0.4933594 0.0442708 0.0773438
2 0.4960938 0.5585938 0.0526042 0.0968750
4 0.6682292 0.5433594 0.0510417 0.0570312
2 0.7382812 0.8722656 0.0328125 0.0882813
2 0.5026042 0.6175781 0.0552083 0.0445313
7 0.3106771 0.5437500 0.0609375 0.0609375
