3 0.6442708 0.2898438 0.0458333 0.1171875
2 0.3924479 0.9593750 0.0526042 0.0578125
1 0.5562500 0.5824219 0.0593750 0.0585938
2 0.6497396 0.4679687 0.0807292 0.0593750
5 0.2934896 0.1664063 0.0744792 0.0437500
1 0.5755208 0.7269531 0.0760417 0.0617188
4 0.7059896 0.7960938 0.0786458 0.0625000
0 0.2794271 0.6417969 0.0776042 0.0523438
0 0.6703125 0.3812500 0.0812500 0.0593750
1 0.3210938 0.3058594 0.0484375 0.1226562
2 0.5304688 0.7492188 0.0598958 0.0609375
2 0.8239583 0.4687500 0.0416667 0.0890625
3 0.5432292 0.6312500 0.0385417 0.0625000
2 0.5494792 0.5851563 0.0583333 0.0515625
2 0.4815104 0.2414062 0.0630208 0.0593750
1 0.7130208 0.3527344 0.0750000 0.0601563
1 0.7458333 0.3167969 0.0729167 0.0632812
9 0.5625000 0.4355469 0.0604167 0.0851563
11 0.6809896 0.3703125 0.0661458 0.1125000
10 0.5708333 0.2449219 0.0739583 0.0820312
