2 0.6093750 0.3062500 0.0520833 0.0968750
0 0.2304688 0.3976562 0.0734375 0.0750000
4 0.6947917 0.0949219 0.0770833 0.0539063
1 0.6010417 0.3371094 0.0687500 0.0664062
3 0.4442708 0.1640625 0.0781250 0.0562500
4 0.4734375 0.3171875 0.0802083 0.0765625
2 0.4252604 0.5429688 0.0817708 0.0562500
2 0.3585937 0.2617188 0.0578125 0.0921875
4 0.7244792 0.4101562 0.0427083 0.0750000
1 0.7197917 0.3179688 0.0416667 0.1125000
2 0.2703125 0.6683594 0.0854167 0.0679687
3 0.5981771 0.1933594 0.0369792 0.0695313
4 0.4567708 0.6695313 0.0687500 0.0593750
0 0.6739583 0.5460938 0.0822917 0.0562500
1 0.5148438 0.4457031 0.0421875 0.0851563
2 0.7622396 0.3945312 0.0807292 0.0546875
3 0.6625000 0.2035156 0.0760417 0.0726563
3 0.2536458 0.3449219 0.0406250 0.0664062
4 0.3549479 0.1906250 0.0380208 0.1015625
5 0.3682292 0.6730469 0.0385417 0.0710937
4 0.5596354 0.7031250 0.0744792 0.0734375
4 0.5835938 0.3546875 0.0692708 0.0718750
4 0.6770833 0.5476562 0.0781250 0.0546875
5 0.6932292 0.3234375 0.0593750 0.1000000
0 0.4057292 0.7539062 0.0812500 0.0531250
5 0.6046875 0.6480469 0.0510417 0.0726563
3 0.6031250 0.6250000 0.0593750 0.0875000
5 0.4937500 0.5093750 0.0656250 0.0671875
1 0.6057292 0.2476562 0.0760417 0.0546875
0 0.4895833 0.5109375 0.0760417 0.0625000
1 0.6127604 0.7476563 0.0505208 0.0593750
1 0.7033854 0.2222656 0.0817708 0.0617188
3 0.3820312 0.6839844 0.0401042 0.0695313
1 0.4320312 0.4343750 0.0776042 0.0578125
4 0.5309896 0.8019531 0.0651042 0.0664062
4 0.5539063 0.1207031 0.0609375 0.0757812
10 0.6713542 0.6812500 0.0708333 0.0687500
10 0.4268229 0.3187500 0.0588542 0.1000000
11 0.2791667 0.5941406 0.0760417 0.0898438
9 0.5364583 0.3117187 0.0760417 0.1218750
7 0.3096354 0.8378906 0.0744792 0.0960938
6 0.5830729 0.3968750 0.0796875 0.0890625
7 0.2229167 0.7328125 0.0729167 0.0953125
7 0.6877604 0.4980469 0.0786458 0.0804688
8 0.5093750 0.7433594 0.0510417 0.1085938
7 0.4372396 0.1449219 0.0651042 0.1007813
9 0.6773438 0.3265625 0.0734375 0.0718750
