2 0.2736979 0.4316406 0.0848958 0.0554687
0 0.6416667 0.4527344 0.0604167 0.0617188
4 0.5513021 0.5339844 0.0796875 0.0539063
0 0.7059896 0.4195313 0.0713542 0.0484375
0 0.7023438 0.2335937 0.0546875 0.0531250
1 0.5453125 0.7250000 0.0645833 0.0625000
4 0.5033854 0.1675781 0.0671875 0.0507812
1 0.2822917 0.3828125 0.0812500 0.0593750
4 0.5747396 0.7308594 0.0651042 0.0476562
5 0.4153646 0.4960938 0.0744792 0.0781250
1 0.3828125 0.5191406 0.0593750 0.0820312
4 0.5005208 0.8214844 0.0760417 0.0585938
5 0.3382812 0.2316406 0.0755208 0.0757812
4 0.5299479 0.3816406 0.0744792 0.0539063
4 0.5018229 0.1761719 0.0494792 0.0664062
2 0.5403646 0.1464844 0.0390625 0.0554687
4 0.5026042 0.5449219 0.0302083 0.0804688
2 0.6434896 0.2835937 0.0390625 0.0750000
4 0.4013021 0.3289063 0.0682292 0.0484375
1 0.7557292 0.3500000 0.0822917 0.0468750
4 0.6453125 0.3351562 0.0375000 0.0625000
4 0.3489583 0.6781250 0.0604167 0.1015625
0 0.5101562 0.6507812 0.0515625 0.0734375
1 0.6906250 0.1750000 0.0802083 0.0625000
4 0.7578125 0.4230469 0.0854167 0.0617188
1 0.2929688 0.4675781 0.0692708 0.0429688
2 0.6619792 0.7289062 0.0739583 0.0609375
1 0.4825521 0.4257812 0.0505208 0.1015625
2 0.7539062 0.2945313 0.0713542 0.0625000
1 0.6611979 0.3757813 0.0421875 0.1156250
1 0.4888021 0.6976562 0.0536458 0.0843750
3 0.3244792 0.8011719 0.0604167 0.0679687
5 0.3468750 0.5835938 0.0447917 0.1125000
2 0.5596354 0.2097656 0.0765625 0.0539063
2 0.5062500 0.3968750 0.0510417 0.0890625
1 0.3463542 0.3042969 0.0572917 0.0664062
5 0.4382813 0.2757812 0.0598958 0.0921875
0 0.7614583 0.4988281 0.0843750 0.0585938
2 0.3661458 0.6042969 0.0697917 0.0570312
2 0.5544271 0.7542969 0.0640625 0.0570312
2 0.4802083 0.8164062 0.0718750 0.0531250
10 0.4223958 0.3625000 0.0489583 0.1015625
9 0.5575521 0.6574219 0.0692708 0.0679687
8 0.6104167 0.2878906 0.0427083 0.0992187
9 0.7656250 0.4238281 0.0489583 0.1070312
6 0.5911458 0.2167969 0.0541667 0.1101562
9 0.4468750 0.1453125 0.0552083 0.1140625
11 0.4398437 0.7957031 0.0640625 0.1148437
6 0.7046875 0.6085938 0.0687500 0.0656250
8 0.3078125 0.3496094 0.0677083 0.1023437
7 0.3270833 0.4796875 0.0781250 0.1046875
8 0.3510417 0.3355469 0.0854167 0.0820312
10 0.3169271 0.4359375 0.0692708 0.0703125
11 0.7458333 0.4078125 0.0697917 0.0765625
7 0.4028646 0.3359375 0.0494792 0.1156250
11 0.4820313 0.3335938 0.0755208 0.0796875
9 0.3130208 0.5457031 0.0729167 0.0867187
11 0.7177083 0.4281250 0.0750000 0.1000000
