0 0.5125000 0.6210938 0.0364583 0.0625000
3 0.4739583 0.3070312 0.0322917 0.0375000
5 0.6997396 0.1542969 0.0515625 0.0367188
5 0.4005208 0.3187500 0.0281250 0.0781250
1 0.3309896 0.7656250 0.0255208 0.0828125
0 0.5463542 0.2027344 0.0364583 0.0757812
2 0.5174479 0.4949219 0.0526042 0.0351562
5 0.5820312 0.2570312 0.0401042 0.0718750
4 0.4682292 0.2472656 0.0281250 0.0367188
1 0.5541667 0.4199219 0.0489583 0.0351562
1 0.7195312 0.6046875 0.0526042 0.0406250
5 0.6848958 0.4433594 0.0510417 0.0382813
0 0.5958333 0.3937500 0.0385417 0.0687500
4 0.2851562 0.4644531 0.0453125 0.0585938
3 0.7265625 0.5500000 0.0552083 0.0421875
2 0.5309896 0.2500000 0.0421875 0.0484375
0 0.5901042 0.3324219 0.0218750 0.0742188
3 0.2528646 0.6664062 0.0473958 0.0625000
2 0.4382813 0.8585938 0.0359375 0.0718750
5 0.5661458 0.2941406 0.0583333 0.0367188
1 0.2921875 0.5390625 0.0281250 0.0781250
5 0.5682292 0.4054687 0.0375000 0.0765625
0 0.5648437 0.1062500 0.0526042 0.0375000
2 0.3822917 0.6500000 0.0302083 0.0625000
5 0.5406250 0.6507812 0.0500000 0.0578125
0 0.3330729 0.5574219 0.0296875 0.0742188
4 0.6169271 0.2621094 0.0505208 0.0539063
3 0.7309896 0.6457031 0.0213542 0.0632812
3 0.7179688 0.4660156 0.0598958 0.0414062
5 0.6226563 0.7007813 0.0473958 0.0453125
0 0.4554687 0.2187500 0.0234375 0.0312500
4 0.5604167 0.2476562 0.0302083 0.0343750
11 0.6567708 0.4335938 0.0406250 0.0750000
9 0.4703125 0.5652344 0.0364583 0.0476562
6 0.3614583 0.2210938 0.0500000 0.0484375
10 0.3736979 0.1726563 0.0307292 0.0718750
7 0.5789062 0.5496094 0.0494792 0.0476562
10 0.8106771 0.5644531 0.0453125 0.0523438
9 0.5236979 0.4605469 0.0526042 0.0804688
9 0.5911458 0.6878906 0.0468750 0.0554687
11 0.4906250 0.2242187 0.0354167 0.0531250
7 0.4960938 0.6867188 0.0473958 0.0609375
