1 0.4960938 0.7269531 0.0255208 0.0304687
5 0.3919271 0.1250000 0.0171875 0.0406250
0 0.2695312 0.8285156 0.0328125 0.0242188
4 0.6690104 0.6218750 0.0161458 0.0296875
5 0.5101562 0.6593750 0.0244792 0.0453125
2 0.5528646 0.6238281 0.0151042 0.0257812
5 0.6708333 0.3769531 0.0291667 0.0210938
2 0.5807292 0.2589844 0.0250000 0.0210938
3 0.5205729 0.5687500 0.0244792 0.0250000
1 0.5135417 0.2976563 0.0333333 0.0187500
3 0.4656250 0.5156250 0.0187500 0.0296875
0 0.4989583 0.5984375 0.0177083 0.0500000
4 0.2843750 0.3917969 0.0302083 0.0304687
2 0.6203125 0.8464844 0.0312500 0.0226562
3 0.4622396 0.7468750 0.0307292 0.0218750
3 0.5906250 0.7847656 0.0239583 0.0242188
4 0.7921875 0.5496094 0.0218750 0.0257812
5 0.6286458 0.6433594 0.0260417 0.0226562
3 0.5401042 0.6558594 0.0156250 0.0335937
3 0.6791667 0.3757813 0.0302083 0.0234375
1 0.6630208 0.5050781 0.0291667 0.0304687
4 0.5989583 0.6175781 0.0260417 0.0398437
2 0.3486979 0.6289062 0.0276042 0.0296875
1 0.6114583 0.8394531 0.0281250 0.0320312
3 0.4692708 0.5050781 0.0135417 0.0414062
5 0.5440104 0.3050781 0.0234375 0.0335937
0 0.4739583 0.4777344 0.0281250 0.0289063
5 0.6325521 0.6128906 0.0234375 0.0429688
5 0.4489583 0.3578125 0.0218750 0.0453125
0 0.5005208 0.5636719 0.0218750 0.0257812
3 0.4177083 0.6859375 0.0302083 0.0265625
3 0.5065104 0.3613281 0.0192708 0.0226562
2 0.5119792 0.7222656 0.0166667 0.0382813
1 0.7593750 0.4683594 0.0343750 0.0273438
2 0.6671875 0.2621094 0.0312500 0.0226562
2 0.5338542 0.4539063 0.0270833 0.0296875
0 0.4838542 0.5937500 0.0218750 0.0421875
0 0.5109375 0.6292969 0.0270833 0.0367188
1 0.6117187 0.2667969 0.0161458 0.0429688
2 0.4315104 0.5066406 0.0203125 0.0242188
3 0.6002604 0.8953125 0.0192708 0.0390625
0 0.5903646 0.7707031 0.0182292 0.0429688
1 0.5075521 0.3925781 0.0244792 0.0226562
1 0.3835938 0.7980469 0.0286458 0.0210938
4 0.3630208 0.7660156 0.0312500 0.0242188
4 0.4221354 0.3015625 0.0161458 0.0515625
1 0.5604167 0.8265625 0.0312500 0.0250000
2 0.6109375 0.7656250 0.0208333 0.0328125
3 0.7932292 0.6761719 0.0312500 0.0210938
3 0.5528646 0.7625000 0.0307292 0.0218750
4 0.3424479 0.7691406 0.0328125 0.0195312
3 0.7401042 0.3593750 0.0333333 0.0250000
3 0.5505208 0.4187500 0.0166667 0.0484375
1 0.4622396 0.5800781 0.0213542 0.0242188
2 0.5101562 0.7593750 0.0307292 0.0343750
2 0.3721354 0.4113281 0.0276042 0.0273438
4 0.6052083 0.1625000 0.0343750 0.0187500
1 0.6348958 0.7378906 0.0302083 0.0289063
3 0.4880208 0.2015625 0.0291667 0.0312500
5 0.4617188 0.5667969 0.0307292 0.0242188
4 0.3877604 0.5316406 0.0234375 0.0351562
0 0.3645833 0.4578125 0.0302083 0.0234375
0 0.5385417 0.6917969 0.0291667 0.0195312
2 0.6625000 0.5285156 0.0343750 0.0226562
4 0.3690104 0.3609375 0.0151042 0.0390625
4 0.5760417 0.7496094 0.0229167 0.0398437
5 0.7294271 0.5695313 0.0203125 0.0343750
9 0.4343750 0.3437500 0.0281250 0.0437500
9 0.3908854 0.4449219 0.0223958 0.0460938
8 0.4075521 0.6472656 0.0276042 0.0304687
9 0.3979167 0.3582031 0.0281250 0.0273438
6 0.4278646 0.3164062 0.0296875 0.0500000
6 0.3864583 0.3367188 0.0197917 0.0296875
11 0.6835938 0.3449219 0.0296875 0.0320312
6 0.6901042 0.5421875 0.0270833 0.0437500
10 0.6364583 0.4605469 0.0281250 0.0289063
6 0.5901042 0.2867188 0.0312500 0.0312500
6 0.4182292 0.8007812 0.0270833 0.0468750
8 0.6895833 0.6375000 0.0302083 0.0390625
10 0.3549479 0.8011719 0.0192708 0.0351562
