3 0.5346354 0.5171875 0.0317708 0.0781250
3 0.5005208 0.1750000 0.0697917 0.0640625
2 0.5338542 0.2988281 0.0489583 0.1054688
0 0.6932292 0.5539063 0.0479167 0.0812500
5 0.3986979 0.5187500 0.0703125 0.0546875
4 0.6968750 0.3410156 0.0812500 0.0523438
2 0.3809896 0.7171875 0.0359375 0.1031250
4 0.5408854 0.7328125 0.0796875 0.0546875
4 0.3546875 0.7632813 0.0781250 0.0500000
0 0.6648437 0.3308594 0.0369792 0.0804688
1 0.6101562 0.6679688 0.0682292 0.0531250
1 0.6372396 0.2445313 0.0609375 0.0765625
4 0.6695313 0.3785156 0.0713542 0.0492187
3 0.5601563 0.4714844 0.0765625 0.0710937
5 0.5307292 0.8175781 0.0343750 0.0789062
5 0.6710938 0.2445313 0.0786458 0.0578125
3 0.5135417 0.7367187 0.0520833 0.1234375
3 0.6111979 0.3417969 0.0796875 0.0617188
9 0.4424479 0.2789063 0.0744792 0.1078125
10 0.7731771 0.5265625 0.0723958 0.0828125
8 0.1390625 0.4929688 0.0781250 0.0734375
10 0.4968750 0.4589844 0.0645833 0.0820312
6 0.3432292 0.4328125 0.0718750 0.0796875
10 0.7145833 0.6792969 0.0708333 0.1101562
8 0.4382813 0.5402344 0.0453125 0.0664062
6 0.4218750 0.4652344 0.0718750 0.0757812
9 0.4450521 0.8285156 0.0546875 0.0992187
10 0.5927083 0.2253906 0.0718750 0.1117188
