4 0.4658854 0.4472656 0.0119792 0.0273438
1 0.6421875 0.7515625 0.0281250 0.0171875
0 0.3479167 0.5207031 0.0281250 0.0242188
2 0.3312500 0.2281250 0.0291667 0.0203125
4 0.5789062 0.0941406 0.0255208 0.0226562
3 0.4619792 0.7105469 0.0250000 0.0304687
0 0.5156250 0.1558594 0.0281250 0.0195312
2 0.3781250 0.7703125 0.0260417 0.0234375
1 0.3848958 0.6183594 0.0281250 0.0179687
4 0.5705729 0.1683594 0.0151042 0.0210938
3 0.5070313 0.5187500 0.0203125 0.0296875
0 0.4187500 0.7667969 0.0135417 0.0398437
3 0.5804687 0.9210938 0.0171875 0.0218750
0 0.3742187 0.2500000 0.0140625 0.0421875
1 0.5184896 0.5949219 0.0130208 0.0445313
6 0.2979167 0.6871094 0.0166667 0.0382813
10 0.4260417 0.6648437 0.0187500 0.0281250
9 0.5984375 0.8257813 0.0177083 0.0343750
7 0.7309896 0.1937500 0.0265625 0.0265625
8 0.5570312 0.2667969 0.0171875 0.0351562
10 0.4367187 0.6433594 0.0265625 0.0257812
9 0.3955729 0.3964844 0.0255208 0.0382813
8 0.4427083 0.5160156 0.0239583 0.0242188
11 0.5020833 0.7386719 0.0177083 0.0429688
6 0.4197917 0.3074219 0.0166667 0.0242188
8 0.6726562 0.6726562 0.0255208 0.0312500
10 0.4028646 0.8457031 0.0161458 0.0382813
8 0.4755208 0.3480469 0.0187500 0.0398437
11 0.6750000 0.7890625 0.0197917 0.0390625
9 0.6231771 0.5683594 0.0265625 0.0257812
6 0.5565104 0.6835938 0.0171875 0.0406250
9 0.3585937 0.7207031 0.0213542 0.0398437
