2 0.7213542 0.4160156 0.0614583 0.0773438
1 0.3440104 0.4980469 0.0682292 0.0476562
5 0.6776042 0.4167969 0.0354167 0.0695313
5 0.5114583 0.7597656 0.0406250 0.0664062
8 0.4606771 0.7312500 0.0651042 0.0750000
10 0.4250000 0.8617187 0.0552083 0.0968750
9 0.7283854 0.7722656 0.0651042 0.0632812
10 0.6828125 0.4656250 0.0614583 0.0796875
6 0.2809896 0.3988281 0.0588542 0.0585938
9 0.4721354 0.4148438 0.0567708 0.0687500
6 0.3559896 0.5902344 0.0651042 0.0632812
6 0.6875000 0.3605469 0.0625000 0.0851563
11 0.5546875 0.7378906 0.0645833 0.0851563
9 0.7354167 0.6992188 0.0677083 0.0765625
6 0.4710937 0.5105469 0.0526042 0.0695313
7 0.3692708 0.4070313 0.0645833 0.0718750
6 0.4385417 0.8156250 0.0572917 0.0796875
6 0.5588542 0.5058594 0.0583333 0.0585938
8 0.2716146 0.5613281 0.0671875 0.0726563
11 0.3197917 0.5992188 0.0416667 0.0625000
9 0.6044271 0.3710938 0.0567708 0.0578125
6 0.4190104 0.2691406 0.0640625 0.0632812
