2 0.2630208 0.6839844 0.0229167 0.0664062
4 0.5937500 0.5253906 0.0427083 0.0382813
3 0.4877604 0.4050781 0.0348958 0.0351562
0 0.5531250 0.7429687 0.0364583 0.0453125
4 0.1997396 0.5347656 0.0276042 0.0492187
1 0.5359375 0.6816406 0.0260417 0.0367188
1 0.4692708 0.7058594 0.0312500 0.0664062
2 0.6463542 0.7062500 0.0500000 0.0500000
4 0.5385417 0.5699219 0.0375000 0.0304687
4 0.3828125 0.7906250 0.0270833 0.0359375
0 0.5890625 0.6613281 0.0479167 0.0382813
4 0.7138021 0.5691406 0.0453125 0.0476562
1 0.6406250 0.6769531 0.0479167 0.0429688
3 0.3833333 0.5496094 0.0312500 0.0570312
3 0.3848958 0.5796875 0.0260417 0.0312500
1 0.3125000 0.7320313 0.0479167 0.0343750
4 0.6898437 0.2632813 0.0442708 0.0312500
3 0.5341146 0.2839844 0.0463542 0.0289063
11 0.5221354 0.3976562 0.0328125 0.0656250
11 0.5229167 0.5273438 0.0312500 0.0640625
8 0.7781250 0.5046875 0.0437500 0.0484375
11 0.6861979 0.5148438 0.0411458 0.0656250
7 0.7619792 0.5136719 0.0437500 0.0523438
6 0.6919271 0.3527344 0.0307292 0.0476562
11 0.5382813 0.5535156 0.0369792 0.0570312
8 0.6135417 0.3398438 0.0270833 0.0578125
6 0.5255208 0.0144531 0.0229167 0.0289063
11 0.5416667 0.8363281 0.0364583 0.0585938
11 0.7026042 0.6304688 0.0427083 0.0468750
6 0.6307292 0.9597656 0.0375000 0.0539063
11 0.5130208 0.7929688 0.0354167 0.0750000
