2 0.6096354 0.2910156 0.0411458 0.0289063
2 0.4994792 0.4843750 0.0281250 0.0687500
2 0.3184896 0.5093750 0.0151042 0.0453125
0 0.6932292 0.5917969 0.0375000 0.0257812
3 0.3684896 0.5839844 0.0213542 0.0476562
5 0.5778646 0.3714844 0.0276042 0.0429688
5 0.3544271 0.5820312 0.0307292 0.0328125
3 0.5171875 0.1269531 0.0291667 0.0492187
1 0.5820312 0.4371094 0.0380208 0.0289063
1 0.6661458 0.8308594 0.0385417 0.0304687
4 0.5671875 0.4484375 0.0395833 0.0296875
5 0.2354167 0.2726562 0.0250000 0.0343750
0 0.5268229 0.1648438 0.0296875 0.0328125
1 0.3825521 0.4156250 0.0369792 0.0234375
5 0.4799479 0.6757812 0.0286458 0.0406250
2 0.7348958 0.7394531 0.0250000 0.0523438
4 0.3489583 0.7742187 0.0312500 0.0375000
1 0.3083333 0.5539063 0.0208333 0.0296875
2 0.3919271 0.2675781 0.0401042 0.0304687
3 0.6010417 0.3093750 0.0385417 0.0312500
5 0.5005208 0.2832031 0.0302083 0.0273438
1 0.3135417 0.4507813 0.0239583 0.0421875
0 0.5348958 0.6875000 0.0208333 0.0375000
2 0.4364583 0.7281250 0.0250000 0.0250000
3 0.4966146 0.7199219 0.0234375 0.0304687
2 0.5757813 0.4910156 0.0380208 0.0367188
3 0.5640625 0.2082031 0.0406250 0.0304687
2 0.4236979 0.5382813 0.0401042 0.0281250
0 0.2651042 0.7125000 0.0177083 0.0562500
5 0.5174479 0.8730469 0.0286458 0.0414062
1 0.5463542 0.5503906 0.0260417 0.0335937
5 0.5296875 0.5695313 0.0197917 0.0515625
2 0.6679688 0.5570312 0.0380208 0.0312500
9 0.6195312 0.3449219 0.0223958 0.0351562
11 0.3867188 0.1484375 0.0359375 0.0359375
8 0.5822917 0.9605469 0.0395833 0.0507812
10 0.3846354 0.5648437 0.0244792 0.0515625
7 0.6802083 0.2433594 0.0364583 0.0351562
10 0.3393229 0.1828125 0.0348958 0.0343750
6 0.6369792 0.7507812 0.0354167 0.0343750
6 0.5619792 0.4835937 0.0385417 0.0453125
11 0.6354167 0.7808594 0.0250000 0.0507812
8 0.4367187 0.2421875 0.0390625 0.0515625
7 0.2903646 0.2562500 0.0296875 0.0562500
7 0.3018229 0.5078125 0.0369792 0.0468750
8 0.4414062 0.6519531 0.0390625 0.0382813
7 0.5299479 0.4832031 0.0390625 0.0414062
9 0.5734375 0.3953125 0.0229167 0.0359375
