4 0.3312500 0.7851562 0.0864583 0.1406250
2 0.3973958 0.2867188 0.0770833 0.1093750
4 0.5929688 0.7523437 0.0848958 0.1109375
3 0.7203125 0.6125000 0.0927083 0.0828125
4 0.5526042 0.8683594 0.0697917 0.0992187
4 0.4619792 0.2753906 0.0593750 0.1273438
5 0.5757813 0.6250000 0.0994792 0.0656250
4 0.5901042 0.3746094 0.0541667 0.1367188
5 0.6755208 0.4566406 0.0760417 0.1210938
3 0.4351563 0.5390625 0.0848958 0.0859375
3 0.2307292 0.3593750 0.0916667 0.0812500
5 0.3434896 0.6550781 0.0473958 0.1539062
2 0.5278646 0.3347656 0.0588542 0.1507813
3 0.6341146 0.4992187 0.0411458 0.0609375
1 0.5046875 0.3632812 0.0520833 0.1484375
0 0.3257813 0.3250000 0.0588542 0.1562500
3 0.6361979 0.2421875 0.0994792 0.0687500
3 0.6875000 0.8480469 0.0937500 0.0726563
0 0.3552083 0.6128906 0.0729167 0.0710937
2 0.3765625 0.6023437 0.0406250 0.0875000
0 0.7307292 0.7003906 0.0614583 0.1539062
5 0.3315104 0.5765625 0.0963542 0.0687500
1 0.3593750 0.3402344 0.1072917 0.0710937
5 0.7156250 0.7136719 0.1031250 0.0789062
5 0.5932292 0.6515625 0.0895833 0.0937500
0 0.5919271 0.2109375 0.0515625 0.1046875
1 0.7557292 0.5273438 0.0927083 0.1093750
1 0.3367188 0.6960937 0.0744792 0.1062500
5 0.7192708 0.6378906 0.0906250 0.0867187
3 0.5932292 0.7261719 0.0854167 0.0976562
0 0.3973958 0.5730469 0.1062500 0.0789062
4 0.3684896 0.2683594 0.0505208 0.1164063
4 0.7281250 0.4308594 0.0520833 0.0695313
4 0.6000000 0.5968750 0.0916667 0.1218750
4 0.4096354 0.4019531 0.0932292 0.0976562
7 0.3083333 0.6644531 0.0968750 0.0992187
6 0.4734375 0.8597656 0.0583333 0.1367188
6 0.7697917 0.2777344 0.0677083 0.1320312
11 0.4776042 0.1945312 0.0812500 0.1234375
6 0.4635417 0.2832031 0.0843750 0.0851563
6 0.7158854 0.5710937 0.0734375 0.1218750
7 0.2796875 0.6953125 0.0979167 0.0937500
9 0.5731771 0.7750000 0.0661458 0.1546875
9 0.6841146 0.6023437 0.0588542 0.1031250
10 0.5059896 0.9808594 0.0286458 0.0367188
7 0.4322917 0.4320312 0.0677083 0.1078125
6 0.6966146 0.5578125 0.0901042 0.1156250
6 0.4244792 0.4066406 0.0979167 0.0960938
11 0.3302083 0.5019531 0.1010417 0.0992187
11 0.7380208 0.1742188 0.0906250 0.0906250
10 0.3083333 0.7894531 0.0937500 0.1117188
8 0.6414062 0.7406250 0.0984375 0.1218750
9 0.6479167 0.4941406 0.0708333 0.1367188
7 0.5721354 0.5210938 0.0848958 0.0828125
