2 0.3580729 0.1359375 0.0432292 0.0671875
3 0.6398438 0.1523438 0.0557292 0.0718750
3 0.4104167 0.4503906 0.0458333 0.0570312
4 0.6359375 0.4628906 0.0552083 0.0945312
3 0.6583333 0.5308594 0.0583333 0.0742188
3 0.6947917 0.5925781 0.0666667 0.0679687
4 0.5218750 0.2804687 0.0458333 0.0953125
0 0.5885417 0.7710938 0.0687500 0.0562500
2 0.6494792 0.3503906 0.0697917 0.0664062
2 0.6945313 0.3480469 0.0744792 0.0601563
2 0.4434896 0.8453125 0.0369792 0.1015625
0 0.5796875 0.5464844 0.0697917 0.0492187
4 0.3500000 0.5488281 0.0781250 0.0679687
1 0.5544271 0.4867187 0.0796875 0.0703125
2 0.6713542 0.7378906 0.0697917 0.0523438
5 0.5963542 0.5523438 0.0593750 0.0421875
2 0.6026042 0.5074219 0.0531250 0.0773438
4 0.5567708 0.7671875 0.0572917 0.0562500
0 0.6966146 0.3898437 0.0432292 0.0703125
2 0.6013021 0.8050781 0.0661458 0.0367188
1 0.1841146 0.3707031 0.0442708 0.1054688
5 0.5432292 0.5523438 0.0562500 0.0562500
11 0.4242187 0.3324219 0.0640625 0.0632812
9 0.3028646 0.2859375 0.0744792 0.0796875
6 0.5203125 0.1593750 0.0770833 0.0750000
10 0.2903646 0.6843750 0.0619792 0.0703125
8 0.7242188 0.5570312 0.0713542 0.0687500
7 0.6026042 0.7574219 0.0593750 0.1070312
8 0.7291667 0.6589844 0.0677083 0.0726563
