4 0.4151042 0.5335937 0.0552083 0.0562500
0 0.4273438 0.5011719 0.0338542 0.0492187
1 0.3447917 0.4246094 0.0791667 0.0617188
4 0.6968750 0.3351562 0.0791667 0.0656250
2 0.5976562 0.0753906 0.0807292 0.0632812
0 0.6968750 0.4523437 0.0729167 0.0578125
4 0.5583333 0.1867187 0.0531250 0.1078125
2 0.6697917 0.8589844 0.0750000 0.0632812
5 0.4953125 0.7308594 0.0562500 0.1070312
4 0.4893229 0.7386719 0.0421875 0.0476562
5 0.6937500 0.3488281 0.0791667 0.0632812
1 0.5752604 0.2003906 0.0588542 0.0757812
1 0.5122396 0.3277344 0.0453125 0.1195313
2 0.6361979 0.4101562 0.0744792 0.0562500
1 0.2466146 0.2457031 0.0765625 0.0632812
1 0.2109375 0.7359375 0.0770833 0.0671875
2 0.6664062 0.7316406 0.0640625 0.0460938
5 0.7486979 0.3035156 0.0390625 0.0414062
2 0.2054688 0.5085937 0.0411458 0.0968750
0 0.5393229 0.4253906 0.0817708 0.0554687
1 0.5658854 0.8832031 0.0796875 0.0554687
3 0.3927083 0.5804687 0.0395833 0.1093750
5 0.6388021 0.6628906 0.0526042 0.0914062
2 0.6875000 0.1382812 0.0750000 0.0546875
3 0.4460938 0.6402344 0.0796875 0.0648438
1 0.5117188 0.3082031 0.0682292 0.0773438
0 0.7414063 0.8085938 0.0380208 0.1140625
3 0.3651042 0.1074219 0.0645833 0.1085938
5 0.6989583 0.6332031 0.0781250 0.0648438
5 0.7481771 0.6503906 0.0369792 0.1273438
0 0.3557292 0.4519531 0.0770833 0.0539063
0 0.4752604 0.7035156 0.0578125 0.0882813
3 0.6231771 0.1546875 0.0401042 0.1156250
2 0.3455729 0.5953125 0.0640625 0.0625000
3 0.5458333 0.4585938 0.0427083 0.1125000
4 0.5843750 0.6703125 0.0593750 0.1203125
4 0.6494792 0.4683594 0.0375000 0.0617188
1 0.6348958 0.2972656 0.0427083 0.0898438
4 0.5984375 0.2839844 0.0552083 0.0570312
3 0.3200521 0.6542969 0.0619792 0.0773438
4 0.3028646 0.8402344 0.0776042 0.0523438
1 0.2632813 0.5554687 0.0453125 0.0765625
2 0.4841146 0.8773437 0.0536458 0.0890625
4 0.5872396 0.4457031 0.0359375 0.1101562
5 0.3604167 0.6257812 0.0447917 0.0859375
4 0.4544271 0.1988281 0.0432292 0.0710937
4 0.7734375 0.5242187 0.0645833 0.0671875
0 0.4085937 0.2750000 0.0661458 0.0734375
3 0.5234375 0.8007812 0.0770833 0.0546875
5 0.4958333 0.2734375 0.0375000 0.0500000
3 0.3335938 0.8488281 0.0786458 0.0570312
1 0.5268229 0.3113281 0.0359375 0.1132812
5 0.2768229 0.3972656 0.0859375 0.0726563
0 0.7294271 0.6488281 0.0432292 0.1117188
2 0.6143229 0.7222656 0.0682292 0.0882813
0 0.5630208 0.4808594 0.0479167 0.1320312
5 0.7088542 0.2152344 0.0843750 0.0539063
4 0.7046875 0.4707031 0.0697917 0.0867187
0 0.5763021 0.7210937 0.0744792 0.0546875
4 0.6007813 0.5761719 0.0703125 0.0523438
8 0.5341146 0.9761719 0.0473958 0.0460938
10 0.6924479 0.2984375 0.0692708 0.0734375
11 0.3950521 0.3070312 0.0453125 0.0812500
9 0.5466146 0.5234375 0.0786458 0.0921875
