1 0.5156250 0.2789063 0.0937500 0.0734375
4 0.4390625 0.2984375 0.0489583 0.0921875
1 0.6997396 0.4355469 0.1192708 0.1023437
0 0.5812500 0.5617188 0.0697917 0.1015625
1 0.6234375 0.4777344 0.0802083 0.0976562
3 0.6005208 0.5781250 0.1281250 0.0859375
2 0.7210937 0.3398438 0.0578125 0.1750000
3 0.2190104 0.3550781 0.0765625 0.1664063
1 0.4739583 0.9417969 0.0833333 0.1148437
3 0.2963542 0.2730469 0.0885417 0.1632812
3 0.6309896 0.4890625 0.1015625 0.1000000
2 0.2770833 0.5082031 0.0770833 0.1429688
2 0.4958333 0.4847656 0.0937500 0.1164063
3 0.7247396 0.2578125 0.1161458 0.0859375
2 0.4838542 0.8074219 0.0635417 0.0820312
2 0.7403646 0.5218750 0.1098958 0.0781250
0 0.4156250 0.8273438 0.1052083 0.1000000
2 0.2854167 0.3191406 0.1187500 0.0835937
5 0.4942708 0.2703125 0.0604167 0.1781250
3 0.4604167 0.2792969 0.1114583 0.0789062
2 0.3403646 0.2820313 0.0671875 0.1718750
2 0.6286458 0.1863281 0.0656250 0.1632812
1 0.3028646 0.2308594 0.1171875 0.0835937
5 0.7151042 0.3906250 0.1062500 0.0984375
3 0.7390625 0.4394531 0.0645833 0.0960938
5 0.6716146 0.4492188 0.1182292 0.1062500
0 0.5166667 0.1972656 0.0552083 0.1445312
4 0.4179688 0.6355469 0.0411458 0.1476562
3 0.5648437 0.4195313 0.1026042 0.1125000
4 0.4020833 0.4644531 0.1072917 0.1054688
2 0.7072917 0.4503906 0.1062500 0.1054688
3 0.4299479 0.1925781 0.0807292 0.1460937
4 0.7520833 0.7132812 0.1072917 0.0906250
2 0.5994792 0.3714844 0.0791667 0.1085938
1 0.6429687 0.3191406 0.0994792 0.1289062
3 0.4591146 0.3917969 0.0765625 0.1023437
3 0.3830729 0.4589844 0.0619792 0.1398437
0 0.4575521 0.5128906 0.0432292 0.1539062
1 0.5184896 0.8148437 0.0817708 0.1640625
5 0.6218750 0.0972656 0.0635417 0.0914062
1 0.4598958 0.9480469 0.0750000 0.1023437
2 0.6455729 0.7894531 0.0630208 0.1882813
2 0.5945312 0.7347656 0.1265625 0.0867187
3 0.4708333 0.3609375 0.1072917 0.0718750
3 0.2973958 0.1738281 0.0572917 0.0804688
4 0.4052083 0.2253906 0.0479167 0.1570313
0 0.5216146 0.6117187 0.0411458 0.0765625
0 0.5713542 0.6714844 0.0697917 0.0882813
2 0.4427083 0.3484375 0.1208333 0.0906250
2 0.6486979 0.6214844 0.0734375 0.1304687
4 0.4929688 0.9691406 0.0515625 0.0601563
5 0.2677083 0.6910156 0.1270833 0.0820312
5 0.5216146 0.7664062 0.0723958 0.0875000
3 0.5325521 0.6039062 0.0755208 0.1593750
2 0.6072917 0.8550781 0.1250000 0.0867187
7 0.5083333 0.0726563 0.0812500 0.1453125
9 0.5919271 0.3730469 0.0796875 0.1570313
10 0.4403646 0.7042969 0.0703125 0.1367188
