0 0.7505208 0.5851563 0.0625000 0.0828125
2 0.5096354 0.3648438 0.0546875 0.1484375
1 0.6239583 0.6406250 0.0510417 0.1078125
5 0.6304688 0.3339844 0.1026042 0.0898438
5 0.7815104 0.4546875 0.1057292 0.0734375
1 0.3039062 0.6574219 0.0619792 0.1617187
1 0.5640625 0.1035156 0.0864583 0.1351563
4 0.2054688 0.7011719 0.1067708 0.0898438
5 0.5408854 0.6687500 0.0932292 0.0718750
4 0.6200521 0.5531250 0.0744792 0.0937500
3 0.3627604 0.6203125 0.0526042 0.1343750
1 0.4611979 0.2617188 0.0526042 0.1125000
1 0.4054687 0.3164062 0.0817708 0.1000000
4 0.3601563 0.5507812 0.0734375 0.1078125
4 0.5791667 0.5097656 0.0791667 0.0851563
5 0.5088542 0.7707031 0.0520833 0.0851563
0 0.3304687 0.6421875 0.0515625 0.1609375
8 0.3197917 0.4964844 0.1010417 0.0992187
8 0.4471354 0.9289063 0.0921875 0.1406250
8 0.6729167 0.8125000 0.0666667 0.1562500
7 0.2783854 0.2550781 0.0869792 0.1507813
10 0.2786458 0.2558594 0.0666667 0.1429688
8 0.6872396 0.5082031 0.0953125 0.0945312
7 0.8494792 0.4070313 0.1052083 0.1265625
7 0.4666667 0.1570313 0.0718750 0.0968750
8 0.4809896 0.8289062 0.0973958 0.1000000
8 0.3460937 0.5085937 0.0963542 0.0937500
10 0.5960937 0.9257812 0.0973958 0.1468750
11 0.6919271 0.8609375 0.1078125 0.1187500
6 0.4721354 0.1183594 0.0869792 0.1273438
11 0.5476562 0.4515625 0.1005208 0.0984375
6 0.6190104 0.7484375 0.0973958 0.0953125
