4 0.5666667 0.8554688 0.0541667 0.0484375
3 0.5877604 0.3523438 0.0244792 0.0843750
0 0.6106771 0.4589844 0.0588542 0.0492187
0 0.5533854 0.4750000 0.0463542 0.0437500
2 0.4385417 0.4015625 0.0270833 0.0765625
0 0.7653646 0.3859375 0.0484375 0.0437500
2 0.6471354 0.5871094 0.0526042 0.0617188
0 0.6002604 0.2730469 0.0328125 0.0773438
0 0.4875000 0.2046875 0.0552083 0.0359375
5 0.4078125 0.7113281 0.0510417 0.0382813
2 0.4721354 0.6542969 0.0505208 0.0398437
1 0.4088542 0.5308594 0.0364583 0.0507812
2 0.4708333 0.7988281 0.0562500 0.0429688
3 0.6679688 0.5156250 0.0223958 0.0562500
3 0.5648437 0.8156250 0.0515625 0.0421875
0 0.6619792 0.5289063 0.0531250 0.0375000
3 0.4455729 0.4773438 0.0286458 0.0468750
0 0.3414063 0.7582031 0.0390625 0.0710937
0 0.5328125 0.7218750 0.0520833 0.0390625
2 0.5026042 0.5949219 0.0302083 0.0382813
2 0.6518229 0.6839844 0.0432292 0.0492187
4 0.4138021 0.5375000 0.0328125 0.0328125
1 0.6273437 0.1871094 0.0296875 0.0820312
4 0.7072917 0.4898438 0.0520833 0.0343750
3 0.6309896 0.6085938 0.0515625 0.0421875
5 0.2888021 0.4078125 0.0567708 0.0406250
2 0.5356771 0.1640625 0.0244792 0.0328125
2 0.5854167 0.8214844 0.0322917 0.0585938
5 0.4203125 0.9699219 0.0302083 0.0585938
1 0.6726562 0.2894531 0.0307292 0.0367188
5 0.6406250 0.3503906 0.0291667 0.0460938
0 0.5153646 0.4121094 0.0338542 0.0414062
5 0.5713542 0.1835938 0.0281250 0.0640625
5 0.7005208 0.4609375 0.0302083 0.0453125
3 0.5817708 0.7945313 0.0239583 0.0359375
2 0.5565104 0.2609375 0.0546875 0.0390625
1 0.6520833 0.7414063 0.0552083 0.0390625
5 0.2591146 0.2851562 0.0546875 0.0406250
4 0.3598958 0.2355469 0.0552083 0.0414062
1 0.4986979 0.7328125 0.0505208 0.0421875
5 0.4296875 0.6761719 0.0281250 0.0523438
5 0.4643229 0.4414062 0.0338542 0.0484375
1 0.5174479 0.5738281 0.0369792 0.0476562
5 0.4500000 0.5085937 0.0354167 0.0671875
5 0.3364583 0.4183594 0.0416667 0.0601563
2 0.5757813 0.4316406 0.0328125 0.0460938
0 0.3567708 0.7582031 0.0541667 0.0351562
3 0.6390625 0.4140625 0.0541667 0.0515625
1 0.5953125 0.6953125 0.0604167 0.0437500
3 0.5828125 0.4816406 0.0229167 0.0726563
0 0.5648437 0.8445312 0.0265625 0.0390625
0 0.4817708 0.6503906 0.0291667 0.0648438
1 0.4552083 0.2960937 0.0552083 0.0343750
5 0.5098958 0.3781250 0.0479167 0.0593750
5 0.4018229 0.7882813 0.0557292 0.0484375
0 0.5875000 0.5335937 0.0416667 0.0406250
5 0.3552083 0.7222656 0.0562500 0.0367188
5 0.5739583 0.6613281 0.0250000 0.0585938
3 0.6062500 0.4320312 0.0416667 0.0812500
4 0.5026042 0.5140625 0.0500000 0.0531250
5 0.8151042 0.5093750 0.0312500 0.0390625
0 0.6632813 0.4816406 0.0453125 0.0492187
2 0.3481771 0.7859375 0.0526042 0.0359375
4 0.3062500 0.4968750 0.0427083 0.0468750
3 0.4270833 0.7242188 0.0479167 0.0500000
2 0.4054687 0.5234375 0.0369792 0.0390625
2 0.5880208 0.7882813 0.0406250 0.0718750
2 0.6109375 0.2890625 0.0239583 0.0562500
1 0.3252604 0.6277344 0.0515625 0.0398437
1 0.5585938 0.7078125 0.0307292 0.0625000
2 0.2151042 0.3800781 0.0572917 0.0554687
7 0.5914063 0.2500000 0.0484375 0.0468750
11 0.3111979 0.6472656 0.0348958 0.0695313
10 0.6619792 0.5636719 0.0302083 0.0539063
9 0.6093750 0.5468750 0.0458333 0.0500000
8 0.5976562 0.3304687 0.0536458 0.0515625
10 0.4791667 0.3839844 0.0427083 0.0710937
10 0.4414062 0.9605469 0.0328125 0.0773438
8 0.3919271 0.3843750 0.0463542 0.0671875
11 0.7278646 0.8257813 0.0536458 0.0515625
8 0.4096354 0.7742187 0.0463542 0.0781250
7 0.6627604 0.4113281 0.0390625 0.0742188
8 0.2138021 0.2824219 0.0526042 0.0507812
11 0.4125000 0.3125000 0.0364583 0.0812500
