4 0.4281250 0.3847656 0.0364583 0.0242188
0 0.7192708 0.8425781 0.0166667 0.0539063
1 0.4846354 0.2917969 0.0328125 0.0304687
0 0.4101562 0.7722656 0.0244792 0.0304687
3 0.7151042 0.4511719 0.0333333 0.0335937
3 0.6632813 0.2117188 0.0338542 0.0203125
3 0.5736979 0.6421875 0.0307292 0.0515625
4 0.4369792 0.5234375 0.0218750 0.0250000
8 0.4567708 0.2718750 0.0208333 0.0484375
6 0.5033854 0.8140625 0.0296875 0.0468750
8 0.4807292 0.4488281 0.0364583 0.0445313
6 0.4458333 0.1812500 0.0312500 0.0484375
6 0.3781250 0.4707031 0.0260417 0.0507812
11 0.6601562 0.7996094 0.0338542 0.0335937
7 0.5270833 0.7300781 0.0333333 0.0539063
7 0.6768229 0.3050781 0.0213542 0.0492187
11 0.6638021 0.6734375 0.0380208 0.0484375
11 0.6927083 0.4019531 0.0302083 0.0335937
7 0.2273438 0.6710938 0.0359375 0.0375000
10 0.6890625 0.4015625 0.0322917 0.0312500
10 0.4036458 0.4351563 0.0333333 0.0312500
11 0.3250000 0.2300781 0.0250000 0.0445313
10 0.3786458 0.4777344 0.0343750 0.0507812
10 0.5382813 0.4261719 0.0328125 0.0445313
11 0.6804687 0.4453125 0.0348958 0.0343750
10 0.6726562 0.7058594 0.0203125 0.0320312
