3 0.5640625 0.5566406 0.0312500 0.0257812
5 0.4994792 0.8628906 0.0229167 0.0398437
2 0.6773438 0.3511719 0.0286458 0.0367188
2 0.5989583 0.5195312 0.0270833 0.0312500
1 0.3531250 0.2191406 0.0187500 0.0195312
3 0.6312500 0.3085938 0.0333333 0.0250000
2 0.5882812 0.6449219 0.0276042 0.0210938
0 0.4645833 0.3648438 0.0145833 0.0265625
5 0.3700521 0.4441406 0.0338542 0.0226562
3 0.6127604 0.4101562 0.0203125 0.0375000
5 0.6937500 0.3351562 0.0166667 0.0234375
2 0.6406250 0.4546875 0.0187500 0.0328125
0 0.4661458 0.2187500 0.0145833 0.0218750
2 0.6911458 0.4582031 0.0229167 0.0257812
4 0.6601562 0.6367188 0.0234375 0.0343750
1 0.4747396 0.8945312 0.0203125 0.0421875
0 0.7406250 0.6718750 0.0187500 0.0281250
5 0.7513021 0.3914063 0.0317708 0.0328125
9 0.7596354 0.5746094 0.0317708 0.0304687
11 0.5213542 0.3433594 0.0281250 0.0445313
6 0.3341146 0.5925781 0.0182292 0.0414062
