4 0.5015625 0.3437500 0.1666667 0.1125000
2 0.5341146 0.0882813 0.1109375 0.1765625
0 0.6505208 0.2828125 0.1489583 0.2187500
2 0.7645833 0.6523438 0.0989583 0.1312500
1 0.5497396 0.6671875 0.1432292 0.1453125
0 0.5604167 0.8460937 0.1375000 0.2015625
1 0.2489583 0.5976562 0.1802083 0.1171875
0 0.3111979 0.4910156 0.1005208 0.1851562
2 0.6276042 0.4492188 0.1718750 0.1234375
2 0.7557292 0.4578125 0.1343750 0.2015625
3 0.5091146 0.3699219 0.1380208 0.1757812
0 0.6005208 0.6535156 0.1843750 0.1601562
4 0.5026042 0.3429687 0.1166667 0.1781250
4 0.4971354 0.5105469 0.0942708 0.1382812
0 0.8268229 0.4484375 0.1713542 0.1375000
1 0.7393229 0.7156250 0.1713542 0.1328125
5 0.7479167 0.7316406 0.0802083 0.2179687
3 0.3682292 0.3390625 0.1187500 0.1921875
0 0.5361979 0.0281250 0.0765625 0.0562500
2 0.3276042 0.3480469 0.1552083 0.1320312
2 0.3208333 0.4792969 0.1260417 0.2132813
3 0.2218750 0.1941406 0.1666667 0.1257813
0 0.5291667 0.3871094 0.1583333 0.1335938
2 0.6419271 0.3511719 0.1765625 0.1773437
1 0.4731771 0.1605469 0.1692708 0.1195313
0 0.5028646 0.0386719 0.1171875 0.0773438
0 0.5492187 0.2480469 0.1567708 0.1273438
1 0.4505208 0.7894531 0.1406250 0.2195313
4 0.6809896 0.2328125 0.0880208 0.2218750
4 0.4559896 0.3414063 0.1963542 0.1484375
0 0.6544271 0.3320312 0.1609375 0.1593750
2 0.6557292 0.8730469 0.1239583 0.2085937
2 0.6002604 0.2437500 0.0713542 0.1000000
3 0.4460938 0.0824219 0.1046875 0.1648438
0 0.6013021 0.0382813 0.1359375 0.0765625
0 0.3770833 0.8199219 0.1656250 0.1539062
2 0.2664063 0.5957031 0.1598958 0.1742188
1 0.6575521 0.3519531 0.1536458 0.1695312
1 0.2895833 0.5500000 0.1937500 0.1406250
0 0.4539063 0.1152344 0.1119792 0.2304688
5 0.5791667 0.5832031 0.1291667 0.2460938
4 0.6677083 0.6933594 0.1583333 0.1335938
5 0.4536458 0.4667969 0.1218750 0.1148437
1 0.7601562 0.4804688 0.1661458 0.2093750
4 0.5427083 0.7296875 0.1500000 0.1265625
1 0.3523438 0.5988281 0.1380208 0.2257812
11 0.6151042 0.8726563 0.1260417 0.2500000
11 0.7273437 0.6605469 0.1494792 0.1570313
11 0.6216146 0.5902344 0.1453125 0.1476562
9 0.3104167 0.3382812 0.1510417 0.2359375
