4 0.5268229 0.7476563 0.0223958 0.0218750
1 0.2934896 0.2015625 0.0213542 0.0390625
4 0.6552083 0.0769531 0.0312500 0.0210938
2 0.4109375 0.2226562 0.0302083 0.0250000
5 0.4588542 0.1539062 0.0187500 0.0484375
0 0.5848958 0.3503906 0.0333333 0.0210938
0 0.4799479 0.9554687 0.0223958 0.0437500
2 0.5583333 0.3402344 0.0197917 0.0351562
2 0.4562500 0.4773438 0.0281250 0.0218750
1 0.7049479 0.4726562 0.0265625 0.0359375
5 0.7195312 0.3929687 0.0317708 0.0265625
4 0.4640625 0.5285156 0.0250000 0.0273438
0 0.5346354 0.7468750 0.0338542 0.0218750
0 0.5713542 0.3640625 0.0218750 0.0343750
4 0.3776042 0.5347656 0.0177083 0.0414062
2 0.5940104 0.3550781 0.0161458 0.0289063
1 0.4656250 0.7437500 0.0166667 0.0421875
5 0.4515625 0.5429688 0.0166667 0.0328125
3 0.7033854 0.5296875 0.0307292 0.0281250
4 0.4817708 0.5628906 0.0239583 0.0335937
2 0.5195312 0.3171875 0.0140625 0.0453125
1 0.5281250 0.4746094 0.0270833 0.0242188
0 0.6460938 0.3007812 0.0317708 0.0234375
3 0.4166667 0.6886719 0.0260417 0.0367188
3 0.7252604 0.5042969 0.0307292 0.0257812
3 0.6945313 0.6429687 0.0151042 0.0203125
1 0.3942708 0.3054688 0.0322917 0.0218750
2 0.5627604 0.1667969 0.0307292 0.0226562
1 0.7645833 0.5578125 0.0197917 0.0218750
0 0.4950521 0.6906250 0.0182292 0.0359375
3 0.7065104 0.2734375 0.0276042 0.0296875
3 0.3010417 0.4386719 0.0145833 0.0257812
0 0.7338542 0.3167969 0.0343750 0.0210938
1 0.4507813 0.6398438 0.0276042 0.0312500
0 0.3510417 0.4648438 0.0156250 0.0171875
5 0.6664062 0.4277344 0.0244792 0.0226562
4 0.7554688 0.4886719 0.0140625 0.0476562
4 0.6117187 0.7535156 0.0276042 0.0210938
3 0.5885417 0.0804688 0.0229167 0.0328125
4 0.6138021 0.7464844 0.0286458 0.0257812
4 0.6721354 0.5546875 0.0286458 0.0250000
1 0.5401042 0.7046875 0.0197917 0.0328125
2 0.5052083 0.6082031 0.0187500 0.0367188
2 0.5932292 0.2093750 0.0197917 0.0390625
1 0.3742187 0.3800781 0.0296875 0.0210938
1 0.5270833 0.3167969 0.0177083 0.0226562
5 0.5140625 0.7136719 0.0302083 0.0195312
5 0.5138021 0.8117188 0.0234375 0.0328125
5 0.6554688 0.1542969 0.0276042 0.0304687
4 0.7148438 0.4250000 0.0203125 0.0281250
5 0.7278646 0.7761719 0.0213542 0.0414062
3 0.3507812 0.5214844 0.0213542 0.0414062
5 0.5156250 0.4269531 0.0135417 0.0351562
5 0.5315104 0.7523437 0.0203125 0.0250000
4 0.4768229 0.3410156 0.0161458 0.0210938
4 0.6815104 0.8144531 0.0192708 0.0320312
5 0.6445312 0.9785156 0.0203125 0.0367188
4 0.3986979 0.8097656 0.0182292 0.0476562
4 0.5046875 0.6593750 0.0302083 0.0218750
3 0.6247396 0.2710938 0.0276042 0.0265625
3 0.6341146 0.4660156 0.0286458 0.0242188
10 0.5177083 0.9093750 0.0187500 0.0375000
7 0.4671875 0.3710938 0.0229167 0.0468750
11 0.5437500 0.5984375 0.0250000 0.0390625
11 0.3257813 0.6011719 0.0213542 0.0320312
10 0.5239583 0.8648438 0.0218750 0.0265625
8 0.6494792 0.7476563 0.0312500 0.0343750
7 0.5804687 0.1890625 0.0234375 0.0421875
11 0.3846354 0.3914063 0.0203125 0.0312500
8 0.5768229 0.2902344 0.0296875 0.0289063
8 0.5794271 0.2640625 0.0223958 0.0437500
8 0.3203125 0.6195312 0.0218750 0.0281250
7 0.4911458 0.3691406 0.0187500 0.0429688
8 0.4078125 0.3542969 0.0302083 0.0398437
9 0.5791667 0.2753906 0.0208333 0.0382813
