5 0.4234375 0.3394531 0.0145833 0.0367188
5 0.4395833 0.7394531 0.0250000 0.0195312
2 0.6140625 0.5878906 0.0145833 0.0242188
5 0.4244792 0.6300781 0.0135417 0.0195312
5 0.7049479 0.5660156 0.0255208 0.0179687
4 0.3822917 0.2097656 0.0187500 0.0289063
3 0.6486979 0.3687500 0.0255208 0.0171875
2 0.6997396 0.4617188 0.0182292 0.0218750
5 0.6348958 0.5308594 0.0125000 0.0335937
4 0.4429688 0.6812500 0.0119792 0.0390625
4 0.6809896 0.5351562 0.0213542 0.0218750
4 0.6182292 0.7066406 0.0197917 0.0304687
0 0.4455729 0.5980469 0.0140625 0.0257812
2 0.6705729 0.4640625 0.0244792 0.0281250
4 0.6239583 0.5343750 0.0125000 0.0265625
3 0.5838542 0.0980469 0.0145833 0.0382813
10 0.7369792 0.4687500 0.0208333 0.0218750
9 0.6164063 0.6257812 0.0223958 0.0218750
9 0.3906250 0.2523437 0.0218750 0.0265625
11 0.4666667 0.5281250 0.0166667 0.0234375
7 0.4229167 0.8593750 0.0208333 0.0296875
9 0.3817708 0.3554688 0.0145833 0.0328125
7 0.6622396 0.6390625 0.0223958 0.0218750
6 0.5718750 0.2058594 0.0218750 0.0289063
10 0.3039062 0.2542969 0.0161458 0.0367188
8 0.2677083 0.5605469 0.0250000 0.0242188
6 0.5497396 0.3605469 0.0151042 0.0351562
8 0.6895833 0.6367188 0.0229167 0.0218750
9 0.3432292 0.5480469 0.0218750 0.0257812
11 0.6119792 0.4156250 0.0177083 0.0234375
11 0.7567708 0.5500000 0.0250000 0.0265625
10 0.3466146 0.4671875 0.0161458 0.0328125
9 0.4489583 0.3441406 0.0218750 0.0226562
8 0.5101562 0.5503906 0.0151042 0.0226562
