1 0.5106771 0.3476562 0.0359375 0.0453125
5 0.4500000 0.3480469 0.0447917 0.0507812
2 0.6947917 0.3398438 0.0322917 0.0671875
1 0.5981771 0.7062500 0.0348958 0.0921875
2 0.4958333 0.5195312 0.0406250 0.0687500
0 0.6208333 0.8968750 0.0593750 0.0531250
0 0.3921875 0.3546875 0.0510417 0.0828125
4 0.3614583 0.5554687 0.0656250 0.0406250
4 0.6940104 0.3515625 0.0317708 0.0500000
2 0.4731771 0.4027344 0.0630208 0.0554687
1 0.2486979 0.4140625 0.0640625 0.0593750
2 0.2664063 0.3570313 0.0526042 0.0625000
3 0.5182292 0.4636719 0.0322917 0.0710937
1 0.6804687 0.7042969 0.0411458 0.0695313
5 0.5286458 0.6136719 0.0416667 0.0507812
4 0.6656250 0.5402344 0.0562500 0.0382813
4 0.5463542 0.3984375 0.0572917 0.0468750
3 0.5625000 0.2976563 0.0635417 0.0687500
1 0.5682292 0.0933594 0.0312500 0.0882813
3 0.4166667 0.4320312 0.0343750 0.0421875
5 0.5406250 0.5457031 0.0281250 0.0507812
4 0.5203125 0.5195312 0.0458333 0.0359375
3 0.3934896 0.4003906 0.0692708 0.0523438
0 0.7065104 0.7367187 0.0515625 0.0812500
4 0.5255208 0.1601562 0.0593750 0.0656250
4 0.3145833 0.0980469 0.0593750 0.0476562
2 0.3294271 0.7539062 0.0557292 0.0640625
2 0.6833333 0.2683594 0.0656250 0.0570312
0 0.5283854 0.7933594 0.0505208 0.0679687
0 0.6778646 0.4613281 0.0630208 0.0539063
3 0.6911458 0.8101563 0.0541667 0.0515625
0 0.4317708 0.2218750 0.0656250 0.0437500
3 0.6776042 0.4554687 0.0604167 0.0500000
9 0.7580729 0.7203125 0.0557292 0.0640625
11 0.6744792 0.6738281 0.0520833 0.0507812
9 0.7304688 0.7070312 0.0588542 0.0562500
6 0.3466146 0.1968750 0.0432292 0.0765625
6 0.5877604 0.6671875 0.0453125 0.0890625
7 0.4947917 0.6417969 0.0520833 0.0773438
6 0.2750000 0.4695313 0.0552083 0.0593750
9 0.6210938 0.4078125 0.0473958 0.0703125
9 0.6122396 0.5218750 0.0432292 0.0750000
10 0.2502604 0.4777344 0.0401042 0.0820312
7 0.6419271 0.4957031 0.0348958 0.0601563
8 0.2630208 0.4226563 0.0437500 0.0593750
10 0.6419271 0.3519531 0.0578125 0.0585938
11 0.6622396 0.3636719 0.0609375 0.0601563
