0 0.6575521 0.3222656 0.0296875 0.0242188
4 0.5598958 0.5386719 0.0260417 0.0429688
2 0.3455729 0.2851562 0.0307292 0.0296875
4 0.5861979 0.7468750 0.0265625 0.0218750
0 0.4947917 0.7585937 0.0177083 0.0421875
0 0.5703125 0.2531250 0.0333333 0.0203125
4 0.6382813 0.4695313 0.0192708 0.0468750
5 0.3981771 0.5664062 0.0286458 0.0359375
4 0.4666667 0.6421875 0.0197917 0.0296875
2 0.6796875 0.5644531 0.0312500 0.0273438
3 0.5864583 0.4183594 0.0156250 0.0476562
5 0.4841146 0.7203125 0.0223958 0.0312500
1 0.4669271 0.3980469 0.0328125 0.0257812
3 0.3078125 0.6910156 0.0312500 0.0257812
2 0.5263021 0.6597656 0.0286458 0.0351562
0 0.4072917 0.5621094 0.0177083 0.0289063
1 0.6057292 0.2109375 0.0177083 0.0250000
5 0.7091146 0.3382812 0.0307292 0.0203125
5 0.5083333 0.0324219 0.0291667 0.0242188
4 0.4338542 0.2417969 0.0208333 0.0226562
4 0.4421875 0.5906250 0.0239583 0.0375000
1 0.5716146 0.3917969 0.0296875 0.0226562
2 0.7083333 0.5980469 0.0218750 0.0367188
4 0.6122396 0.2890625 0.0161458 0.0468750
0 0.3648438 0.2414062 0.0161458 0.0265625
4 0.2549479 0.3851562 0.0338542 0.0265625
3 0.5286458 0.6085938 0.0239583 0.0218750
1 0.5723958 0.6417969 0.0125000 0.0445313
2 0.5273438 0.3226562 0.0182292 0.0453125
0 0.7166667 0.4128906 0.0343750 0.0304687
5 0.6768229 0.2207031 0.0265625 0.0226562
4 0.6257812 0.3906250 0.0296875 0.0203125
5 0.5471354 0.0683594 0.0203125 0.0304687
4 0.5716146 0.5359375 0.0317708 0.0265625
5 0.4052083 0.3542969 0.0197917 0.0398437
0 0.5416667 0.4457031 0.0177083 0.0289063
4 0.5330729 0.7914062 0.0171875 0.0515625
2 0.5921875 0.3035156 0.0208333 0.0398437
4 0.3130208 0.3140625 0.0135417 0.0421875
0 0.4895833 0.8300781 0.0197917 0.0335937
4 0.3859375 0.5402344 0.0333333 0.0304687
0 0.6822917 0.5585938 0.0343750 0.0250000
1 0.4882812 0.3347656 0.0182292 0.0476562
0 0.5205729 0.1238281 0.0182292 0.0273438
4 0.5328125 0.2816406 0.0208333 0.0398437
1 0.5361979 0.2859375 0.0307292 0.0296875
1 0.3481771 0.3820312 0.0307292 0.0203125
4 0.4091146 0.8910156 0.0286458 0.0242188
0 0.4401042 0.3000000 0.0135417 0.0234375
5 0.4403646 0.1707031 0.0151042 0.0445313
2 0.4945312 0.4328125 0.0286458 0.0250000
4 0.4934896 0.0593750 0.0171875 0.0437500
0 0.5796875 0.8183594 0.0312500 0.0226562
3 0.6007813 0.3304687 0.0161458 0.0171875
2 0.3526042 0.4066406 0.0302083 0.0242188
5 0.7328125 0.5238281 0.0281250 0.0382813
3 0.2820313 0.1164063 0.0286458 0.0234375
2 0.5828125 0.9425781 0.0218750 0.0460938
3 0.5994792 0.6609375 0.0166667 0.0265625
3 0.6614583 0.7332031 0.0291667 0.0195312
3 0.4114583 0.6667969 0.0187500 0.0367188
1 0.4677083 0.2214844 0.0302083 0.0335937
2 0.5950521 0.5347656 0.0265625 0.0304687
5 0.5841146 0.2187500 0.0307292 0.0234375
3 0.4341146 0.5160156 0.0161458 0.0179687
5 0.4770833 0.2453125 0.0312500 0.0312500
2 0.4877604 0.4503906 0.0348958 0.0289063
4 0.7330729 0.5808594 0.0296875 0.0242188
5 0.3789062 0.4820313 0.0140625 0.0234375
5 0.5721354 0.3675781 0.0265625 0.0289063
3 0.5992188 0.2234375 0.0328125 0.0218750
1 0.4497396 0.4828125 0.0255208 0.0203125
0 0.6023437 0.2785156 0.0140625 0.0460938
11 0.4570312 0.7554688 0.0192708 0.0437500
11 0.4036458 0.3394531 0.0291667 0.0289063
11 0.5208333 0.3937500 0.0291667 0.0343750
9 0.6091146 0.2523437 0.0338542 0.0343750
7 0.3130208 0.2523437 0.0239583 0.0421875
9 0.3997396 0.1636719 0.0192708 0.0460938
6 0.5611979 0.3480469 0.0276042 0.0398437
8 0.5268229 0.3929687 0.0328125 0.0328125
9 0.4869792 0.1195313 0.0208333 0.0390625
10 0.5502604 0.3269531 0.0213542 0.0414062
9 0.6588542 0.6523438 0.0333333 0.0437500
6 0.5697917 0.3000000 0.0302083 0.0406250
6 0.6609375 0.2812500 0.0302083 0.0296875
10 0.6179687 0.6699219 0.0192708 0.0289063
7 0.6294271 0.5691406 0.0276042 0.0335937
