2 0.5713542 0.2707031 0.0510417 0.0304687
1 0.5921875 0.4375000 0.0364583 0.0453125
3 0.4929688 0.4265625 0.0359375 0.0484375
4 0.6864583 0.3242188 0.0197917 0.0406250
1 0.6424479 0.3562500 0.0432292 0.0578125
3 0.4950521 0.4250000 0.0276042 0.0546875
3 0.2427083 0.4042969 0.0406250 0.0398437
0 0.5539063 0.7460938 0.0494792 0.0312500
4 0.3294271 0.7250000 0.0432292 0.0406250
3 0.4690104 0.3273437 0.0442708 0.0593750
1 0.3919271 0.2062500 0.0526042 0.0421875
0 0.5111979 0.5035156 0.0494792 0.0304687
5 0.2947917 0.8277344 0.0510417 0.0320312
1 0.7473958 0.1476562 0.0281250 0.0781250
2 0.5562500 0.7480469 0.0468750 0.0398437
4 0.5937500 0.3316406 0.0364583 0.0679687
1 0.6273437 0.6246094 0.0463542 0.0492187
1 0.4515625 0.0859375 0.0208333 0.0421875
0 0.6841146 0.5800781 0.0348958 0.0445313
5 0.6057292 0.3304687 0.0270833 0.0359375
3 0.6000000 0.6093750 0.0541667 0.0406250
2 0.5442708 0.3257813 0.0239583 0.0468750
2 0.4033854 0.7109375 0.0328125 0.0671875
4 0.5895833 0.3843750 0.0479167 0.0359375
2 0.4924479 0.6238281 0.0223958 0.0726563
1 0.4257812 0.6773438 0.0432292 0.0359375
0 0.7385417 0.5742188 0.0479167 0.0421875
3 0.8442708 0.5183594 0.0447917 0.0523438
4 0.5674479 0.3046875 0.0505208 0.0375000
4 0.2317708 0.4699219 0.0302083 0.0523438
2 0.5078125 0.6937500 0.0427083 0.0437500
3 0.6250000 0.5621094 0.0479167 0.0351562
5 0.6489583 0.3542969 0.0375000 0.0429688
5 0.4260417 0.7003906 0.0552083 0.0476562
4 0.5963542 0.0917969 0.0312500 0.0695313
3 0.7473958 0.3402344 0.0437500 0.0429688
4 0.6947917 0.2898438 0.0239583 0.0359375
5 0.5859375 0.4515625 0.0447917 0.0343750
0 0.4700521 0.1250000 0.0432292 0.0578125
5 0.3627604 0.5804687 0.0296875 0.0468750
1 0.6278646 0.5972656 0.0286458 0.0632812
5 0.3270833 0.3562500 0.0541667 0.0437500
0 0.5911458 0.5652344 0.0458333 0.0382813
1 0.6195312 0.3117187 0.0255208 0.0640625
0 0.3656250 0.8476562 0.0333333 0.0671875
2 0.4096354 0.7125000 0.0307292 0.0343750
5 0.5187500 0.6203125 0.0468750 0.0359375
0 0.7093750 0.4554687 0.0531250 0.0390625
1 0.5885417 0.5636719 0.0458333 0.0320312
3 0.3614583 0.3007812 0.0458333 0.0484375
2 0.4127604 0.2121094 0.0505208 0.0367188
3 0.6299479 0.6128906 0.0421875 0.0476562
2 0.3494792 0.4636719 0.0364583 0.0445313
5 0.5846354 0.2246094 0.0244792 0.0742188
3 0.6010417 0.8746094 0.0312500 0.0679687
1 0.2458333 0.7250000 0.0270833 0.0812500
2 0.3742187 0.7566406 0.0234375 0.0398437
3 0.6585937 0.8535156 0.0536458 0.0398437
3 0.5572917 0.9406250 0.0406250 0.0437500
3 0.3940104 0.3734375 0.0526042 0.0390625
5 0.4000000 0.2730469 0.0260417 0.0742188
5 0.3750000 0.2253906 0.0312500 0.0507812
4 0.5505208 0.6230469 0.0385417 0.0414062
4 0.7273437 0.3500000 0.0442708 0.0312500
3 0.6289062 0.2468750 0.0453125 0.0406250
5 0.7356771 0.4718750 0.0557292 0.0484375
8 0.6856771 0.6984375 0.0463542 0.0468750
6 0.5523438 0.7082031 0.0348958 0.0570312
7 0.6505208 0.6335937 0.0437500 0.0484375
