4 0.7223958 0.3523438 0.0729167 0.0578125
0 0.3132813 0.7097656 0.0786458 0.0523438
3 0.7223958 0.8367187 0.0697917 0.0484375
2 0.6270833 0.2984375 0.0427083 0.0968750
3 0.2856771 0.3082031 0.0359375 0.0507812
0 0.7338542 0.6320313 0.0531250 0.0906250
4 0.4013021 0.8812500 0.0588542 0.0484375
10 0.4497396 0.4929688 0.0661458 0.0640625
10 0.3955729 0.2789063 0.0567708 0.0703125
7 0.4114583 0.5214844 0.0552083 0.1007813
7 0.5580729 0.5394531 0.0651042 0.0679687
9 0.3802083 0.6679688 0.0614583 0.0734375
7 0.3151042 0.6507812 0.0656250 0.0906250
10 0.3812500 0.5386719 0.0406250 0.0742188
11 0.5940104 0.4882812 0.0661458 0.0656250
