2 0.4973958 0.6839844 0.0239583 0.0414062
4 0.4075521 0.6562500 0.0244792 0.0421875
3 0.2677083 0.4054687 0.0229167 0.0468750
0 0.2736979 0.6714844 0.0171875 0.0226562
1 0.6544271 0.5351562 0.0328125 0.0390625
4 0.5359375 0.4800781 0.0239583 0.0367188
0 0.4208333 0.3781250 0.0354167 0.0296875
4 0.7158854 0.5457031 0.0328125 0.0414062
5 0.4166667 0.6738281 0.0250000 0.0304687
8 0.6382813 0.4265625 0.0348958 0.0343750
6 0.6184896 0.2714844 0.0296875 0.0460938
6 0.7315104 0.4796875 0.0359375 0.0406250
6 0.3010417 0.3714844 0.0270833 0.0460938
6 0.6156250 0.1765625 0.0333333 0.0484375
6 0.4994792 0.7082031 0.0229167 0.0476562
7 0.5429688 0.1171875 0.0359375 0.0359375
9 0.2440104 0.3582031 0.0328125 0.0320312
8 0.4328125 0.8035156 0.0239583 0.0539063
