4 0.6143229 0.4871094 0.0265625 0.0367188
5 0.5606771 0.2070312 0.0317708 0.0390625
2 0.2593750 0.6679688 0.0312500 0.0375000
2 0.5481771 0.1285156 0.0213542 0.0648438
5 0.2619792 0.7148438 0.0447917 0.0296875
5 0.3328125 0.4375000 0.0395833 0.0250000
3 0.4346354 0.7941406 0.0244792 0.0382813
4 0.4440104 0.8910156 0.0140625 0.0601563
2 0.4585938 0.6777344 0.0338542 0.0554687
1 0.6065104 0.2359375 0.0359375 0.0500000
3 0.5846354 0.6699219 0.0390625 0.0351562
5 0.6971354 0.6257812 0.0348958 0.0343750
0 0.4223958 0.0835937 0.0343750 0.0328125
2 0.5604167 0.7132812 0.0375000 0.0531250
0 0.5234375 0.4933594 0.0208333 0.0289063
5 0.4604167 0.5281250 0.0343750 0.0359375
0 0.5117188 0.6667969 0.0276042 0.0367188
5 0.6997396 0.1972656 0.0421875 0.0242188
1 0.5763021 0.4398437 0.0171875 0.0562500
0 0.6648437 0.3960938 0.0411458 0.0296875
1 0.5822917 0.2746094 0.0302083 0.0523438
5 0.4500000 0.4109375 0.0395833 0.0343750
1 0.6489583 0.6289062 0.0218750 0.0390625
3 0.5518229 0.7488281 0.0328125 0.0304687
4 0.4664063 0.5476562 0.0265625 0.0328125
0 0.5966146 0.5781250 0.0411458 0.0390625
3 0.6281250 0.6082031 0.0260417 0.0679687
0 0.5669271 0.3421875 0.0276042 0.0390625
4 0.5802083 0.5109375 0.0208333 0.0343750
0 0.6898437 0.7976562 0.0223958 0.0656250
2 0.6440104 0.3496094 0.0369792 0.0351562
5 0.2367188 0.4527344 0.0203125 0.0289063
2 0.3479167 0.3753906 0.0270833 0.0476562
1 0.5562500 0.6558594 0.0260417 0.0320312
2 0.4541667 0.5808594 0.0354167 0.0335937
4 0.1789062 0.3351562 0.0411458 0.0343750
5 0.4888021 0.3441406 0.0369792 0.0445313
3 0.5471354 0.3480469 0.0390625 0.0367188
5 0.5924479 0.3621094 0.0213542 0.0398437
1 0.6846354 0.2667969 0.0432292 0.0304687
4 0.4161458 0.6296875 0.0447917 0.0312500
1 0.7442708 0.4980469 0.0468750 0.0320312
5 0.6445312 0.6859375 0.0338542 0.0562500
4 0.7236979 0.5433594 0.0390625 0.0351562
3 0.5382813 0.4132812 0.0359375 0.0453125
1 0.5265625 0.5136719 0.0416667 0.0398437
5 0.4315104 0.4484375 0.0213542 0.0375000
0 0.5166667 0.7382812 0.0187500 0.0296875
2 0.4559896 0.1195313 0.0244792 0.0500000
4 0.3572917 0.4273438 0.0385417 0.0296875
3 0.5223958 0.4859375 0.0239583 0.0421875
5 0.2997396 0.6207031 0.0401042 0.0273438
3 0.5296875 0.2011719 0.0395833 0.0351562
1 0.5596354 0.3855469 0.0348958 0.0304687
3 0.4184896 0.8269531 0.0390625 0.0257812
1 0.6692708 0.6050781 0.0437500 0.0320312
2 0.4572917 0.3644531 0.0270833 0.0304687
6 0.6414062 0.7300781 0.0390625 0.0398437
10 0.4398437 0.4058594 0.0286458 0.0367188
11 0.5434896 0.2253906 0.0369792 0.0492187
10 0.6736979 0.4234375 0.0286458 0.0593750
6 0.3708333 0.5472656 0.0291667 0.0507812
7 0.5270833 0.3000000 0.0375000 0.0531250
10 0.4723958 0.3257813 0.0375000 0.0500000
7 0.5666667 0.4699219 0.0385417 0.0414062
11 0.4643229 0.4808594 0.0286458 0.0664062
6 0.5513021 0.5613281 0.0380208 0.0398437
