2 0.3044271 0.2507813 0.0140625 0.0312500
0 0.6148438 0.4507813 0.0140625 0.0250000
2 0.6468750 0.4277344 0.0281250 0.0242188
2 0.4315104 0.8753906 0.0213542 0.0242188
3 0.5171875 0.4171875 0.0302083 0.0296875
1 0.5611979 0.7328125 0.0182292 0.0421875
3 0.4343750 0.2117188 0.0145833 0.0265625
5 0.6828125 0.3816406 0.0322917 0.0210938
4 0.3861979 0.6925781 0.0161458 0.0398437
1 0.5927083 0.6839844 0.0270833 0.0179687
0 0.3445313 0.6468750 0.0171875 0.0328125
2 0.5179687 0.5128906 0.0317708 0.0195312
5 0.3789062 0.4816406 0.0161458 0.0335937
5 0.5401042 0.4527344 0.0281250 0.0210938
3 0.4492188 0.4531250 0.0296875 0.0250000
1 0.4979167 0.7050781 0.0156250 0.0242188
3 0.6083333 0.3691406 0.0291667 0.0226562
3 0.5578125 0.5289063 0.0270833 0.0281250
2 0.3963542 0.6746094 0.0250000 0.0273438
3 0.4424479 0.5539063 0.0244792 0.0250000
4 0.3739583 0.2117188 0.0166667 0.0187500
1 0.4354167 0.4777344 0.0177083 0.0320312
3 0.4828125 0.7265625 0.0166667 0.0203125
5 0.6471354 0.4074219 0.0161458 0.0289063
3 0.5031250 0.7378906 0.0208333 0.0304687
2 0.6854167 0.4707031 0.0270833 0.0257812
0 0.4356771 0.4082031 0.0151042 0.0335937
0 0.3070312 0.1613281 0.0296875 0.0242188
5 0.4450521 0.7746094 0.0098958 0.0382813
0 0.6861979 0.7632813 0.0307292 0.0218750
1 0.6598958 0.2675781 0.0281250 0.0195312
1 0.5765625 0.3062500 0.0302083 0.0250000
2 0.5846354 0.3550781 0.0276042 0.0210938
1 0.5554687 0.5171875 0.0151042 0.0437500
7 0.6484375 0.3375000 0.0260417 0.0265625
11 0.6682292 0.4609375 0.0208333 0.0359375
9 0.5674479 0.4984375 0.0244792 0.0250000
7 0.4971354 0.6828125 0.0223958 0.0437500
8 0.4898438 0.2855469 0.0244792 0.0273438
8 0.5359375 0.9042969 0.0187500 0.0367188
6 0.3117187 0.4269531 0.0192708 0.0351562
9 0.5856771 0.9070312 0.0192708 0.0406250
6 0.6106771 0.7027344 0.0182292 0.0320312
11 0.4843750 0.3511719 0.0208333 0.0320312
9 0.3401042 0.3320312 0.0281250 0.0281250
11 0.5203125 0.3019531 0.0291667 0.0398437
9 0.4549479 0.5570312 0.0286458 0.0281250
7 0.5018229 0.5597656 0.0255208 0.0257812
8 0.5442708 0.7988281 0.0239583 0.0273438
9 0.3205729 0.6941406 0.0182292 0.0414062
