3 0.4119792 0.5824219 0.0156250 0.0226562
2 0.7143229 0.7066406 0.0286458 0.0257812
1 0.3236979 0.1007813 0.0244792 0.0187500
1 0.6843750 0.7265625 0.0156250 0.0453125
5 0.4440104 0.1687500 0.0276042 0.0171875
2 0.6143229 0.8925781 0.0182292 0.0351562
4 0.5812500 0.5484375 0.0270833 0.0234375
3 0.5585938 0.2851562 0.0182292 0.0375000
0 0.5312500 0.2746094 0.0270833 0.0195312
1 0.5744792 0.6925781 0.0260417 0.0210938
1 0.7177083 0.2937500 0.0302083 0.0187500
2 0.4057292 0.1984375 0.0145833 0.0265625
5 0.5843750 0.5492187 0.0208333 0.0390625
2 0.7460938 0.6250000 0.0286458 0.0234375
4 0.5828125 0.3992188 0.0145833 0.0234375
4 0.3973958 0.7515625 0.0218750 0.0296875
3 0.5080729 0.4546875 0.0244792 0.0250000
10 0.3283854 0.4171875 0.0244792 0.0375000
9 0.4528646 0.0847656 0.0171875 0.0382813
7 0.6781250 0.4718750 0.0270833 0.0265625
6 0.2877604 0.6394531 0.0265625 0.0382813
10 0.6414062 0.5835938 0.0161458 0.0250000
6 0.6817708 0.3863281 0.0260417 0.0382813
7 0.6716146 0.7683594 0.0255208 0.0257812
7 0.3622396 0.4820313 0.0223958 0.0265625
8 0.6161458 0.2480469 0.0281250 0.0289063
8 0.5484375 0.5843750 0.0250000 0.0250000
9 0.6174479 0.6535156 0.0223958 0.0273438
6 0.5468750 0.3949219 0.0229167 0.0398437
9 0.4072917 0.4281250 0.0250000 0.0250000
10 0.5497396 0.5292969 0.0182292 0.0414062
7 0.4216146 0.3351562 0.0255208 0.0250000
8 0.5671875 0.5976562 0.0229167 0.0312500
11 0.4434896 0.1222656 0.0255208 0.0351562
8 0.3841146 0.3308594 0.0276042 0.0304687
