4 0.2807292 0.7597656 0.0385417 0.0242188
0 0.3072917 0.6539063 0.0187500 0.0500000
0 0.2244792 0.6859375 0.0333333 0.0406250
5 0.4708333 0.6687500 0.0416667 0.0312500
5 0.4330729 0.7929688 0.0234375 0.0578125
1 0.5523438 0.3875000 0.0192708 0.0281250
4 0.2385417 0.3308594 0.0395833 0.0304687
5 0.4419271 0.7214844 0.0234375 0.0320312
5 0.5276042 0.7089844 0.0395833 0.0320312
1 0.6164063 0.6640625 0.0307292 0.0250000
5 0.5697917 0.5707031 0.0208333 0.0523438
3 0.6872396 0.4875000 0.0390625 0.0234375
4 0.4802083 0.2859375 0.0229167 0.0484375
3 0.5833333 0.7511719 0.0197917 0.0507812
5 0.3893229 0.6152344 0.0234375 0.0335937
1 0.3768229 0.6371094 0.0213542 0.0554687
2 0.3796875 0.3066406 0.0302083 0.0367188
4 0.3497396 0.5695313 0.0286458 0.0328125
1 0.7476563 0.6171875 0.0421875 0.0328125
4 0.7432292 0.5640625 0.0229167 0.0562500
3 0.5328125 0.4238281 0.0385417 0.0289063
3 0.6549479 0.3222656 0.0401042 0.0335937
3 0.3927083 0.7257813 0.0239583 0.0593750
5 0.7653646 0.3464844 0.0244792 0.0554687
2 0.7299479 0.5730469 0.0411458 0.0289063
1 0.6609375 0.3386719 0.0364583 0.0226562
0 0.4458333 0.3648438 0.0406250 0.0296875
5 0.3736979 0.3269531 0.0203125 0.0445313
5 0.5789062 0.8378906 0.0359375 0.0414062
4 0.6578125 0.3492188 0.0385417 0.0281250
3 0.3585937 0.5617188 0.0171875 0.0406250
7 0.4565104 0.6027344 0.0265625 0.0507812
9 0.6700521 0.4921875 0.0348958 0.0390625
6 0.5255208 0.1531250 0.0375000 0.0578125
11 0.6903646 0.5765625 0.0338542 0.0343750
10 0.3408854 0.7078125 0.0369792 0.0406250
9 0.6703125 0.4218750 0.0343750 0.0406250
7 0.6593750 0.6605469 0.0395833 0.0507812
11 0.5247396 0.0757812 0.0328125 0.0593750
8 0.7236979 0.4968750 0.0338542 0.0515625
10 0.6989583 0.2007812 0.0229167 0.0546875
8 0.4088542 0.3519531 0.0333333 0.0445313
10 0.4963542 0.8621094 0.0302083 0.0460938
8 0.4375000 0.8808594 0.0364583 0.0429688
9 0.5304688 0.9160156 0.0359375 0.0476562
10 0.3700521 0.7300781 0.0234375 0.0554687
9 0.4830729 0.0898438 0.0369792 0.0453125
6 0.4684896 0.7863281 0.0286458 0.0539063
7 0.4789062 0.4101562 0.0317708 0.0406250
