5 0.5268229 0.5378906 0.0130208 0.0398437
5 0.5268229 0.3507812 0.0244792 0.0171875
5 0.6226563 0.3835938 0.0151042 0.0171875
4 0.6356771 0.7671875 0.0119792 0.0281250
5 0.7002604 0.3859375 0.0234375 0.0171875
2 0.6760417 0.2371094 0.0250000 0.0195312
4 0.5223958 0.3187500 0.0125000 0.0203125
5 0.6041667 0.4281250 0.0177083 0.0234375
3 0.6416667 0.6722656 0.0260417 0.0195312
3 0.4781250 0.4687500 0.0218750 0.0265625
2 0.6776042 0.2714844 0.0229167 0.0210938
4 0.6335937 0.4339844 0.0192708 0.0195312
2 0.4401042 0.3957031 0.0239583 0.0148437
1 0.4583333 0.5964844 0.0145833 0.0304687
3 0.6119792 0.4347656 0.0156250 0.0320312
5 0.5250000 0.1828125 0.0218750 0.0203125
3 0.4044271 0.5441406 0.0140625 0.0304687
5 0.6236979 0.6726562 0.0119792 0.0250000
1 0.4752604 0.4847656 0.0109375 0.0289063
0 0.3661458 0.3769531 0.0156250 0.0320312
4 0.3380208 0.5746094 0.0177083 0.0226562
2 0.2760417 0.4554687 0.0250000 0.0203125
2 0.2450521 0.2558594 0.0192708 0.0304687
0 0.3302083 0.6875000 0.0156250 0.0203125
2 0.6312500 0.7367187 0.0125000 0.0265625
1 0.4757812 0.2914062 0.0234375 0.0156250
3 0.5148438 0.3871094 0.0203125 0.0242188
5 0.3572917 0.7265625 0.0135417 0.0375000
4 0.2598958 0.5351562 0.0114583 0.0328125
5 0.5476562 0.2691406 0.0109375 0.0367188
1 0.3981771 0.3289063 0.0265625 0.0187500
0 0.5713542 0.5070313 0.0229167 0.0250000
3 0.6882812 0.2332031 0.0203125 0.0257812
3 0.6283854 0.7335938 0.0182292 0.0187500
1 0.4057292 0.3972656 0.0229167 0.0320312
2 0.6307292 0.6964844 0.0260417 0.0195312
1 0.6151042 0.5671875 0.0166667 0.0359375
5 0.5427083 0.2097656 0.0239583 0.0164063
8 0.3528646 0.6691406 0.0223958 0.0257812
11 0.6140625 0.5265625 0.0218750 0.0203125
11 0.5856771 0.6316406 0.0244792 0.0242188
11 0.3052083 0.5328125 0.0229167 0.0218750
