2 0.4492188 0.4933594 0.0255208 0.0320312
5 0.6281250 0.4234375 0.0250000 0.0296875
1 0.6328125 0.5195312 0.0229167 0.0390625
0 0.7145833 0.5757813 0.0197917 0.0390625
3 0.6757812 0.7660156 0.0296875 0.0226562
5 0.7101563 0.2761719 0.0161458 0.0476562
3 0.6721354 0.6800781 0.0328125 0.0226562
2 0.6750000 0.5140625 0.0229167 0.0296875
3 0.4518229 0.8359375 0.0171875 0.0468750
2 0.7049479 0.4101562 0.0296875 0.0234375
5 0.4575521 0.2808594 0.0265625 0.0320312
4 0.6921875 0.3566406 0.0135417 0.0273438
3 0.5398437 0.7828125 0.0276042 0.0265625
0 0.2927083 0.6222656 0.0260417 0.0304687
1 0.3669271 0.5207031 0.0182292 0.0507812
5 0.5244792 0.4925781 0.0208333 0.0492187
5 0.3994792 0.5062500 0.0322917 0.0250000
3 0.3968750 0.7296875 0.0197917 0.0500000
3 0.6601562 0.3683594 0.0213542 0.0398437
4 0.4239583 0.3097656 0.0187500 0.0210938
3 0.5825521 0.6558594 0.0130208 0.0210938
5 0.3432292 0.5691406 0.0166667 0.0429688
0 0.3859375 0.8332031 0.0156250 0.0320312
2 0.5994792 0.2781250 0.0187500 0.0265625
5 0.3598958 0.3351562 0.0270833 0.0281250
5 0.4335938 0.5968750 0.0317708 0.0328125
2 0.5302083 0.9921875 0.0156250 0.0140625
8 0.4398437 0.5062500 0.0286458 0.0281250
11 0.4065104 0.7863281 0.0213542 0.0320312
