1 0.4695313 0.5066406 0.0317708 0.0492187
0 0.4804688 0.4078125 0.0484375 0.0343750
1 0.5859375 0.1230469 0.0364583 0.0601563
5 0.4424479 0.1515625 0.0390625 0.0640625
1 0.3794271 0.8542969 0.0328125 0.0789062
4 0.2815104 0.3859375 0.0473958 0.0656250
3 0.6427083 0.6207031 0.0375000 0.0476562
2 0.4250000 0.8382812 0.0510417 0.0390625
1 0.6247396 0.1425781 0.0463542 0.0492187
1 0.5765625 0.2519531 0.0333333 0.0632812
2 0.4890625 0.2277344 0.0572917 0.0367188
9 0.5750000 0.2351563 0.0458333 0.0531250
6 0.7671875 0.5070313 0.0510417 0.0687500
10 0.7567708 0.5347656 0.0479167 0.0554687
8 0.6114583 0.1789062 0.0437500 0.0734375
6 0.3359375 0.4750000 0.0489583 0.0578125
9 0.6567708 0.7964844 0.0468750 0.0507812
7 0.3252604 0.4632812 0.0494792 0.0484375
7 0.4466146 0.6054688 0.0296875 0.0593750
11 0.4804688 0.5105469 0.0307292 0.0664062
6 0.3604167 0.3324219 0.0489583 0.0726563
11 0.7593750 0.5890625 0.0510417 0.0500000
