4 0.4221354 0.2378906 0.0755208 0.1960938
5 0.4526042 0.0953125 0.0854167 0.1312500
4 0.3927083 0.6492187 0.1041667 0.1078125
5 0.3736979 0.2687500 0.1401042 0.1671875
4 0.4359375 0.2648437 0.0968750 0.2109375
4 0.3575521 0.1519531 0.0776042 0.1960938
3 0.5562500 0.6464844 0.0958333 0.1382812
3 0.3684896 0.4652344 0.1276042 0.0757812
3 0.4437500 0.6832031 0.1479167 0.0929688
5 0.4937500 0.0656250 0.0718750 0.1312500
0 0.7161458 0.2085937 0.1385417 0.1468750
5 0.6856771 0.5457031 0.1130208 0.1164063
0 0.5419271 0.2742188 0.0765625 0.1046875
1 0.4223958 0.5507812 0.1437500 0.0812500
2 0.7036458 0.2804687 0.1552083 0.0937500
2 0.5197917 0.8929687 0.1052083 0.2125000
2 0.5888021 0.6109375 0.1182292 0.1812500
3 0.3078125 0.2648437 0.0593750 0.1453125
2 0.5205729 0.2144531 0.1015625 0.1101562
1 0.6989583 0.2390625 0.1364583 0.1078125
3 0.5541667 0.8125000 0.0864583 0.1000000
3 0.4783854 0.2906250 0.1140625 0.1890625
9 0.2820313 0.7332031 0.1317708 0.1257813
7 0.8208333 0.6828125 0.1208333 0.1343750
11 0.4333333 0.2792969 0.1229167 0.1835938
7 0.6677083 0.9328125 0.0906250 0.1328125
7 0.4031250 0.6175781 0.0875000 0.2039063
6 0.8174479 0.3144531 0.1453125 0.1445312
8 0.5994792 0.7179688 0.1281250 0.1265625
11 0.4020833 0.6472656 0.1364583 0.1570313
11 0.4002604 0.1253906 0.1234375 0.1882813
6 0.8161458 0.4019531 0.1343750 0.1335938
8 0.7690104 0.4136719 0.1130208 0.1914062
8 0.6914062 0.8527344 0.1244792 0.1226562
11 0.4302083 0.9058594 0.1177083 0.1867187
9 0.3453125 0.3402344 0.0979167 0.1867187
