5 0.7208333 0.7085938 0.0260417 0.0359375
0 0.5552083 0.2804687 0.0229167 0.0453125
3 0.6700521 0.5914063 0.0421875 0.0562500
0 0.3861979 0.1769531 0.0348958 0.0492187
0 0.6622396 0.2722656 0.0265625 0.0460938
0 0.4544271 0.6613281 0.0223958 0.0351562
4 0.4492188 0.0257812 0.0286458 0.0343750
3 0.5119792 0.5792969 0.0250000 0.0476562
3 0.4523437 0.6542969 0.0338542 0.0554687
3 0.4476562 0.7484375 0.0234375 0.0562500
0 0.6791667 0.3824219 0.0239583 0.0460938
2 0.6414062 0.7691406 0.0359375 0.0273438
5 0.7026042 0.6097656 0.0406250 0.0445313
4 0.6093750 0.5601563 0.0458333 0.0312500
4 0.3567708 0.7843750 0.0447917 0.0515625
4 0.5656250 0.5902344 0.0375000 0.0335937
2 0.6192708 0.3648438 0.0458333 0.0328125
5 0.6570312 0.7406250 0.0473958 0.0328125
1 0.5036458 0.7425781 0.0281250 0.0585938
1 0.6880208 0.5468750 0.0281250 0.0468750
3 0.5330729 0.4992187 0.0255208 0.0593750
4 0.2554688 0.5371094 0.0421875 0.0367188
1 0.3552083 0.5593750 0.0489583 0.0406250
5 0.7408854 0.5285156 0.0401042 0.0304687
0 0.5031250 0.3093750 0.0260417 0.0484375
0 0.6432292 0.5515625 0.0218750 0.0656250
4 0.6213542 0.5832031 0.0177083 0.0632812
5 0.2799479 0.8355469 0.0463542 0.0289063
2 0.3716146 0.3808594 0.0317708 0.0601563
1 0.5346354 0.3187500 0.0286458 0.0437500
1 0.5950521 0.2210938 0.0442708 0.0375000
2 0.4539063 0.6617188 0.0359375 0.0515625
3 0.5333333 0.6777344 0.0343750 0.0304687
1 0.4989583 0.5855469 0.0239583 0.0414062
3 0.6109375 0.2273438 0.0270833 0.0640625
1 0.1997396 0.3703125 0.0359375 0.0562500
3 0.6143229 0.4269531 0.0328125 0.0601563
1 0.3200521 0.6425781 0.0401042 0.0351562
8 0.6333333 0.6265625 0.0385417 0.0453125
9 0.4226563 0.5726562 0.0255208 0.0406250
10 0.2843750 0.4863281 0.0302083 0.0382813
9 0.6200521 0.6496094 0.0359375 0.0664062
7 0.2697917 0.6792969 0.0281250 0.0632812
9 0.4604167 0.7812500 0.0270833 0.0593750
9 0.5752604 0.7222656 0.0255208 0.0585938
7 0.2416667 0.4796875 0.0312500 0.0406250
8 0.5203125 0.4976563 0.0447917 0.0437500
11 0.5466146 0.6089844 0.0338542 0.0382813
6 0.6671875 0.2222656 0.0416667 0.0414062
10 0.4333333 0.1824219 0.0375000 0.0382813
6 0.5562500 0.8714844 0.0364583 0.0445313
10 0.5458333 0.4542969 0.0385417 0.0617188
7 0.3442708 0.5667969 0.0364583 0.0585938
6 0.5072917 0.8585938 0.0416667 0.0437500
6 0.5289063 0.1941406 0.0401042 0.0414062
6 0.1984375 0.7535156 0.0427083 0.0429688
9 0.6697917 0.2742188 0.0333333 0.0562500
7 0.4885417 0.3062500 0.0312500 0.0484375
