4 0.3440104 0.8316406 0.0161458 0.0523438
3 0.6942708 0.6015625 0.0197917 0.0281250
0 0.2869792 0.4785156 0.0291667 0.0304687
0 0.6739583 0.4761719 0.0312500 0.0351562
3 0.5523438 0.5757813 0.0244792 0.0265625
1 0.4096354 0.3687500 0.0348958 0.0328125
1 0.6911458 0.4101562 0.0250000 0.0484375
4 0.5408854 0.4953125 0.0265625 0.0359375
0 0.7216146 0.2667969 0.0192708 0.0570312
1 0.4486979 0.6945313 0.0192708 0.0500000
4 0.6078125 0.5628906 0.0333333 0.0257812
5 0.5393229 0.5312500 0.0276042 0.0265625
5 0.3348958 0.6824219 0.0333333 0.0382813
11 0.4322917 0.7835937 0.0218750 0.0328125
9 0.7169271 0.7011719 0.0338542 0.0382813
8 0.5278646 0.2808594 0.0276042 0.0523438
7 0.4158854 0.8156250 0.0328125 0.0421875
9 0.4830729 0.1210938 0.0338542 0.0515625
9 0.4622396 0.8570313 0.0328125 0.0390625
11 0.6481771 0.8503906 0.0244792 0.0429688
