1 0.6390625 0.1582031 0.0677083 0.0429688
2 0.6187500 0.8367187 0.0687500 0.0390625
4 0.6135417 0.7175781 0.0677083 0.0585938
5 0.6354167 0.6003906 0.0395833 0.0617188
2 0.5945312 0.2882812 0.0640625 0.0500000
3 0.6552083 0.5628906 0.0281250 0.0820312
5 0.5101562 0.5523438 0.0328125 0.0640625
0 0.6822917 0.6734375 0.0364583 0.0796875
2 0.2489583 0.5449219 0.0489583 0.0773438
3 0.3127604 0.4101562 0.0640625 0.0796875
3 0.4109375 0.3667969 0.0520833 0.0929688
0 0.3700521 0.5332031 0.0359375 0.0960938
0 0.7062500 0.5035156 0.0666667 0.0429688
3 0.5515625 0.5152344 0.0375000 0.0976562
5 0.5023437 0.6542969 0.0557292 0.0835937
2 0.6494792 0.5359375 0.0750000 0.0531250
3 0.6330729 0.4187500 0.0598958 0.0687500
0 0.6666667 0.8539062 0.0479167 0.1125000
2 0.4776042 0.5832031 0.0395833 0.0679687
0 0.3127604 0.4457031 0.0671875 0.0429688
0 0.4054687 0.4050781 0.0588542 0.0664062
2 0.7424479 0.4265625 0.0380208 0.0562500
0 0.4924479 0.9281250 0.0609375 0.0875000
0 0.3700521 0.4832031 0.0380208 0.0710937
4 0.3864583 0.2339844 0.0395833 0.0679687
0 0.6677083 0.2804687 0.0677083 0.0500000
4 0.3231771 0.5878906 0.0703125 0.0835937
4 0.6611979 0.4835937 0.0682292 0.0703125
3 0.5031250 0.8765625 0.0583333 0.0750000
2 0.7257813 0.5558594 0.0432292 0.0945312
1 0.4812500 0.5199219 0.0322917 0.0773438
0 0.6401042 0.2800781 0.0333333 0.0617188
4 0.2940104 0.3574219 0.0755208 0.0539063
3 0.3528646 0.3515625 0.0348958 0.0812500
3 0.2934896 0.3800781 0.0734375 0.0664062
5 0.3986979 0.3105469 0.0526042 0.0851563
2 0.4033854 0.4457031 0.0380208 0.0507812
4 0.5023437 0.4078125 0.0380208 0.0843750
4 0.5643229 0.5273438 0.0453125 0.0625000
4 0.2776042 0.3468750 0.0666667 0.0625000
10 0.4593750 0.6531250 0.0656250 0.0953125
8 0.6151042 0.6222656 0.0645833 0.0632812
9 0.7591146 0.6058594 0.0723958 0.0710937
7 0.5799479 0.6906250 0.0505208 0.0656250
6 0.6382813 0.4742188 0.0630208 0.0625000
9 0.5567708 0.2343750 0.0437500 0.0828125
10 0.4630208 0.4300781 0.0708333 0.0835937
9 0.4760417 0.6906250 0.0604167 0.0609375
9 0.3791667 0.4125000 0.0489583 0.1000000
10 0.5656250 0.3371094 0.0562500 0.0960938
7 0.3986979 0.4070313 0.0651042 0.0718750
8 0.5328125 0.7652344 0.0656250 0.0976562
10 0.5276042 0.3453125 0.0718750 0.0734375
9 0.5979167 0.8093750 0.0531250 0.0750000
