4 0.5557292 0.5027344 0.0260417 0.0367188
0 0.4932292 0.2902344 0.0270833 0.0492187
2 0.5153646 0.2828125 0.0432292 0.0296875
1 0.5328125 0.5847656 0.0427083 0.0273438
0 0.7263021 0.4316406 0.0328125 0.0445313
3 0.4299479 0.6867188 0.0411458 0.0312500
1 0.6174479 0.5480469 0.0380208 0.0414062
5 0.5466146 0.6839844 0.0234375 0.0570312
5 0.6057292 0.9261719 0.0406250 0.0351562
1 0.7041667 0.3460937 0.0322917 0.0250000
4 0.6992188 0.6546875 0.0213542 0.0609375
3 0.4109375 0.7437500 0.0395833 0.0281250
2 0.5953125 0.1359375 0.0364583 0.0375000
2 0.4424479 0.6113281 0.0234375 0.0601563
3 0.5809896 0.4917969 0.0442708 0.0320312
2 0.4541667 0.2335937 0.0406250 0.0250000
4 0.6135417 0.3011719 0.0166667 0.0367188
2 0.5257812 0.8222656 0.0348958 0.0398437
5 0.5286458 0.3167969 0.0291667 0.0617188
2 0.6731771 0.9601563 0.0276042 0.0562500
5 0.3598958 0.7164063 0.0385417 0.0375000
5 0.4276042 0.8796875 0.0260417 0.0593750
0 0.4625000 0.3156250 0.0208333 0.0406250
2 0.6070313 0.6531250 0.0359375 0.0312500
2 0.6817708 0.5464844 0.0416667 0.0257812
1 0.4388021 0.4406250 0.0369792 0.0421875
5 0.6989583 0.6613281 0.0343750 0.0429688
3 0.5002604 0.1027344 0.0359375 0.0476562
0 0.5984375 0.6062500 0.0250000 0.0343750
2 0.3114583 0.6230469 0.0385417 0.0226562
1 0.6375000 0.4406250 0.0239583 0.0265625
3 0.4903646 0.5605469 0.0255208 0.0289063
3 0.7075521 0.6937500 0.0401042 0.0296875
2 0.4817708 0.4843750 0.0322917 0.0390625
4 0.7322917 0.4691406 0.0364583 0.0414062
0 0.3937500 0.2871094 0.0187500 0.0351562
2 0.4843750 0.8386719 0.0302083 0.0335937
5 0.4247396 0.2382812 0.0223958 0.0640625
3 0.7796875 0.6960937 0.0406250 0.0312500
5 0.4947917 0.4910156 0.0197917 0.0414062
3 0.4638021 0.1933594 0.0286458 0.0617188
0 0.5242187 0.1457031 0.0192708 0.0382813
2 0.4997396 0.4156250 0.0328125 0.0328125
3 0.3830729 0.5539063 0.0234375 0.0578125
3 0.3471354 0.7660156 0.0296875 0.0523438
1 0.6598958 0.7355469 0.0343750 0.0273438
2 0.3359375 0.4589844 0.0250000 0.0367188
1 0.5544271 0.3300781 0.0380208 0.0273438
1 0.6760417 0.7398438 0.0427083 0.0359375
4 0.3638021 0.7812500 0.0223958 0.0593750
5 0.6130208 0.5992188 0.0427083 0.0312500
0 0.4869792 0.2281250 0.0281250 0.0328125
0 0.5013021 0.7042969 0.0244792 0.0679687
4 0.4286458 0.0167969 0.0208333 0.0335937
4 0.4466146 0.5464844 0.0161458 0.0460938
5 0.4750000 0.5468750 0.0364583 0.0328125
4 0.6437500 0.2222656 0.0375000 0.0320312
4 0.7020833 0.4101562 0.0187500 0.0328125
1 0.7557292 0.4835937 0.0333333 0.0343750
0 0.5747396 0.7546875 0.0161458 0.0265625
5 0.6218750 0.5000000 0.0229167 0.0406250
1 0.3057292 0.3261719 0.0166667 0.0585938
0 0.4447917 0.5503906 0.0375000 0.0335937
4 0.3591146 0.6554688 0.0244792 0.0421875
2 0.2997396 0.4652344 0.0276042 0.0367188
0 0.2757812 0.4125000 0.0203125 0.0281250
5 0.2802083 0.2335937 0.0312500 0.0437500
4 0.7213542 0.4613281 0.0177083 0.0273438
5 0.5151042 0.7851562 0.0343750 0.0265625
1 0.7695312 0.6785156 0.0359375 0.0382813
1 0.6734375 0.4968750 0.0437500 0.0281250
5 0.7315104 0.3628906 0.0203125 0.0320312
4 0.3997396 0.3152344 0.0348958 0.0351562
0 0.2846354 0.4878906 0.0234375 0.0617188
2 0.5385417 0.6367188 0.0229167 0.0578125
5 0.4861979 0.5363281 0.0203125 0.0351562
8 0.6776042 0.4207031 0.0375000 0.0367188
8 0.6666667 0.5554687 0.0354167 0.0359375
11 0.4859375 0.8074219 0.0312500 0.0398437
7 0.5239583 0.3109375 0.0416667 0.0515625
7 0.5906250 0.4390625 0.0333333 0.0375000
8 0.5947917 0.4019531 0.0250000 0.0554687
6 0.3101563 0.3269531 0.0317708 0.0539063
10 0.5557292 0.1554687 0.0364583 0.0531250
9 0.5531250 0.5378906 0.0385417 0.0367188
11 0.6572917 0.3820312 0.0354167 0.0437500
10 0.5309896 0.5070313 0.0359375 0.0375000
8 0.6122396 0.2054688 0.0380208 0.0468750
7 0.5140625 0.7175781 0.0395833 0.0429688
7 0.3338542 0.3753906 0.0354167 0.0351562
7 0.6460938 0.8582031 0.0265625 0.0617188
9 0.5882812 0.1101562 0.0244792 0.0406250
8 0.4867187 0.6062500 0.0421875 0.0406250
10 0.5299479 0.4003906 0.0328125 0.0351562
7 0.5953125 0.4531250 0.0250000 0.0468750
9 0.6505208 0.8730469 0.0395833 0.0398437
