1 0.5526042 0.2328125 0.0135417 0.0406250
5 0.4492188 0.5093750 0.0182292 0.0281250
5 0.2763021 0.5265625 0.0151042 0.0250000
4 0.6328125 0.5695313 0.0239583 0.0171875
0 0.3958333 0.3585937 0.0250000 0.0234375
4 0.5382813 0.2699219 0.0265625 0.0179687
1 0.5385417 0.4359375 0.0125000 0.0359375
0 0.5018229 0.4769531 0.0151042 0.0398437
2 0.4906250 0.0988281 0.0145833 0.0304687
5 0.4992187 0.4812500 0.0119792 0.0250000
0 0.7408854 0.6722656 0.0255208 0.0226562
1 0.4817708 0.7097656 0.0208333 0.0304687
2 0.4742188 0.6636719 0.0130208 0.0304687
4 0.4174479 0.6691406 0.0151042 0.0179687
1 0.5403646 0.5160156 0.0276042 0.0226562
2 0.3908854 0.6531250 0.0276042 0.0187500
5 0.5312500 0.8886719 0.0156250 0.0398437
4 0.4315104 0.1753906 0.0244792 0.0164063
0 0.7182292 0.8171875 0.0270833 0.0171875
3 0.6013021 0.7589844 0.0151042 0.0382813
4 0.5080729 0.3808594 0.0109375 0.0242188
0 0.4898438 0.5976562 0.0192708 0.0218750
8 0.6908854 0.5921875 0.0234375 0.0234375
9 0.6268229 0.6507812 0.0140625 0.0343750
10 0.5598958 0.4519531 0.0197917 0.0257812
7 0.5645833 0.7039062 0.0218750 0.0250000
