0 0.6661458 0.5546875 0.0135417 0.0218750
2 0.5872396 0.3898437 0.0182292 0.0234375
3 0.3539062 0.5031250 0.0203125 0.0218750
4 0.5346354 0.7148438 0.0255208 0.0171875
5 0.5828125 0.5863281 0.0145833 0.0242188
0 0.6585937 0.6441406 0.0265625 0.0164063
5 0.2348958 0.5285156 0.0239583 0.0210938
0 0.4408854 0.8066406 0.0161458 0.0179687
0 0.5989583 0.4519531 0.0229167 0.0195312
2 0.3841146 0.6136719 0.0244792 0.0273438
3 0.6557292 0.7074219 0.0177083 0.0195312
0 0.3856771 0.0964844 0.0182292 0.0273438
0 0.5708333 0.8738281 0.0135417 0.0398437
3 0.5908854 0.8371094 0.0244792 0.0179687
5 0.6052083 0.7027344 0.0208333 0.0273438
0 0.5729167 0.3191406 0.0208333 0.0195312
0 0.4111979 0.2968750 0.0151042 0.0328125
5 0.6416667 0.5039062 0.0239583 0.0187500
1 0.6601562 0.6519531 0.0119792 0.0335937
5 0.5078125 0.2160156 0.0156250 0.0335937
5 0.7046875 0.4765625 0.0239583 0.0203125
8 0.5666667 0.4460938 0.0229167 0.0296875
6 0.4632812 0.3550781 0.0161458 0.0226562
