1 0.4804688 0.6097656 0.0609375 0.0414062
0 0.3190104 0.3675781 0.0432292 0.0539063
2 0.7575521 0.4492188 0.0442708 0.0781250
1 0.4963542 0.5316406 0.0562500 0.0476562
2 0.6994792 0.4496094 0.0468750 0.0679687
2 0.6114583 0.7195312 0.0510417 0.0656250
0 0.6971354 0.1550781 0.0557292 0.0414062
4 0.6385417 0.8238281 0.0583333 0.0429688
5 0.3000000 0.4710937 0.0510417 0.0359375
0 0.4299479 0.3195312 0.0536458 0.0593750
3 0.5059896 0.0375000 0.0369792 0.0718750
5 0.4544271 0.3519531 0.0442708 0.0585938
3 0.3164062 0.3910156 0.0463542 0.0570312
3 0.6031250 0.6855469 0.0562500 0.0398437
1 0.5940104 0.2371094 0.0515625 0.0429688
3 0.6138021 0.3320312 0.0578125 0.0437500
2 0.7408854 0.3511719 0.0546875 0.0382813
1 0.3505208 0.4468750 0.0416667 0.0421875
1 0.4177083 0.3531250 0.0541667 0.0437500
5 0.3382812 0.3683594 0.0453125 0.0492187
0 0.2908854 0.5925781 0.0557292 0.0570312
5 0.4460938 0.1660156 0.0484375 0.0601563
2 0.4335938 0.5910156 0.0380208 0.0632812
0 0.3947917 0.5660156 0.0312500 0.0382813
7 0.3890625 0.1402344 0.0333333 0.0789062
7 0.6695313 0.2742188 0.0338542 0.0781250
11 0.3997396 0.3957031 0.0505208 0.0492187
6 0.5432292 0.7722656 0.0500000 0.0492187
10 0.2416667 0.4136719 0.0552083 0.0539063
8 0.3565104 0.8628906 0.0369792 0.0882813
8 0.6057292 0.7484375 0.0520833 0.0531250
6 0.6528646 0.6078125 0.0515625 0.0515625
9 0.4039063 0.8253906 0.0442708 0.0710937
7 0.6406250 0.1515625 0.0489583 0.0609375
8 0.4531250 0.8867188 0.0447917 0.0843750
8 0.3317708 0.1867187 0.0375000 0.0750000
9 0.3815104 0.5246094 0.0494792 0.0492187
11 0.4234375 0.8527344 0.0520833 0.0820312
10 0.4869792 0.1621094 0.0343750 0.0789062
7 0.5617188 0.6851563 0.0505208 0.0578125
7 0.5770833 0.2812500 0.0520833 0.0875000
9 0.7187500 0.6175781 0.0541667 0.0523438
11 0.6208333 0.3000000 0.0343750 0.0781250
