4 0.3911458 0.6851563 0.0364583 0.0203125
3 0.3359375 0.5250000 0.0333333 0.0343750
4 0.4731771 0.2675781 0.0317708 0.0367188
1 0.4005208 0.0835937 0.0302083 0.0312500
1 0.6494792 0.4183594 0.0343750 0.0367188
3 0.6911458 0.3546875 0.0375000 0.0250000
4 0.6705729 0.6757812 0.0369792 0.0218750
3 0.5346354 0.6871094 0.0338542 0.0257812
1 0.5585938 0.7660156 0.0223958 0.0523438
1 0.5776042 0.7062500 0.0218750 0.0437500
1 0.5778646 0.9378906 0.0359375 0.0335937
3 0.7005208 0.6308594 0.0354167 0.0242188
5 0.2731771 0.8312500 0.0182292 0.0390625
3 0.6958333 0.6550781 0.0354167 0.0367188
0 0.5778646 0.3468750 0.0401042 0.0406250
2 0.7497396 0.4250000 0.0338542 0.0296875
4 0.6364583 0.4171875 0.0302083 0.0453125
2 0.3523438 0.5015625 0.0182292 0.0328125
3 0.3875000 0.7234375 0.0218750 0.0468750
0 0.4718750 0.2832031 0.0187500 0.0445313
3 0.5489583 0.4535156 0.0322917 0.0273438
3 0.2395833 0.4296875 0.0177083 0.0281250
0 0.3750000 0.5359375 0.0208333 0.0312500
5 0.7611979 0.5167969 0.0338542 0.0351562
3 0.6651042 0.7160156 0.0250000 0.0492187
2 0.6414062 0.7753906 0.0348958 0.0242188
0 0.2914062 0.1914062 0.0192708 0.0531250
1 0.6820312 0.4789062 0.0369792 0.0390625
4 0.5291667 0.1585938 0.0187500 0.0234375
2 0.4559896 0.3281250 0.0192708 0.0500000
1 0.6182292 0.2062500 0.0302083 0.0437500
2 0.5557292 0.4765625 0.0218750 0.0421875
3 0.4786458 0.3816406 0.0281250 0.0289063
1 0.6463542 0.8273438 0.0343750 0.0187500
1 0.7184896 0.5261719 0.0348958 0.0398437
2 0.4130208 0.4320312 0.0364583 0.0281250
0 0.5427083 0.3527344 0.0250000 0.0304687
4 0.4734375 0.5312500 0.0197917 0.0515625
2 0.3973958 0.8152344 0.0197917 0.0507812
1 0.7132812 0.1550781 0.0307292 0.0351562
1 0.6903646 0.4304688 0.0338542 0.0296875
4 0.3833333 0.2230469 0.0218750 0.0539063
1 0.6515625 0.3460937 0.0208333 0.0562500
5 0.3528646 0.4476562 0.0192708 0.0453125
4 0.4177083 0.5042969 0.0156250 0.0492187
0 0.4315104 0.2738281 0.0296875 0.0445313
4 0.5684896 0.5039062 0.0348958 0.0265625
1 0.6138021 0.7750000 0.0265625 0.0390625
1 0.3489583 0.7800781 0.0333333 0.0210938
5 0.6869792 0.7738281 0.0354167 0.0273438
0 0.6299479 0.2695312 0.0203125 0.0328125
3 0.3369792 0.7324219 0.0343750 0.0226562
3 0.6927083 0.4437500 0.0364583 0.0312500
2 0.5036458 0.7957031 0.0333333 0.0257812
4 0.4687500 0.6996094 0.0312500 0.0398437
5 0.5203125 0.3468750 0.0333333 0.0390625
0 0.3830729 0.4210937 0.0182292 0.0265625
4 0.5807292 0.4757812 0.0239583 0.0234375
3 0.4083333 0.4097656 0.0343750 0.0320312
2 0.4364583 0.3417969 0.0177083 0.0476562
5 0.6484375 0.7542969 0.0375000 0.0304687
1 0.4291667 0.1976563 0.0177083 0.0562500
5 0.6393229 0.3828125 0.0328125 0.0343750
1 0.7486979 0.6093750 0.0307292 0.0328125
0 0.5088542 0.5222656 0.0333333 0.0242188
4 0.5140625 0.7167969 0.0281250 0.0445313
1 0.5908854 0.8031250 0.0369792 0.0296875
10 0.2872396 0.1710937 0.0328125 0.0328125
6 0.4885417 0.3566406 0.0270833 0.0367188
8 0.6619792 0.3582031 0.0250000 0.0507812
9 0.5291667 0.3722656 0.0354167 0.0351562
11 0.6638021 0.4804688 0.0359375 0.0359375
8 0.3947917 0.5410156 0.0343750 0.0460938
10 0.3359375 0.1648438 0.0218750 0.0531250
