1 0.3927083 0.7003906 0.0666667 0.1507813
3 0.5973958 0.1648438 0.0635417 0.1890625
1 0.5036458 0.4730469 0.0802083 0.0820312
3 0.5104167 0.1433594 0.0781250 0.1820313
1 0.5416667 0.8335938 0.0625000 0.1921875
2 0.3786458 0.2195313 0.1177083 0.1000000
5 0.7335938 0.6222656 0.1046875 0.0945312
3 0.5166667 0.8832031 0.1229167 0.1429688
1 0.4606771 0.3585937 0.1328125 0.0937500
2 0.5294271 0.6226563 0.0786458 0.1453125
1 0.6179687 0.6558594 0.1161458 0.0898438
3 0.4544271 0.1109375 0.0557292 0.1843750
9 0.5164062 0.1855469 0.0921875 0.1226562
9 0.5052083 0.4292969 0.1000000 0.1882813
8 0.2760417 0.6765625 0.1177083 0.1140625
6 0.7651042 0.5734375 0.1218750 0.1343750
7 0.4385417 0.2550781 0.1000000 0.1085938
6 0.7015625 0.6121094 0.1270833 0.1242188
11 0.2526042 0.2546875 0.1093750 0.1140625
9 0.2989583 0.4171875 0.0802083 0.1203125
9 0.4109375 0.3148437 0.1281250 0.1234375
11 0.2627604 0.1550781 0.1088542 0.1773437
10 0.3057292 0.7039062 0.1187500 0.1296875
6 0.7023438 0.4015625 0.1192708 0.1171875
8 0.4963542 0.3695312 0.0947917 0.1250000
8 0.4942708 0.4875000 0.0750000 0.1640625
7 0.5750000 0.6792969 0.1031250 0.1085938
6 0.6000000 0.5535156 0.1093750 0.1523438
