3 0.3859375 0.3496094 0.0750000 0.0398437
0 0.3492188 0.2890625 0.0369792 0.1250000
1 0.6330729 0.9453125 0.0348958 0.1078125
4 0.4533854 0.0113281 0.0328125 0.0226562
2 0.5013021 0.2769531 0.0432292 0.0539063
4 0.3940104 0.7390625 0.0651042 0.0781250
2 0.5567708 0.2828125 0.0364583 0.0656250
1 0.5583333 0.4324219 0.0812500 0.0539063
4 0.3591146 0.6847656 0.0411458 0.1195313
3 0.5760417 0.6773438 0.0843750 0.0718750
1 0.5835938 0.4480469 0.0786458 0.0554687
4 0.4815104 0.9714844 0.0505208 0.0554687
5 0.5567708 0.2316406 0.0427083 0.1085938
3 0.6265625 0.6800781 0.0750000 0.0554687
1 0.5333333 0.4171875 0.0854167 0.0765625
5 0.5664062 0.8164062 0.0546875 0.0890625
2 0.5755208 0.5683594 0.0802083 0.0679687
5 0.7315104 0.3882813 0.0807292 0.0531250
3 0.6846354 0.7312500 0.0744792 0.0578125
3 0.4807292 0.4140625 0.0583333 0.0906250
2 0.6716146 0.5898438 0.0630208 0.0578125
1 0.6729167 0.4535156 0.0625000 0.0820312
0 0.6864583 0.2992187 0.0416667 0.0640625
2 0.3658854 0.5527344 0.0442708 0.0648438
5 0.4026042 0.1839844 0.0364583 0.0976562
1 0.5914063 0.8351563 0.0432292 0.1187500
4 0.4489583 0.5886719 0.0687500 0.0664062
0 0.6997396 0.2441406 0.0598958 0.1070312
2 0.6911458 0.6089844 0.0739583 0.0617188
3 0.3471354 0.3585937 0.0411458 0.0531250
0 0.7325521 0.4738281 0.0838542 0.0632812
4 0.3427083 0.8851562 0.0729167 0.0562500
1 0.5924479 0.2675781 0.0609375 0.0882813
1 0.5039062 0.6597656 0.0630208 0.0460938
0 0.4971354 0.6617188 0.0567708 0.1109375
3 0.6539063 0.2242187 0.0369792 0.1062500
5 0.5239583 0.2332031 0.0333333 0.1023437
0 0.6861979 0.5878906 0.0546875 0.0710937
2 0.4028646 0.6550781 0.0661458 0.0742188
1 0.3963542 0.3109375 0.0458333 0.0562500
4 0.7760417 0.6718750 0.0697917 0.0531250
3 0.4520833 0.2628906 0.0531250 0.0695313
4 0.6674479 0.2726562 0.0411458 0.1234375
0 0.5161458 0.6136719 0.0322917 0.1117188
1 0.5773438 0.5597656 0.0776042 0.0617188
2 0.2942708 0.3003906 0.0395833 0.1164063
1 0.6986979 0.8421875 0.0713542 0.0531250
5 0.3276042 0.3945312 0.0364583 0.1187500
0 0.4315104 0.7746094 0.0421875 0.0835937
0 0.3414063 0.5660156 0.0651042 0.0804688
2 0.6979167 0.2738281 0.0510417 0.0960938
1 0.5364583 0.3500000 0.0541667 0.0906250
3 0.5598958 0.5753906 0.0781250 0.0554687
2 0.6361979 0.2359375 0.0817708 0.0531250
2 0.7401042 0.2085937 0.0458333 0.0781250
0 0.4768229 0.1289062 0.0484375 0.1109375
0 0.5653646 0.2457031 0.0546875 0.0648438
3 0.5315104 0.5761719 0.0494792 0.1132812
4 0.3713542 0.3300781 0.0312500 0.1132812
1 0.6177083 0.2203125 0.0385417 0.0500000
5 0.2835937 0.6761719 0.0765625 0.0523438
0 0.3916667 0.4246094 0.0739583 0.0742188
3 0.5286458 0.8007812 0.0729167 0.0578125
5 0.5875000 0.5632812 0.0291667 0.0546875
4 0.3885417 0.0972656 0.0427083 0.1164063
4 0.3182292 0.2371094 0.0718750 0.0585938
3 0.5986979 0.5199219 0.0765625 0.0523438
4 0.5687500 0.7761719 0.0541667 0.0695313
3 0.5510417 0.5152344 0.0791667 0.0554687
1 0.3747396 0.2359375 0.0744792 0.0437500
5 0.4997396 0.3621094 0.0765625 0.0539063
2 0.3942708 0.5964844 0.0666667 0.0554687
0 0.3546875 0.6839844 0.0583333 0.0554687
5 0.5385417 0.3656250 0.0593750 0.0593750
0 0.3354167 0.6777344 0.0572917 0.0585938
11 0.4986979 0.5347656 0.0755208 0.0757812
9 0.4239583 0.7359375 0.0729167 0.0718750
10 0.4666667 0.2441406 0.0729167 0.1070312
9 0.6565104 0.1695312 0.0515625 0.1218750
6 0.6083333 0.4800781 0.0583333 0.1148437
9 0.5250000 0.9000000 0.0677083 0.0937500
6 0.6570312 0.7128906 0.0734375 0.0867187
9 0.6489583 0.4457031 0.0645833 0.0664062
9 0.5070313 0.3589844 0.0786458 0.0820312
7 0.3437500 0.2992187 0.0468750 0.0921875
6 0.6187500 0.6027344 0.0760417 0.0992187
9 0.3604167 0.0828125 0.0593750 0.1062500
9 0.6651042 0.3574219 0.0500000 0.1007813
6 0.6695313 0.4015625 0.0463542 0.0703125
7 0.2057292 0.6277344 0.0760417 0.0742188
6 0.3757813 0.2656250 0.0640625 0.1156250
9 0.7653646 0.3117187 0.0682292 0.1109375
