1 0.5166667 0.7859375 0.0281250 0.0203125
4 0.5244792 0.5804687 0.0229167 0.0359375
1 0.4226563 0.6136719 0.0213542 0.0414062
4 0.4817708 0.3179688 0.0291667 0.0187500
2 0.5611979 0.7789063 0.0286458 0.0203125
3 0.6789063 0.4542969 0.0276042 0.0179687
9 0.3346354 0.4371094 0.0171875 0.0351562
6 0.7507812 0.3359375 0.0203125 0.0406250
7 0.7127604 0.5660156 0.0265625 0.0367188
7 0.6046875 0.3445313 0.0260417 0.0406250
9 0.4171875 0.3000000 0.0177083 0.0406250
8 0.6031250 0.7265625 0.0281250 0.0359375
7 0.3195312 0.3121094 0.0213542 0.0398437
10 0.6601562 0.1941406 0.0286458 0.0273438
6 0.4255208 0.8753906 0.0208333 0.0320312
