3 0.3927083 0.5441406 0.0354167 0.0273438
5 0.7328125 0.6253906 0.0291667 0.0289063
1 0.5044271 0.8484375 0.0213542 0.0421875
2 0.5054688 0.2593750 0.0223958 0.0375000
4 0.3906250 0.1792969 0.0156250 0.0429688
2 0.5505208 0.2835937 0.0166667 0.0468750
0 0.6539063 0.3800781 0.0223958 0.0335937
3 0.4023438 0.2300781 0.0151042 0.0335937
4 0.5773438 0.5652344 0.0244792 0.0289063
0 0.7151042 0.7570313 0.0302083 0.0203125
1 0.5820312 0.6757812 0.0286458 0.0421875
3 0.4794271 0.4941406 0.0338542 0.0382813
1 0.5963542 0.8390625 0.0187500 0.0234375
0 0.7312500 0.4281250 0.0364583 0.0265625
4 0.5484375 0.6871094 0.0291667 0.0273438
5 0.4388021 0.5214844 0.0286458 0.0335937
5 0.6294271 0.2445313 0.0161458 0.0468750
1 0.2976563 0.5691406 0.0234375 0.0398437
0 0.7583333 0.5109375 0.0312500 0.0406250
4 0.6932292 0.5058594 0.0333333 0.0304687
5 0.3773437 0.7000000 0.0255208 0.0359375
5 0.5442708 0.7136719 0.0177083 0.0257812
0 0.5932292 0.1843750 0.0187500 0.0562500
3 0.7239583 0.4765625 0.0322917 0.0296875
4 0.4640625 0.1636719 0.0239583 0.0414062
3 0.4716146 0.3082031 0.0223958 0.0320312
0 0.4179688 0.4910156 0.0192708 0.0257812
0 0.6083333 0.5894531 0.0312500 0.0398437
5 0.6242188 0.2500000 0.0255208 0.0328125
0 0.7145833 0.6933594 0.0322917 0.0226562
2 0.6333333 0.7660156 0.0354167 0.0273438
4 0.3513021 0.7160156 0.0171875 0.0398437
4 0.7710938 0.3660156 0.0328125 0.0273438
4 0.6598958 0.3953125 0.0354167 0.0187500
5 0.5151042 0.5386719 0.0322917 0.0226562
3 0.5382813 0.2839844 0.0265625 0.0257812
1 0.5000000 0.4800781 0.0156250 0.0273438
5 0.5226563 0.4906250 0.0276042 0.0281250
9 0.4768229 0.6628906 0.0296875 0.0367188
9 0.3065104 0.6800781 0.0192708 0.0460938
6 0.5307292 0.5675781 0.0260417 0.0289063
8 0.4828125 0.3800781 0.0302083 0.0335937
7 0.7539062 0.6242188 0.0307292 0.0328125
8 0.3981771 0.3042969 0.0317708 0.0335937
9 0.7125000 0.6511719 0.0281250 0.0367188
8 0.5666667 0.2527344 0.0208333 0.0460938
9 0.3317708 0.5792969 0.0312500 0.0382813
10 0.3369792 0.4351563 0.0208333 0.0421875
8 0.3294271 0.4410156 0.0296875 0.0289063
6 0.4541667 0.5910156 0.0270833 0.0367188
7 0.4700521 0.6371094 0.0265625 0.0523438
11 0.4614583 0.2328125 0.0281250 0.0468750
9 0.6718750 0.3578125 0.0312500 0.0312500
8 0.6169271 0.6570312 0.0255208 0.0562500
