5 0.4341146 0.4476562 0.0119792 0.0171875
1 0.3322917 0.2867188 0.0177083 0.0328125
1 0.5536458 0.6019531 0.0239583 0.0195312
4 0.7072917 0.3652344 0.0218750 0.0148437
0 0.5572917 0.4281250 0.0218750 0.0187500
2 0.5046875 0.1656250 0.0177083 0.0250000
4 0.3752604 0.3976562 0.0265625 0.0203125
5 0.2937500 0.5039062 0.0177083 0.0281250
5 0.3070312 0.4429688 0.0203125 0.0187500
3 0.4601562 0.6679688 0.0213542 0.0250000
2 0.6539063 0.4777344 0.0130208 0.0335937
4 0.5726562 0.5773438 0.0161458 0.0265625
4 0.5973958 0.2148438 0.0156250 0.0312500
3 0.5088542 0.5835938 0.0135417 0.0281250
2 0.2828125 0.8058594 0.0260417 0.0195312
5 0.5854167 0.5332031 0.0218750 0.0210938
3 0.2580729 0.7160156 0.0119792 0.0351562
2 0.6286458 0.4140625 0.0187500 0.0328125
2 0.4981771 0.6582031 0.0244792 0.0226562
0 0.4585938 0.4964844 0.0182292 0.0257812
1 0.6986979 0.5878906 0.0161458 0.0242188
3 0.5671875 0.5769531 0.0229167 0.0210938
4 0.3911458 0.6386719 0.0145833 0.0367188
1 0.4716146 0.3250000 0.0223958 0.0171875
0 0.5786458 0.6109375 0.0229167 0.0218750
3 0.6736979 0.3281250 0.0234375 0.0156250
3 0.4825521 0.2332031 0.0182292 0.0210938
1 0.4531250 0.5277344 0.0145833 0.0320312
2 0.3359375 0.7265625 0.0250000 0.0187500
3 0.3361979 0.5316406 0.0223958 0.0164063
3 0.5445313 0.3863281 0.0171875 0.0273438
3 0.5539063 0.2324219 0.0161458 0.0273438
2 0.5197917 0.3359375 0.0104167 0.0218750
2 0.4515625 0.1062500 0.0187500 0.0250000
3 0.5429688 0.4714844 0.0140625 0.0164063
0 0.6242188 0.8425781 0.0161458 0.0351562
0 0.6104167 0.4882812 0.0218750 0.0296875
0 0.5710937 0.4726562 0.0161458 0.0343750
9 0.6786458 0.5226563 0.0218750 0.0218750
11 0.4820313 0.1542969 0.0140625 0.0210938
8 0.6325521 0.4117188 0.0171875 0.0375000
7 0.6096354 0.1542969 0.0234375 0.0273438
7 0.6684896 0.3468750 0.0234375 0.0218750
8 0.4796875 0.7175781 0.0250000 0.0242188
11 0.2807292 0.6242188 0.0145833 0.0328125
9 0.5473958 0.6273437 0.0177083 0.0218750
6 0.3763021 0.4015625 0.0213542 0.0218750
9 0.6588542 0.6265625 0.0145833 0.0234375
9 0.6239583 0.4531250 0.0218750 0.0359375
9 0.6367188 0.4226563 0.0244792 0.0234375
