3 0.7125000 0.2160156 0.0281250 0.0226562
1 0.3239583 0.7816406 0.0218750 0.0179687
4 0.3937500 0.7332031 0.0156250 0.0289063
0 0.7252604 0.4417969 0.0213542 0.0335937
3 0.5182292 0.2519531 0.0270833 0.0195312
0 0.3388021 0.2855469 0.0265625 0.0195312
1 0.4598958 0.1902344 0.0187500 0.0210938
3 0.4471354 0.2839844 0.0171875 0.0382813
0 0.5968750 0.2121094 0.0302083 0.0242188
0 0.5393229 0.3898437 0.0255208 0.0281250
5 0.3661458 0.8222656 0.0156250 0.0195312
3 0.6278646 0.7144531 0.0130208 0.0445313
1 0.7015625 0.1339844 0.0260417 0.0242188
0 0.7565104 0.6687500 0.0265625 0.0312500
0 0.5083333 0.6480469 0.0218750 0.0273438
5 0.3502604 0.5078125 0.0265625 0.0171875
5 0.5755208 0.7230469 0.0145833 0.0210938
0 0.7010417 0.3414063 0.0218750 0.0343750
2 0.5643229 0.5234375 0.0244792 0.0203125
3 0.4278646 0.5988281 0.0130208 0.0210938
0 0.5208333 0.5347656 0.0177083 0.0210938
4 0.5031250 0.8078125 0.0177083 0.0296875
5 0.2825521 0.6281250 0.0203125 0.0406250
0 0.5153646 0.6144531 0.0244792 0.0273438
3 0.6526042 0.4367187 0.0312500 0.0281250
3 0.6203125 0.6015625 0.0187500 0.0250000
3 0.6416667 0.3742187 0.0239583 0.0265625
0 0.3671875 0.4671875 0.0114583 0.0203125
1 0.5559896 0.5222656 0.0234375 0.0304687
1 0.2419271 0.2765625 0.0265625 0.0203125
3 0.5148438 0.6429687 0.0151042 0.0265625
5 0.6750000 0.4539063 0.0291667 0.0187500
3 0.5903646 0.5531250 0.0171875 0.0328125
0 0.4559896 0.2855469 0.0171875 0.0257812
5 0.3505208 0.5632812 0.0197917 0.0234375
2 0.4598958 0.1625000 0.0208333 0.0234375
1 0.5281250 0.6546875 0.0208333 0.0218750
8 0.5031250 0.6769531 0.0208333 0.0289063
11 0.3919271 0.6695313 0.0192708 0.0406250
11 0.5854167 0.8136719 0.0218750 0.0382813
8 0.5776042 0.6640625 0.0260417 0.0296875
8 0.7638021 0.2042969 0.0255208 0.0257812
11 0.6359375 0.7609375 0.0250000 0.0250000
9 0.6877604 0.4800781 0.0244792 0.0257812
6 0.5510417 0.2406250 0.0281250 0.0312500
