1 0.4640625 0.6390625 0.0375000 0.0328125
0 0.4994792 0.4050781 0.0395833 0.0304687
5 0.4609375 0.2675781 0.0312500 0.0554687
2 0.5000000 0.8121094 0.0250000 0.0335937
5 0.7518229 0.7355469 0.0453125 0.0320312
4 0.3427083 0.5378906 0.0302083 0.0617188
4 0.6036458 0.3800781 0.0406250 0.0242188
3 0.7239583 0.7929688 0.0270833 0.0281250
2 0.4036458 0.3832031 0.0156250 0.0335937
5 0.5864583 0.2023437 0.0218750 0.0390625
2 0.4841146 0.6593750 0.0359375 0.0296875
3 0.7296875 0.4808594 0.0281250 0.0601563
5 0.2567708 0.7382812 0.0260417 0.0515625
3 0.6026042 0.5804687 0.0395833 0.0312500
4 0.4906250 0.8179688 0.0218750 0.0656250
3 0.1963542 0.4425781 0.0416667 0.0273438
5 0.7007813 0.6679688 0.0307292 0.0484375
5 0.4625000 0.3105469 0.0218750 0.0648438
4 0.4544271 0.3261719 0.0286458 0.0664062
2 0.6651042 0.2863281 0.0416667 0.0273438
2 0.5729167 0.8328125 0.0437500 0.0343750
5 0.6312500 0.2375000 0.0406250 0.0375000
0 0.5190104 0.7328125 0.0359375 0.0312500
3 0.5572917 0.3968750 0.0270833 0.0312500
2 0.6140625 0.8433594 0.0364583 0.0257812
1 0.7184896 0.5109375 0.0286458 0.0375000
0 0.7065104 0.3367188 0.0380208 0.0328125
5 0.5929688 0.8085938 0.0390625 0.0218750
1 0.5960937 0.2421875 0.0421875 0.0312500
4 0.5309896 0.1632812 0.0421875 0.0281250
0 0.3059896 0.6062500 0.0171875 0.0218750
3 0.6539063 0.4757812 0.0265625 0.0312500
3 0.6854167 0.5996094 0.0437500 0.0289063
2 0.5729167 0.4699219 0.0239583 0.0585938
0 0.3411458 0.4320312 0.0208333 0.0546875
5 0.4281250 0.2328125 0.0322917 0.0640625
2 0.6421875 0.4312500 0.0395833 0.0437500
0 0.6304688 0.1941406 0.0234375 0.0367188
1 0.5432292 0.1632812 0.0312500 0.0390625
3 0.4942708 0.7523437 0.0385417 0.0343750
5 0.7588542 0.3015625 0.0354167 0.0515625
2 0.4205729 0.2468750 0.0359375 0.0343750
2 0.6567708 0.7000000 0.0312500 0.0500000
1 0.2927083 0.2589844 0.0250000 0.0601563
4 0.7205729 0.6187500 0.0473958 0.0375000
3 0.4677083 0.5273438 0.0354167 0.0437500
4 0.6403646 0.4515625 0.0317708 0.0343750
7 0.4875000 0.3156250 0.0229167 0.0390625
8 0.4794271 0.5187500 0.0286458 0.0625000
7 0.4510417 0.5843750 0.0416667 0.0531250
6 0.6015625 0.8582031 0.0281250 0.0601563
11 0.6302083 0.2550781 0.0333333 0.0648438
8 0.5036458 0.6191406 0.0375000 0.0367188
10 0.3687500 0.3328125 0.0333333 0.0484375
11 0.4656250 0.9328125 0.0312500 0.0546875
10 0.5460938 0.1210938 0.0390625 0.0625000
10 0.3330729 0.4023438 0.0401042 0.0390625
9 0.5846354 0.4789062 0.0390625 0.0484375
7 0.4270833 0.3386719 0.0333333 0.0367188
7 0.3937500 0.7554688 0.0322917 0.0406250
