2 0.3369792 0.5261719 0.0291667 0.0210938
3 0.4161458 0.4632812 0.0156250 0.0312500
5 0.3434896 0.5753906 0.0255208 0.0164063
4 0.5320312 0.1847656 0.0171875 0.0179687
5 0.6898437 0.5675781 0.0276042 0.0195312
3 0.7494792 0.3121094 0.0135417 0.0382813
0 0.6320313 0.7121094 0.0213542 0.0210938
1 0.4278646 0.5207031 0.0161458 0.0195312
3 0.4716146 0.2742188 0.0140625 0.0406250
0 0.6195312 0.3941406 0.0140625 0.0226562
1 0.5809896 0.4066406 0.0151042 0.0242188
5 0.5229167 0.1964844 0.0125000 0.0382813
0 0.6625000 0.3695312 0.0208333 0.0328125
5 0.3867188 0.4535156 0.0171875 0.0242188
2 0.4273438 0.4949219 0.0109375 0.0210938
4 0.5020833 0.1886719 0.0166667 0.0351562
2 0.5278646 0.5523438 0.0255208 0.0171875
5 0.5723958 0.8769531 0.0135417 0.0304687
5 0.6864583 0.5007812 0.0229167 0.0265625
4 0.5960937 0.6023437 0.0130208 0.0296875
2 0.4013021 0.2410156 0.0203125 0.0195312
3 0.5856771 0.2125000 0.0119792 0.0406250
6 0.5250000 0.8085938 0.0166667 0.0375000
10 0.3687500 0.4488281 0.0260417 0.0257812
7 0.4296875 0.6003906 0.0145833 0.0335937
8 0.3929687 0.7308594 0.0171875 0.0320312
11 0.4614583 0.5914063 0.0208333 0.0359375
8 0.6846354 0.6464844 0.0265625 0.0257812
8 0.7007813 0.5644531 0.0276042 0.0273438
7 0.3882813 0.7355469 0.0244792 0.0335937
7 0.4401042 0.5757813 0.0218750 0.0359375
