2 0.6916667 0.4425781 0.0729167 0.1367188
1 0.5489583 0.5316406 0.0739583 0.1179687
2 0.5757813 0.9027344 0.0671875 0.1195313
0 0.4747396 0.7402344 0.1338542 0.1242188
4 0.6578125 0.3140625 0.1718750 0.2062500
2 0.3291667 0.9000000 0.1322917 0.1765625
1 0.7309896 0.4199219 0.0953125 0.1164063
5 0.5630208 0.8113281 0.1614583 0.1085938
4 0.4903646 0.9574219 0.0869792 0.0835937
1 0.2830729 0.5445313 0.1713542 0.1265625
4 0.3765625 0.1433594 0.1447917 0.1382812
4 0.2546875 0.3890625 0.0895833 0.2078125
2 0.5236979 0.5808594 0.0796875 0.2179687
2 0.5354167 0.0839844 0.1562500 0.1164063
4 0.3632812 0.5589844 0.1505208 0.1367188
0 0.6403646 0.7347656 0.1005208 0.1476562
1 0.4726562 0.4296875 0.1588542 0.1218750
2 0.4906250 0.0785156 0.1010417 0.1570313
1 0.5033854 0.5539063 0.0911458 0.1359375
0 0.7083333 0.8128906 0.0781250 0.2523437
1 0.6666667 0.3449219 0.1770833 0.1382812
2 0.3455729 0.4964844 0.1536458 0.1101562
4 0.5658854 0.7644531 0.1411458 0.1992188
4 0.5213542 0.8074219 0.1052083 0.1226562
5 0.5273438 0.6335937 0.1619792 0.1546875
2 0.4250000 0.2914062 0.1822917 0.1546875
1 0.5252604 0.3390625 0.1723958 0.0937500
3 0.6718750 0.1792969 0.1625000 0.1476562
1 0.7611979 0.7304688 0.0744792 0.2375000
4 0.3872396 0.3789062 0.1463542 0.1078125
0 0.2997396 0.6503906 0.0953125 0.2179687
0 0.6640625 0.4359375 0.1760417 0.1234375
5 0.3388021 0.2964844 0.0765625 0.1195313
1 0.6200521 0.9347656 0.1859375 0.1289062
4 0.6825521 0.6207031 0.1703125 0.1195313
2 0.6463542 0.7777344 0.1239583 0.2023437
1 0.4799479 0.9160156 0.1161458 0.1242188
4 0.4625000 0.6039062 0.1645833 0.1421875
4 0.5718750 0.2894531 0.1802083 0.1195313
2 0.6804687 0.3250000 0.0723958 0.2468750
5 0.6880208 0.1027344 0.0812500 0.2054688
1 0.4450521 0.9453125 0.1255208 0.1078125
3 0.5151042 0.3234375 0.0916667 0.2562500
0 0.4757812 0.4500000 0.1348958 0.1937500
4 0.6460938 0.1593750 0.1494792 0.1859375
5 0.6690104 0.3890625 0.1609375 0.1359375
4 0.5013021 0.9304687 0.1078125 0.1312500
1 0.5924479 0.7789063 0.1776042 0.1281250
5 0.3929687 0.3472656 0.1192708 0.1320312
10 0.4117188 0.1476562 0.1526042 0.2484375
10 0.5302083 0.4910156 0.1364583 0.1726563
