4 0.6281250 0.3867188 0.0125000 0.0281250
1 0.6434896 0.5976562 0.0234375 0.0187500
5 0.4546875 0.6093750 0.0145833 0.0328125
4 0.5895833 0.2410156 0.0135417 0.0195312
0 0.5080729 0.8750000 0.0109375 0.0218750
1 0.4744792 0.7078125 0.0125000 0.0218750
0 0.5807292 0.3839844 0.0135417 0.0242188
3 0.5859375 0.5257812 0.0166667 0.0187500
2 0.4059896 0.3671875 0.0192708 0.0203125
1 0.5221354 0.7601562 0.0171875 0.0171875
4 0.7031250 0.1933594 0.0135417 0.0367188
4 0.5572917 0.4425781 0.0239583 0.0164063
1 0.5140625 0.2082031 0.0239583 0.0179687
3 0.5958333 0.1855469 0.0135417 0.0335937
2 0.3843750 0.6382813 0.0114583 0.0328125
1 0.6401042 0.2273438 0.0197917 0.0187500
2 0.4776042 0.2757812 0.0145833 0.0328125
2 0.6190104 0.7992187 0.0255208 0.0187500
2 0.5283854 0.5742188 0.0244792 0.0203125
2 0.4588542 0.6207031 0.0104167 0.0273438
1 0.5679688 0.6140625 0.0119792 0.0218750
5 0.7054687 0.6847656 0.0182292 0.0242188
4 0.3755208 0.2703125 0.0145833 0.0296875
2 0.3148437 0.6363281 0.0223958 0.0179687
4 0.4078125 0.3308594 0.0218750 0.0148437
5 0.5609375 0.7046875 0.0104167 0.0328125
3 0.5914063 0.2414062 0.0234375 0.0171875
4 0.4674479 0.7011719 0.0109375 0.0351562
5 0.6674479 0.4996094 0.0213542 0.0273438
5 0.5822917 0.5656250 0.0229167 0.0234375
0 0.5437500 0.2675781 0.0156250 0.0226562
1 0.4945312 0.4734375 0.0182292 0.0281250
4 0.3330729 0.6281250 0.0119792 0.0203125
5 0.3127604 0.7234375 0.0151042 0.0328125
0 0.4617188 0.2476562 0.0098958 0.0203125
1 0.6338542 0.6277344 0.0197917 0.0257812
0 0.4161458 0.5871094 0.0104167 0.0304687
0 0.6304688 0.2250000 0.0161458 0.0171875
0 0.5427083 0.6371094 0.0166667 0.0289063
3 0.6406250 0.3156250 0.0104167 0.0187500
0 0.4723958 0.0519531 0.0177083 0.0351562
3 0.6768229 0.2589844 0.0203125 0.0164063
4 0.6966146 0.5246094 0.0223958 0.0164063
3 0.3541667 0.4589844 0.0135417 0.0398437
3 0.2687500 0.3710938 0.0250000 0.0250000
2 0.7661458 0.5628906 0.0177083 0.0304687
2 0.6648437 0.4980469 0.0234375 0.0179687
10 0.4768229 0.3515625 0.0223958 0.0281250
9 0.3726563 0.3398438 0.0203125 0.0296875
9 0.3343750 0.5316406 0.0187500 0.0273438
8 0.5385417 0.5132813 0.0229167 0.0265625
11 0.6031250 0.2160156 0.0239583 0.0226562
6 0.4916667 0.7640625 0.0166667 0.0296875
7 0.5653646 0.1238281 0.0213542 0.0289063
7 0.4765625 0.3093750 0.0145833 0.0312500
10 0.3625000 0.3132813 0.0135417 0.0250000
6 0.4302083 0.7289062 0.0197917 0.0328125
9 0.3031250 0.6355469 0.0156250 0.0289063
11 0.2640625 0.2839844 0.0156250 0.0320312
6 0.4057292 0.5679688 0.0229167 0.0328125
10 0.6880208 0.5421875 0.0208333 0.0250000
11 0.4125000 0.6015625 0.0208333 0.0250000
7 0.2372396 0.3097656 0.0213542 0.0226562
10 0.7846354 0.5089844 0.0203125 0.0273438
