1 0.6312500 0.3519531 0.0166667 0.0429688
0 0.5721354 0.3328125 0.0286458 0.0234375
2 0.5453125 0.4187500 0.0166667 0.0265625
0 0.7192708 0.3578125 0.0145833 0.0203125
1 0.4864583 0.2574219 0.0239583 0.0132812
1 0.6429687 0.6585937 0.0265625 0.0250000
3 0.5153646 0.1816406 0.0171875 0.0382813
4 0.3268229 0.3152344 0.0192708 0.0367188
5 0.4156250 0.4210937 0.0156250 0.0296875
0 0.6669271 0.2683594 0.0140625 0.0148437
3 0.5708333 0.1800781 0.0177083 0.0179687
1 0.7197917 0.3851562 0.0197917 0.0265625
11 0.6000000 0.2167969 0.0177083 0.0382813
10 0.6541667 0.2417969 0.0218750 0.0289063
11 0.5315104 0.4937500 0.0265625 0.0265625
8 0.6018229 0.3421875 0.0171875 0.0375000
6 0.6807292 0.5144531 0.0229167 0.0226562
11 0.5893229 0.5960937 0.0244792 0.0250000
8 0.3481771 0.7289062 0.0255208 0.0265625
8 0.6174479 0.2316406 0.0223958 0.0398437
11 0.6263021 0.3113281 0.0234375 0.0367188
11 0.7484375 0.4160156 0.0239583 0.0273438
10 0.3822917 0.1453125 0.0229167 0.0234375
6 0.6203125 0.6574219 0.0270833 0.0351562
10 0.5614583 0.2109375 0.0156250 0.0343750
