1 0.6809896 0.6386719 0.0390625 0.0257812
3 0.6580729 0.8820313 0.0411458 0.0343750
5 0.4411458 0.5371094 0.0250000 0.0335937
5 0.4997396 0.6582031 0.0203125 0.0304687
0 0.2966146 0.4140625 0.0255208 0.0296875
2 0.3877604 0.4734375 0.0317708 0.0312500
5 0.2450521 0.7250000 0.0401042 0.0296875
5 0.3677083 0.5554687 0.0260417 0.0562500
0 0.6786458 0.6039062 0.0395833 0.0281250
1 0.4877604 0.3222656 0.0359375 0.0320312
3 0.5455729 0.2457031 0.0348958 0.0304687
1 0.4726562 0.5394531 0.0213542 0.0273438
4 0.6781250 0.6652344 0.0364583 0.0289063
5 0.2484375 0.6054688 0.0250000 0.0593750
1 0.6479167 0.5015625 0.0427083 0.0281250
4 0.5453125 0.7820312 0.0187500 0.0546875
5 0.3375000 0.5371094 0.0208333 0.0242188
2 0.5502604 0.5683594 0.0328125 0.0476562
4 0.6794271 0.4906250 0.0213542 0.0421875
0 0.5614583 0.2261719 0.0406250 0.0367188
1 0.4888021 0.2492187 0.0255208 0.0656250
3 0.6005208 0.1503906 0.0239583 0.0617188
0 0.2197917 0.3019531 0.0250000 0.0570312
3 0.5270833 0.6917969 0.0208333 0.0554687
0 0.6166667 0.5503906 0.0354167 0.0304687
0 0.6075521 0.5660156 0.0328125 0.0492187
2 0.3229167 0.2457031 0.0375000 0.0304687
3 0.4486979 0.2402344 0.0296875 0.0539063
0 0.5486979 0.7480469 0.0380208 0.0460938
2 0.5932292 0.1753906 0.0322917 0.0382813
3 0.3872396 0.2832031 0.0265625 0.0429688
3 0.5929688 0.4265625 0.0203125 0.0562500
4 0.5492187 0.4441406 0.0296875 0.0382813
1 0.4460938 0.2570312 0.0338542 0.0390625
3 0.6369792 0.8039063 0.0375000 0.0265625
1 0.5427083 0.2996094 0.0343750 0.0414062
1 0.5354167 0.7832031 0.0354167 0.0414062
4 0.6005208 0.2937500 0.0416667 0.0265625
2 0.3125000 0.4562500 0.0291667 0.0437500
1 0.5260417 0.8023438 0.0260417 0.0281250
5 0.7203125 0.4253906 0.0197917 0.0476562
1 0.2872396 0.5781250 0.0380208 0.0390625
0 0.4104167 0.6843750 0.0218750 0.0593750
3 0.4044271 0.7375000 0.0296875 0.0296875
3 0.3562500 0.2042969 0.0343750 0.0335937
2 0.4075521 0.5308594 0.0255208 0.0226562
1 0.4500000 0.2621094 0.0395833 0.0273438
4 0.6041667 0.6917969 0.0208333 0.0585938
3 0.6898437 0.4183594 0.0338542 0.0351562
0 0.5247396 0.9031250 0.0296875 0.0375000
1 0.6851563 0.4101562 0.0244792 0.0531250
4 0.6679688 0.5230469 0.0286458 0.0523438
1 0.3312500 0.9550781 0.0395833 0.0273438
2 0.3596354 0.6375000 0.0359375 0.0296875
1 0.3166667 0.8460937 0.0208333 0.0609375
2 0.3182292 0.4050781 0.0166667 0.0492187
0 0.5085937 0.6339844 0.0265625 0.0539063
4 0.5065104 0.3781250 0.0359375 0.0250000
1 0.6078125 0.7464844 0.0364583 0.0273438
3 0.7807292 0.4855469 0.0208333 0.0507812
0 0.3651042 0.3414063 0.0385417 0.0281250
2 0.6539063 0.3066406 0.0338542 0.0320312
2 0.3645833 0.5765625 0.0364583 0.0296875
2 0.4104167 0.3171875 0.0437500 0.0312500
1 0.3752604 0.8265625 0.0401042 0.0312500
3 0.3924479 0.8410156 0.0244792 0.0648438
2 0.5677083 0.7054687 0.0229167 0.0484375
1 0.6372396 0.5464844 0.0296875 0.0304687
5 0.5192708 0.4546875 0.0250000 0.0265625
4 0.6552083 0.4917969 0.0229167 0.0523438
1 0.4781250 0.4601562 0.0229167 0.0343750
2 0.4460938 0.3769531 0.0348958 0.0304687
1 0.4223958 0.6199219 0.0187500 0.0242188
0 0.6723958 0.5679688 0.0187500 0.0250000
0 0.4953125 0.1777344 0.0312500 0.0304687
4 0.6046875 0.8296875 0.0187500 0.0281250
8 0.4945312 0.3664062 0.0265625 0.0531250
6 0.4994792 0.5621094 0.0333333 0.0539063
9 0.6442708 0.7847656 0.0333333 0.0414062
10 0.6893229 0.2328125 0.0296875 0.0546875
6 0.4921875 0.3914063 0.0395833 0.0515625
8 0.6153646 0.5589844 0.0348958 0.0351562
11 0.2544271 0.7796875 0.0338542 0.0500000
8 0.7117187 0.3054688 0.0401042 0.0437500
6 0.3695312 0.1574219 0.0348958 0.0554687
6 0.3450521 0.3308594 0.0369792 0.0429688
6 0.6890625 0.4351563 0.0385417 0.0375000
