0 0.6401042 0.1289062 0.0322917 0.0343750
3 0.3473958 0.3500000 0.0156250 0.0234375
4 0.4361979 0.2269531 0.0192708 0.0398437
3 0.5221354 0.5613281 0.0348958 0.0273438
4 0.5656250 0.0503906 0.0250000 0.0414062
0 0.6080729 0.3617187 0.0390625 0.0234375
3 0.7382812 0.6582031 0.0338542 0.0242188
2 0.3216146 0.8019531 0.0338542 0.0226562
3 0.6684896 0.1222656 0.0348958 0.0304687
0 0.7617188 0.7066406 0.0328125 0.0304687
5 0.2492187 0.6640625 0.0296875 0.0296875
1 0.4768229 0.5566406 0.0213542 0.0460938
5 0.4622396 0.1460937 0.0338542 0.0281250
1 0.6544271 0.3500000 0.0307292 0.0328125
3 0.5104167 0.4371094 0.0218750 0.0492187
0 0.5486979 0.6488281 0.0328125 0.0257812
1 0.5156250 0.5218750 0.0333333 0.0234375
3 0.5023437 0.8816406 0.0348958 0.0289063
4 0.4723958 0.5484375 0.0208333 0.0296875
1 0.6526042 0.3347656 0.0333333 0.0289063
0 0.5007812 0.4968750 0.0307292 0.0265625
3 0.6127604 0.3941406 0.0348958 0.0242188
1 0.5283854 0.5222656 0.0234375 0.0242188
5 0.2158854 0.3406250 0.0328125 0.0296875
1 0.6739583 0.7535156 0.0322917 0.0179687
2 0.6380208 0.3722656 0.0239583 0.0351562
1 0.4549479 0.0871094 0.0192708 0.0382813
0 0.6533854 0.6925781 0.0359375 0.0242188
5 0.3523438 0.2835937 0.0223958 0.0437500
3 0.5776042 0.5253906 0.0291667 0.0257812
5 0.6466146 0.7343750 0.0203125 0.0500000
0 0.4437500 0.4441406 0.0291667 0.0273438
1 0.5054688 0.2992187 0.0203125 0.0515625
4 0.5153646 0.4328125 0.0276042 0.0375000
4 0.4721354 0.9234375 0.0203125 0.0296875
5 0.3059896 0.6628906 0.0338542 0.0320312
6 0.6979167 0.1691406 0.0218750 0.0507812
11 0.6890625 0.2437500 0.0260417 0.0500000
7 0.4791667 0.3796875 0.0270833 0.0343750
11 0.4817708 0.4542969 0.0218750 0.0367188
7 0.6638021 0.3191406 0.0317708 0.0476562
6 0.5937500 0.7703125 0.0322917 0.0312500
11 0.4773438 0.3855469 0.0265625 0.0382813
7 0.6971354 0.5593750 0.0317708 0.0390625
