5 0.3859375 0.5957031 0.0364583 0.0273438
5 0.4958333 0.7753906 0.0260417 0.0492187
1 0.5921875 0.4949219 0.0302083 0.0242188
1 0.6638021 0.3035156 0.0442708 0.0304687
2 0.7164063 0.5554687 0.0380208 0.0484375
4 0.3755208 0.4539063 0.0281250 0.0421875
4 0.5562500 0.4078125 0.0416667 0.0296875
0 0.4614583 0.2285156 0.0270833 0.0492187
1 0.4674479 0.4890625 0.0328125 0.0281250
3 0.3471354 0.6652344 0.0380208 0.0351562
3 0.6109375 0.6480469 0.0229167 0.0492187
3 0.5591146 0.7375000 0.0296875 0.0359375
5 0.6791667 0.6500000 0.0197917 0.0312500
4 0.4333333 0.8449219 0.0364583 0.0460938
2 0.5216146 0.2453125 0.0255208 0.0609375
3 0.3802083 0.2117188 0.0322917 0.0406250
5 0.4252604 0.8292969 0.0234375 0.0304687
2 0.5700521 0.5718750 0.0380208 0.0218750
5 0.3765625 0.5535156 0.0385417 0.0304687
3 0.3947917 0.1949219 0.0354167 0.0460938
2 0.4653646 0.6328125 0.0359375 0.0546875
4 0.5505208 0.6023437 0.0395833 0.0281250
2 0.6234375 0.6242188 0.0302083 0.0375000
0 0.6473958 0.5480469 0.0406250 0.0289063
1 0.5536458 0.6050781 0.0375000 0.0273438
3 0.5960937 0.2453125 0.0421875 0.0250000
2 0.6213542 0.4136719 0.0322917 0.0570312
5 0.6976562 0.5367188 0.0161458 0.0484375
2 0.4518229 0.8441406 0.0401042 0.0398437
2 0.3914063 0.3156250 0.0265625 0.0437500
3 0.5822917 0.2320312 0.0218750 0.0578125
2 0.8562500 0.6058594 0.0343750 0.0335937
4 0.3664062 0.7457031 0.0380208 0.0289063
3 0.5955729 0.4953125 0.0276042 0.0406250
3 0.6989583 0.1777344 0.0385417 0.0351562
5 0.3893229 0.6320313 0.0390625 0.0312500
4 0.3992188 0.4910156 0.0411458 0.0289063
5 0.3815104 0.7363281 0.0432292 0.0257812
4 0.7070312 0.5132813 0.0369792 0.0265625
2 0.6671875 0.5382813 0.0177083 0.0578125
2 0.7533854 0.4082031 0.0234375 0.0585938
0 0.4809896 0.5816406 0.0255208 0.0320312
0 0.7130208 0.5964844 0.0385417 0.0460938
5 0.4869792 0.3390625 0.0239583 0.0421875
0 0.3244792 0.4535156 0.0187500 0.0320312
0 0.6208333 0.3781250 0.0427083 0.0281250
1 0.7114583 0.4464844 0.0281250 0.0382813
2 0.2929688 0.3093750 0.0432292 0.0312500
3 0.3604167 0.3242188 0.0395833 0.0296875
1 0.6244792 0.5117188 0.0197917 0.0296875
4 0.6492187 0.4566406 0.0328125 0.0382813
1 0.3049479 0.3828125 0.0296875 0.0328125
1 0.3851562 0.5527344 0.0182292 0.0617188
3 0.2861979 0.1777344 0.0192708 0.0460938
0 0.4015625 0.2726562 0.0312500 0.0671875
1 0.5085937 0.2828125 0.0213542 0.0562500
0 0.4781250 0.5281250 0.0406250 0.0359375
5 0.5682292 0.2015625 0.0281250 0.0609375
4 0.3210938 0.3414063 0.0255208 0.0484375
4 0.4619792 0.5199219 0.0322917 0.0382813
5 0.3950521 0.2402344 0.0401042 0.0273438
4 0.5184896 0.3953125 0.0401042 0.0281250
1 0.5705729 0.6792969 0.0421875 0.0289063
4 0.5276042 0.5433594 0.0260417 0.0367188
5 0.3619792 0.5273438 0.0343750 0.0546875
2 0.6473958 0.6792969 0.0197917 0.0617188
5 0.3513021 0.7304688 0.0265625 0.0421875
3 0.4656250 0.7343750 0.0354167 0.0312500
2 0.6846354 0.2441406 0.0401042 0.0398437
1 0.3312500 0.3113281 0.0250000 0.0273438
3 0.5843750 0.8421875 0.0322917 0.0234375
3 0.4236979 0.6531250 0.0286458 0.0421875
4 0.5427083 0.5593750 0.0343750 0.0375000
5 0.4880208 0.2781250 0.0177083 0.0578125
5 0.3958333 0.4789062 0.0395833 0.0265625
0 0.6057292 0.2933594 0.0437500 0.0289063
5 0.4877604 0.4261719 0.0265625 0.0304687
7 0.3013021 0.4238281 0.0369792 0.0351562
6 0.5604167 0.9843750 0.0229167 0.0296875
6 0.3502604 0.6593750 0.0317708 0.0359375
11 0.6786458 0.4746094 0.0343750 0.0382813
6 0.7648438 0.6375000 0.0359375 0.0421875
11 0.5630208 0.6789063 0.0395833 0.0500000
