1 0.6453125 0.6441406 0.0281250 0.0757812
0 0.6515625 0.4531250 0.0479167 0.0703125
5 0.5364583 0.2457031 0.0364583 0.0648438
1 0.5585938 0.2765625 0.0276042 0.0390625
5 0.4119792 0.8097656 0.0312500 0.0773438
5 0.7026042 0.6750000 0.0281250 0.0687500
0 0.5020833 0.5187500 0.0479167 0.0406250
5 0.4067708 0.3136719 0.0354167 0.0445313
3 0.3414063 0.4335938 0.0546875 0.0437500
4 0.4002604 0.2593750 0.0380208 0.0468750
4 0.2632813 0.7296875 0.0369792 0.0390625
5 0.3994792 0.5765625 0.0270833 0.0656250
1 0.5888021 0.6921875 0.0338542 0.0500000
4 0.7213542 0.4515625 0.0343750 0.0531250
3 0.6143229 0.8796875 0.0557292 0.0437500
4 0.5572917 0.6777344 0.0260417 0.0570312
5 0.4531250 0.3582031 0.0343750 0.0882813
4 0.3263021 0.3542969 0.0442708 0.0414062
5 0.7104167 0.3859375 0.0385417 0.0765625
0 0.3882813 0.3468750 0.0473958 0.0515625
1 0.5197917 0.6328125 0.0312500 0.0437500
4 0.5528646 0.5363281 0.0244792 0.0664062
2 0.5148438 0.4707031 0.0473958 0.0367188
4 0.4236979 0.2214844 0.0265625 0.0804688
5 0.6255208 0.3843750 0.0312500 0.0468750
4 0.6723958 0.3574219 0.0343750 0.0398437
4 0.4867187 0.6726562 0.0276042 0.0765625
1 0.5643229 0.5652344 0.0515625 0.0585938
5 0.5815104 0.9050781 0.0348958 0.0867187
5 0.3307292 0.7097656 0.0333333 0.0851563
3 0.5250000 0.3910156 0.0562500 0.0429688
4 0.4468750 0.3128906 0.0510417 0.0570312
0 0.6510417 0.3484375 0.0416667 0.0562500
5 0.7192708 0.3269531 0.0281250 0.0804688
0 0.7648438 0.6125000 0.0526042 0.0375000
3 0.7109375 0.5027344 0.0541667 0.0414062
3 0.5617188 0.4800781 0.0546875 0.0382813
2 0.3804688 0.6722656 0.0505208 0.0414062
2 0.6781250 0.5531250 0.0385417 0.0562500
1 0.4739583 0.4230469 0.0322917 0.0773438
1 0.6888021 0.8707031 0.0442708 0.0398437
0 0.4445312 0.5734375 0.0526042 0.0328125
4 0.6252604 0.6863281 0.0453125 0.0648438
5 0.4260417 0.4816406 0.0270833 0.0570312
0 0.5523438 0.4277344 0.0567708 0.0445313
0 0.4289062 0.6855469 0.0223958 0.0710937
0 0.2638021 0.6382813 0.0369792 0.0640625
3 0.4575521 0.2839844 0.0432292 0.0539063
5 0.5276042 0.6128906 0.0281250 0.0632812
5 0.6450521 0.3281250 0.0536458 0.0375000
10 0.6026042 0.2625000 0.0489583 0.0687500
11 0.5450521 0.1500000 0.0390625 0.0765625
8 0.5651042 0.6593750 0.0333333 0.0765625
10 0.6153646 0.4066406 0.0536458 0.0539063
11 0.6328125 0.8519531 0.0541667 0.0695313
10 0.4760417 0.4078125 0.0500000 0.0484375
10 0.7471354 0.4394531 0.0546875 0.0523438
9 0.4205729 0.2234375 0.0505208 0.0546875
8 0.4453125 0.4484375 0.0322917 0.0484375
8 0.2393229 0.3476562 0.0546875 0.0531250
10 0.4570312 0.8789062 0.0411458 0.0531250
6 0.5565104 0.4746094 0.0588542 0.0570312
8 0.6617188 0.7238281 0.0473958 0.0820312
8 0.4539063 0.4375000 0.0546875 0.0546875
7 0.6536458 0.3113281 0.0520833 0.0679687
