0 0.5437500 0.5761719 0.0979167 0.1117188
4 0.5622396 0.3761719 0.0619792 0.1007813
0 0.3812500 0.4554687 0.1104167 0.1156250
1 0.4950521 0.8121094 0.0567708 0.0992187
3 0.6434896 0.2722656 0.1109375 0.0789062
4 0.2901042 0.5964844 0.0989583 0.1195313
2 0.5804687 0.5292969 0.0453125 0.1585938
7 0.6705729 0.8609375 0.1140625 0.1500000
10 0.4080729 0.0937500 0.1057292 0.1375000
8 0.7239583 0.4132812 0.0843750 0.1593750
11 0.6760417 0.5562500 0.0739583 0.1109375
7 0.6135417 0.3136719 0.1072917 0.1539062
