2 0.5684896 0.5003906 0.0505208 0.0789062
4 0.1950521 0.5261719 0.0692708 0.1195313
2 0.5953125 0.6585937 0.0802083 0.0640625
2 0.4893229 0.7921875 0.0598958 0.1406250
2 0.4200521 0.4671875 0.0723958 0.0734375
1 0.5104167 0.3417969 0.1020833 0.0835937
0 0.1950521 0.6675781 0.0671875 0.0679687
5 0.2789063 0.6621094 0.0890625 0.0820312
4 0.5244792 0.1703125 0.1000000 0.0609375
5 0.7307292 0.4757812 0.0739583 0.1406250
0 0.2809896 0.1687500 0.0432292 0.1453125
3 0.2669271 0.4863281 0.0890625 0.0570312
1 0.1697917 0.5324219 0.0864583 0.1054688
1 0.6492187 0.5207031 0.0682292 0.1210938
5 0.6843750 0.2945313 0.0552083 0.0750000
1 0.6442708 0.5824219 0.0718750 0.1304687
1 0.3815104 0.2722656 0.0390625 0.0742188
2 0.4414062 0.4886719 0.0567708 0.1070312
2 0.4856771 0.8140625 0.0973958 0.0781250
4 0.6723958 0.6574219 0.0968750 0.0835937
0 0.7075521 0.3144531 0.0901042 0.0757812
0 0.5674479 0.2773438 0.0869792 0.0703125
2 0.5893229 0.3660156 0.0994792 0.0789062
3 0.6315104 0.9375000 0.0546875 0.1125000
5 0.5682292 0.0664062 0.0937500 0.1093750
0 0.7085938 0.2476562 0.1026042 0.0890625
5 0.6294271 0.2285156 0.0776042 0.0929688
3 0.5729167 0.6031250 0.0656250 0.1078125
2 0.4169271 0.9261719 0.0578125 0.0742188
5 0.6677083 0.4597656 0.0458333 0.0804688
1 0.5781250 0.6550781 0.0906250 0.0601563
5 0.6195312 0.6574219 0.0786458 0.1132812
5 0.3346354 0.4394531 0.0442708 0.1101562
0 0.6229167 0.7949219 0.0604167 0.1367188
2 0.5294271 0.7066406 0.0661458 0.0898438
1 0.5437500 0.8078125 0.0541667 0.1031250
0 0.2367188 0.6484375 0.0848958 0.0734375
1 0.3184896 0.6191406 0.0848958 0.0617188
3 0.4653646 0.9351563 0.0536458 0.1218750
2 0.2117188 0.3757813 0.0901042 0.0765625
1 0.6932292 0.8257813 0.0864583 0.0828125
1 0.2903646 0.4890625 0.0546875 0.1187500
0 0.3218750 0.6226563 0.0343750 0.0640625
5 0.4208333 0.4988281 0.0645833 0.0992187
1 0.4174479 0.8703125 0.0651042 0.1406250
4 0.5625000 0.2734375 0.0750000 0.1046875
1 0.6861979 0.5164062 0.0526042 0.1046875
0 0.5382813 0.0851563 0.0859375 0.0812500
3 0.3833333 0.7179688 0.0833333 0.0718750
0 0.7148438 0.4042969 0.0546875 0.1210938
4 0.4104167 0.1351563 0.0395833 0.1343750
5 0.5270833 0.2566406 0.0864583 0.0554687
2 0.4869792 0.2011719 0.0447917 0.0710937
1 0.4841146 0.3148437 0.0609375 0.1203125
0 0.3856771 0.4191406 0.0588542 0.0992187
1 0.6976562 0.4941406 0.0911458 0.0632812
2 0.5828125 0.5972656 0.0791667 0.0648438
2 0.6231771 0.7058594 0.0630208 0.0695313
3 0.5341146 0.8000000 0.0848958 0.0906250
5 0.6182292 0.3269531 0.0604167 0.1039063
2 0.5526042 0.1945312 0.0500000 0.1140625
3 0.5419271 0.4878906 0.0453125 0.0539063
2 0.7080729 0.2574219 0.0796875 0.1007813
4 0.5023437 0.1417969 0.0671875 0.1195313
10 0.3786458 0.7742187 0.0916667 0.0875000
8 0.3502604 0.6957031 0.0609375 0.1257813
9 0.4838542 0.0957031 0.0843750 0.1117188
9 0.3138021 0.6968750 0.0619792 0.1421875
6 0.5182292 0.6800781 0.0822917 0.1382812
7 0.3911458 0.7968750 0.0875000 0.1390625
9 0.2692708 0.5941406 0.0822917 0.0804688
10 0.6174479 0.3839844 0.0546875 0.1054688
9 0.4166667 0.3417969 0.0864583 0.0867187
9 0.7179688 0.7097656 0.0744792 0.0898438
9 0.4190104 0.7960938 0.0953125 0.1296875
6 0.4096354 0.3953125 0.0828125 0.1203125
11 0.4151042 0.3269531 0.0541667 0.1273438
7 0.3421875 0.1464844 0.0625000 0.1445312
6 0.5690104 0.4917969 0.0682292 0.1085938
10 0.4841146 0.3738281 0.0776042 0.0882813
11 0.7020833 0.2195313 0.0864583 0.1203125
