2 0.2955729 0.3296875 0.0807292 0.0562500
4 0.7205729 0.6675781 0.0786458 0.0523438
3 0.6226563 0.7582031 0.0765625 0.0445313
0 0.5658854 0.4472656 0.0484375 0.1054688
5 0.4070313 0.7273437 0.0390625 0.0890625
0 0.5059896 0.7429687 0.0453125 0.0671875
0 0.7322917 0.5101562 0.0541667 0.0750000
0 0.3867188 0.3082031 0.0526042 0.0898438
0 0.6151042 0.5867187 0.0385417 0.0687500
3 0.6031250 0.5089844 0.0677083 0.0757812
5 0.6062500 0.4933594 0.0687500 0.0570312
1 0.7093750 0.6261719 0.0750000 0.0664062
5 0.2677083 0.3050781 0.0770833 0.0523438
5 0.2958333 0.4414062 0.0687500 0.0546875
2 0.4895833 0.2359375 0.0781250 0.0531250
3 0.5408854 0.4140625 0.0432292 0.1015625
2 0.7054687 0.6507812 0.0723958 0.0515625
1 0.4580729 0.3886719 0.0703125 0.0539063
4 0.5419271 0.4472656 0.0734375 0.0585938
5 0.3354167 0.7941406 0.0541667 0.0976562
1 0.6023437 0.8277344 0.0526042 0.1117188
0 0.5114583 0.1937500 0.0447917 0.0671875
3 0.4997396 0.2863281 0.0421875 0.0914062
0 0.3739583 0.7007813 0.0864583 0.0656250
2 0.5263021 0.9281250 0.0380208 0.0546875
1 0.6747396 0.1675781 0.0796875 0.0554687
5 0.6593750 0.6746094 0.0697917 0.0757812
3 0.5861979 0.0761719 0.0619792 0.0898438
4 0.6072917 0.9148437 0.0458333 0.1093750
2 0.6203125 0.4285156 0.0687500 0.0554687
3 0.6257812 0.5230469 0.0588542 0.0695313
4 0.5617188 0.6386719 0.0515625 0.1148437
3 0.5294271 0.2503906 0.0265625 0.0945312
3 0.7250000 0.2234375 0.0833333 0.0578125
4 0.7020833 0.1339844 0.0677083 0.0726563
2 0.5122396 0.6175781 0.0526042 0.1007813
2 0.4197917 0.8730469 0.0583333 0.0929688
4 0.4908854 0.3464844 0.0473958 0.1210938
5 0.2588542 0.3460937 0.0604167 0.0734375
4 0.5031250 0.7042969 0.0750000 0.0757812
2 0.4888021 0.4843750 0.0442708 0.1125000
0 0.5158854 0.3050781 0.0494792 0.0507812
1 0.5229167 0.2566406 0.0395833 0.0539063
0 0.6742187 0.4234375 0.0619792 0.0781250
5 0.5395833 0.5562500 0.0510417 0.0765625
0 0.4315104 0.5140625 0.0421875 0.0578125
3 0.5192708 0.5730469 0.0468750 0.0726563
2 0.3872396 0.6875000 0.0859375 0.0546875
1 0.4390625 0.4992187 0.0781250 0.0406250
1 0.6145833 0.3750000 0.0781250 0.0812500
0 0.2018229 0.4871094 0.0401042 0.1054688
1 0.6953125 0.4472656 0.0697917 0.0898438
1 0.6932292 0.3117187 0.0677083 0.0468750
0 0.6229167 0.8062500 0.0343750 0.1000000
1 0.3171875 0.6058594 0.0427083 0.1117188
2 0.4276042 0.3886719 0.0552083 0.1085938
5 0.7369792 0.5566406 0.0791667 0.0617188
3 0.4106771 0.6503906 0.0463542 0.0726563
2 0.6250000 0.1160156 0.0364583 0.0898438
5 0.4031250 0.4203125 0.0406250 0.1125000
0 0.5536458 0.6542969 0.0395833 0.1179687
4 0.5406250 0.7562500 0.0760417 0.0500000
2 0.5200521 0.8671875 0.0692708 0.0953125
1 0.6765625 0.6085938 0.0437500 0.1062500
2 0.7721354 0.6316406 0.0807292 0.0742188
4 0.6661458 0.8269531 0.0281250 0.0710937
10 0.4888021 0.9085937 0.0682292 0.1171875
8 0.5833333 0.6367188 0.0697917 0.0703125
8 0.4627604 0.4257812 0.0526042 0.0812500
11 0.7911458 0.7164063 0.0781250 0.0750000
8 0.3932292 0.5675781 0.0697917 0.0695313
10 0.5455729 0.3304687 0.0682292 0.0765625
8 0.6695313 0.4468750 0.0703125 0.0687500
11 0.5684896 0.5437500 0.0692708 0.0687500
8 0.5882812 0.3906250 0.0776042 0.0781250
6 0.4971354 0.2101562 0.0484375 0.1046875
6 0.3643229 0.6863281 0.0588542 0.1195313
7 0.3947917 0.6945313 0.0739583 0.0765625
6 0.6299479 0.0777344 0.0630208 0.1054688
11 0.5723958 0.4531250 0.0770833 0.0781250
7 0.7846354 0.4210937 0.0713542 0.0687500
8 0.3067708 0.4214844 0.0520833 0.0804688
