5 0.5419271 0.9101562 0.0442708 0.0734375
0 0.5791667 0.6753906 0.0562500 0.0398437
3 0.6406250 0.5941406 0.0531250 0.0351562
4 0.4539063 0.6132812 0.0380208 0.0562500
2 0.4632812 0.7582031 0.0578125 0.0585938
0 0.4385417 0.6117187 0.0562500 0.0546875
1 0.6911458 0.5640625 0.0270833 0.0843750
4 0.4825521 0.5937500 0.0442708 0.0343750
1 0.3630208 0.8046875 0.0385417 0.0781250
5 0.5820312 0.2433594 0.0484375 0.0507812
3 0.3809896 0.2382812 0.0369792 0.0484375
0 0.7252604 0.6207031 0.0567708 0.0507812
1 0.3578125 0.7644531 0.0541667 0.0335937
2 0.5148438 0.2578125 0.0546875 0.0437500
5 0.6760417 0.5042969 0.0583333 0.0507812
0 0.3648438 0.6253906 0.0609375 0.0414062
0 0.3421875 0.5144531 0.0541667 0.0570312
2 0.6723958 0.5750000 0.0479167 0.0312500
4 0.6544271 0.7199219 0.0390625 0.0554687
3 0.5515625 0.6320313 0.0604167 0.0421875
2 0.5106771 0.6261719 0.0244792 0.0882813
0 0.3622396 0.1160156 0.0359375 0.0757812
5 0.6041667 0.5984375 0.0354167 0.0562500
5 0.3773437 0.6589844 0.0411458 0.0601563
5 0.6786458 0.5828125 0.0500000 0.0421875
5 0.5432292 0.8750000 0.0333333 0.0843750
3 0.6151042 0.1406250 0.0406250 0.0343750
1 0.4869792 0.4085937 0.0489583 0.0437500
5 0.3750000 0.3984375 0.0333333 0.0593750
0 0.5408854 0.3070312 0.0265625 0.0812500
4 0.4669271 0.6421875 0.0463542 0.0593750
0 0.5296875 0.1828125 0.0427083 0.0640625
9 0.4731771 0.8984375 0.0432292 0.0765625
11 0.6145833 0.3804688 0.0541667 0.0593750
8 0.4911458 0.5472656 0.0375000 0.0648438
11 0.4161458 0.5648437 0.0541667 0.0531250
7 0.6210938 0.4761719 0.0432292 0.0726563
10 0.6434896 0.1957031 0.0411458 0.0773438
6 0.6549479 0.4671875 0.0390625 0.0703125
8 0.5742188 0.1949219 0.0348958 0.0820312
9 0.3416667 0.3066406 0.0489583 0.0492187
11 0.5963542 0.1671875 0.0531250 0.0609375
9 0.7312500 0.4496094 0.0500000 0.0523438
7 0.5984375 0.3304687 0.0437500 0.0718750
7 0.6622396 0.1101562 0.0463542 0.0500000
