5 0.5656250 0.7324219 0.0437500 0.0320312
2 0.5265625 0.3464844 0.0489583 0.0351562
3 0.6354167 0.0738281 0.0489583 0.0367188
0 0.6854167 0.4050781 0.0395833 0.0507812
3 0.3580729 0.4703125 0.0453125 0.0546875
5 0.5640625 0.5152344 0.0489583 0.0382813
0 0.5174479 0.4683594 0.0505208 0.0414062
1 0.5911458 0.5082031 0.0458333 0.0398437
5 0.3570313 0.4273438 0.0348958 0.0609375
2 0.5960937 0.3792969 0.0265625 0.0335937
8 0.2851562 0.3878906 0.0307292 0.0695313
9 0.7153646 0.6871094 0.0463542 0.0523438
11 0.7281250 0.4695313 0.0468750 0.0703125
9 0.7260417 0.3191406 0.0510417 0.0507812
10 0.5289063 0.6054688 0.0421875 0.0421875
9 0.5500000 0.4535156 0.0510417 0.0507812
6 0.5994792 0.4660156 0.0437500 0.0429688
11 0.4648438 0.9101562 0.0380208 0.0625000
8 0.6687500 0.8988281 0.0458333 0.0632812
6 0.5885417 0.2261719 0.0479167 0.0476562
7 0.6968750 0.6371094 0.0354167 0.0695313
9 0.5041667 0.7140625 0.0354167 0.0484375
