2 0.5101562 0.2125000 0.0296875 0.0328125
0 0.4716146 0.5085937 0.0182292 0.0421875
2 0.4971354 0.7355469 0.0171875 0.0460938
4 0.4028646 0.3167969 0.0255208 0.0320312
0 0.4619792 0.6050781 0.0333333 0.0226562
0 0.3755208 0.8050781 0.0291667 0.0335937
2 0.6341146 0.3046875 0.0296875 0.0203125
2 0.6354167 0.4792969 0.0333333 0.0210938
1 0.4171875 0.5195312 0.0281250 0.0453125
3 0.3895833 0.4722656 0.0218750 0.0507812
0 0.4450521 0.6832031 0.0338542 0.0195312
5 0.5539063 0.6242188 0.0359375 0.0281250
5 0.4643229 0.3613281 0.0203125 0.0226562
5 0.5182292 0.3292969 0.0166667 0.0460938
3 0.6364583 0.2886719 0.0343750 0.0289063
4 0.3942708 0.3257813 0.0187500 0.0359375
0 0.5359375 0.7382812 0.0260417 0.0328125
1 0.6356771 0.6152344 0.0296875 0.0179687
3 0.3322917 0.6570312 0.0166667 0.0421875
1 0.6937500 0.6132812 0.0156250 0.0328125
2 0.5942708 0.5265625 0.0312500 0.0265625
5 0.4945312 0.1773437 0.0182292 0.0484375
3 0.7085938 0.5140625 0.0234375 0.0437500
2 0.7611979 0.7003906 0.0338542 0.0257812
3 0.5138021 0.3902344 0.0161458 0.0476562
3 0.6388021 0.4324219 0.0317708 0.0335937
4 0.2593750 0.5906250 0.0312500 0.0250000
0 0.8059896 0.4437500 0.0192708 0.0328125
1 0.5994792 0.4210937 0.0291667 0.0265625
5 0.6382813 0.4789062 0.0182292 0.0515625
5 0.6716146 0.2453125 0.0328125 0.0234375
5 0.3460937 0.2578125 0.0317708 0.0359375
1 0.5778646 0.6039062 0.0255208 0.0375000
1 0.5252604 0.5386719 0.0307292 0.0351562
0 0.6903646 0.5878906 0.0213542 0.0476562
2 0.6281250 0.6425781 0.0270833 0.0257812
4 0.5721354 0.1320312 0.0265625 0.0328125
3 0.6098958 0.4769531 0.0156250 0.0226562
5 0.5533854 0.6886719 0.0359375 0.0242188
1 0.7013021 0.7386719 0.0317708 0.0273438
4 0.6963542 0.7625000 0.0343750 0.0265625
5 0.3049479 0.4117188 0.0359375 0.0312500
1 0.4812500 0.4710937 0.0208333 0.0265625
1 0.2640625 0.4238281 0.0312500 0.0210938
0 0.4968750 0.4902344 0.0166667 0.0507812
4 0.3242188 0.7480469 0.0171875 0.0492187
3 0.4591146 0.8457031 0.0348958 0.0257812
3 0.4450521 0.4816406 0.0203125 0.0242188
0 0.5070313 0.5238281 0.0182292 0.0179687
1 0.5677083 0.8062500 0.0218750 0.0359375
3 0.6695313 0.3292969 0.0161458 0.0445313
3 0.5565104 0.4910156 0.0296875 0.0242188
2 0.5531250 0.6144531 0.0187500 0.0289063
2 0.5658854 0.7078125 0.0171875 0.0250000
3 0.6549479 0.3328125 0.0213542 0.0500000
4 0.3851562 0.2582031 0.0203125 0.0429688
4 0.6143229 0.6746094 0.0161458 0.0226562
0 0.6106771 0.3746094 0.0203125 0.0492187
1 0.4320312 0.4992187 0.0286458 0.0218750
1 0.3479167 0.3296875 0.0177083 0.0484375
2 0.3270833 0.6031250 0.0156250 0.0265625
1 0.7679687 0.3003906 0.0296875 0.0289063
1 0.4661458 0.2539062 0.0302083 0.0250000
0 0.6617188 0.7304688 0.0255208 0.0312500
1 0.5427083 0.6210938 0.0333333 0.0312500
1 0.6145833 0.7582031 0.0354167 0.0226562
2 0.6466146 0.4808594 0.0328125 0.0242188
0 0.4593750 0.3777344 0.0187500 0.0445313
1 0.3822917 0.6714844 0.0187500 0.0445313
10 0.6182292 0.5964844 0.0291667 0.0367188
8 0.5481771 0.6734375 0.0213542 0.0468750
8 0.4414062 0.4273438 0.0286458 0.0281250
7 0.3921875 0.2082031 0.0270833 0.0414062
10 0.4192708 0.3445313 0.0291667 0.0296875
9 0.5276042 0.0503906 0.0291667 0.0460938
7 0.4867187 0.7011719 0.0286458 0.0335937
8 0.5257812 0.6406250 0.0276042 0.0375000
9 0.5325521 0.4515625 0.0213542 0.0312500
8 0.5018229 0.3574219 0.0255208 0.0367188
11 0.5638021 0.7171875 0.0213542 0.0406250
6 0.4515625 0.4000000 0.0291667 0.0312500
6 0.5541667 0.3367188 0.0187500 0.0421875
7 0.6723958 0.4085937 0.0302083 0.0296875
10 0.4468750 0.7535156 0.0281250 0.0304687
10 0.6622396 0.3253906 0.0255208 0.0289063
7 0.4854167 0.3136719 0.0302083 0.0445313
9 0.6794271 0.2250000 0.0328125 0.0312500
7 0.3559896 0.6632813 0.0213542 0.0500000
