4 0.3598958 0.4492188 0.0114583 0.0250000
4 0.4375000 0.1238281 0.0208333 0.0195312
3 0.5091146 0.6246094 0.0182292 0.0320312
3 0.3718750 0.8765625 0.0145833 0.0375000
1 0.6778646 0.5824219 0.0265625 0.0195312
4 0.4429688 0.6988281 0.0161458 0.0242188
1 0.7036458 0.2113281 0.0250000 0.0164063
8 0.7263021 0.2781250 0.0223958 0.0250000
10 0.3242188 0.6984375 0.0244792 0.0234375
6 0.3716146 0.2996094 0.0151042 0.0335937
7 0.3945312 0.1589844 0.0234375 0.0242188
11 0.5520833 0.4953125 0.0218750 0.0265625
7 0.5872396 0.3078125 0.0265625 0.0250000
10 0.7255208 0.3707031 0.0208333 0.0335937
9 0.5395833 0.2527344 0.0250000 0.0242188
11 0.4664063 0.5796875 0.0151042 0.0265625
11 0.3994792 0.6671875 0.0166667 0.0343750
6 0.4302083 0.3855469 0.0229167 0.0289063
11 0.3367188 0.6589844 0.0161458 0.0335937
11 0.3494792 0.5070313 0.0229167 0.0250000
10 0.6945313 0.4402344 0.0244792 0.0242188
9 0.3989583 0.5203125 0.0156250 0.0296875
