5 0.7119792 0.6011719 0.0135417 0.0382813
4 0.5565104 0.3906250 0.0213542 0.0218750
2 0.3351562 0.6808594 0.0223958 0.0304687
5 0.6000000 0.3355469 0.0270833 0.0195312
5 0.5950521 0.5914063 0.0244792 0.0250000
4 0.3752604 0.3503906 0.0140625 0.0257812
3 0.5997396 0.6968750 0.0244792 0.0203125
2 0.5153646 0.2328125 0.0192708 0.0218750
2 0.4421875 0.2042969 0.0135417 0.0257812
2 0.5190104 0.5828125 0.0244792 0.0140625
5 0.4153646 0.2136719 0.0140625 0.0304687
4 0.6841146 0.1941406 0.0265625 0.0164063
2 0.4796875 0.7570313 0.0166667 0.0296875
3 0.6973958 0.6531250 0.0239583 0.0187500
2 0.4419271 0.0464844 0.0182292 0.0242188
4 0.5763021 0.6867188 0.0171875 0.0343750
3 0.5161458 0.8324219 0.0250000 0.0210938
2 0.6945313 0.1445312 0.0130208 0.0390625
4 0.6466146 0.8199219 0.0255208 0.0210938
2 0.7005208 0.6613281 0.0250000 0.0210938
4 0.6526042 0.3578125 0.0197917 0.0187500
3 0.5471354 0.4199219 0.0182292 0.0304687
5 0.6692708 0.3375000 0.0218750 0.0265625
0 0.5351562 0.3351562 0.0244792 0.0171875
10 0.4708333 0.5000000 0.0177083 0.0250000
6 0.4062500 0.6277344 0.0156250 0.0367188
10 0.7453125 0.8093750 0.0229167 0.0218750
6 0.3914063 0.4746094 0.0223958 0.0210938
9 0.5809896 0.3320312 0.0151042 0.0343750
10 0.5539063 0.2191406 0.0161458 0.0320312
