2 0.5119792 0.5472656 0.0218750 0.0679687
0 0.6770833 0.3972656 0.0333333 0.0554687
0 0.5013021 0.4902344 0.0265625 0.0367188
4 0.5846354 0.1355469 0.0296875 0.0710937
5 0.5205729 0.3816406 0.0411458 0.0304687
3 0.4932292 0.3148437 0.0270833 0.0640625
1 0.3950521 0.4539063 0.0432292 0.0281250
2 0.4911458 0.2769531 0.0322917 0.0320312
0 0.3906250 0.7656250 0.0395833 0.0406250
0 0.5229167 0.7101563 0.0218750 0.0703125
1 0.5677083 0.3226562 0.0458333 0.0359375
3 0.3195312 0.2250000 0.0286458 0.0703125
0 0.5302083 0.3546875 0.0281250 0.0531250
2 0.5992188 0.5507812 0.0338542 0.0328125
5 0.4960938 0.4757812 0.0265625 0.0406250
4 0.5114583 0.6898437 0.0395833 0.0406250
4 0.6645833 0.4078125 0.0364583 0.0421875
2 0.5125000 0.2089844 0.0406250 0.0523438
1 0.4242187 0.7695312 0.0442708 0.0281250
1 0.7317708 0.5277344 0.0468750 0.0320312
5 0.7117187 0.6410156 0.0328125 0.0632812
2 0.6416667 0.4324219 0.0437500 0.0382813
4 0.5002604 0.8214844 0.0244792 0.0335937
5 0.3908854 0.2292969 0.0286458 0.0570312
4 0.4200521 0.7441406 0.0453125 0.0289063
2 0.4833333 0.3703125 0.0427083 0.0421875
3 0.3010417 0.7492188 0.0343750 0.0312500
3 0.3848958 0.4500000 0.0322917 0.0296875
4 0.4401042 0.6964844 0.0468750 0.0289063
1 0.6656250 0.7496094 0.0479167 0.0289063
3 0.3888021 0.7488281 0.0286458 0.0773438
0 0.5479167 0.2011719 0.0364583 0.0320312
0 0.6385417 0.5781250 0.0312500 0.0359375
4 0.6244792 0.9210938 0.0270833 0.0562500
3 0.4541667 0.6257812 0.0447917 0.0484375
4 0.2804687 0.4679687 0.0244792 0.0437500
0 0.3213542 0.3218750 0.0447917 0.0343750
1 0.3132813 0.5046875 0.0473958 0.0328125
3 0.6109375 0.4839844 0.0385417 0.0414062
2 0.7252604 0.8320312 0.0432292 0.0359375
3 0.3718750 0.7082031 0.0489583 0.0398437
3 0.4658854 0.5687500 0.0421875 0.0406250
0 0.6098958 0.3589844 0.0489583 0.0445313
3 0.6166667 0.5980469 0.0458333 0.0351562
1 0.3437500 0.3480469 0.0343750 0.0539063
3 0.4627604 0.4921875 0.0307292 0.0656250
5 0.7091146 0.6496094 0.0348958 0.0554687
3 0.3026042 0.6824219 0.0250000 0.0414062
10 0.6958333 0.6625000 0.0364583 0.0515625
9 0.4729167 0.2507813 0.0270833 0.0453125
8 0.5890625 0.4816406 0.0437500 0.0429688
9 0.5270833 0.4738281 0.0302083 0.0710937
8 0.5479167 0.3964844 0.0322917 0.0679687
8 0.6213542 0.4082031 0.0458333 0.0507812
7 0.3026042 0.2992187 0.0291667 0.0671875
6 0.6841146 0.3078125 0.0338542 0.0625000
8 0.5601563 0.5218750 0.0307292 0.0546875
9 0.5729167 0.3117187 0.0416667 0.0437500
6 0.6393229 0.2320312 0.0359375 0.0546875
10 0.5807292 0.4621094 0.0354167 0.0648438
6 0.2877604 0.7050781 0.0401042 0.0492187
8 0.5406250 0.2390625 0.0447917 0.0437500
7 0.6463542 0.5558594 0.0416667 0.0554687
8 0.4653646 0.7964844 0.0411458 0.0710937
6 0.6388021 0.3343750 0.0338542 0.0406250
9 0.5195312 0.4191406 0.0463542 0.0445313
