0 0.5510417 0.2359375 0.0145833 0.0359375
0 0.2796875 0.1535156 0.0281250 0.0242188
4 0.6757812 0.6058594 0.0171875 0.0445313
5 0.6179687 0.5484375 0.0244792 0.0375000
2 0.7289062 0.3406250 0.0296875 0.0234375
5 0.5565104 0.3203125 0.0307292 0.0234375
1 0.4156250 0.6191406 0.0281250 0.0195312
0 0.6036458 0.6257812 0.0312500 0.0265625
4 0.5054688 0.5257812 0.0296875 0.0187500
2 0.3270833 0.3894531 0.0177083 0.0398437
4 0.5328125 0.4929688 0.0187500 0.0421875
1 0.3171875 0.3035156 0.0312500 0.0273438
2 0.3468750 0.6523438 0.0166667 0.0453125
1 0.6703125 0.3320312 0.0145833 0.0250000
1 0.4195313 0.7234375 0.0161458 0.0437500
1 0.6473958 0.8093750 0.0177083 0.0218750
0 0.4039063 0.7062500 0.0234375 0.0453125
1 0.4382813 0.4148438 0.0265625 0.0234375
4 0.6695313 0.3281250 0.0213542 0.0390625
1 0.4546875 0.5890625 0.0197917 0.0390625
2 0.4773438 0.7824219 0.0296875 0.0257812
0 0.4973958 0.1792969 0.0281250 0.0273438
5 0.4250000 0.5328125 0.0312500 0.0218750
5 0.3960938 0.6652344 0.0296875 0.0195312
4 0.4078125 0.7300781 0.0322917 0.0210938
1 0.6447917 0.3234375 0.0270833 0.0312500
3 0.6794271 0.4554687 0.0255208 0.0296875
3 0.5164062 0.6546875 0.0182292 0.0312500
2 0.7390625 0.4929688 0.0239583 0.0281250
4 0.6195312 0.2125000 0.0192708 0.0312500
1 0.5500000 0.4171875 0.0208333 0.0328125
4 0.5348958 0.0746094 0.0208333 0.0367188
2 0.6885417 0.1957031 0.0291667 0.0210938
3 0.4789062 0.4015625 0.0307292 0.0281250
4 0.5427083 0.2351563 0.0291667 0.0281250
1 0.7028646 0.4281250 0.0328125 0.0203125
1 0.5380208 0.5148438 0.0187500 0.0437500
2 0.4010417 0.5632812 0.0218750 0.0296875
2 0.6406250 0.3453125 0.0302083 0.0250000
2 0.3859375 0.3203125 0.0156250 0.0484375
1 0.4778646 0.4105469 0.0203125 0.0210938
0 0.7143229 0.4039063 0.0286458 0.0187500
5 0.4213542 0.6867188 0.0218750 0.0406250
2 0.3585937 0.3957031 0.0171875 0.0367188
3 0.5432292 0.2937500 0.0312500 0.0218750
2 0.3817708 0.7843750 0.0166667 0.0437500
4 0.5044271 0.8003906 0.0276042 0.0273438
3 0.2791667 0.4019531 0.0333333 0.0226562
1 0.4091146 0.3480469 0.0296875 0.0257812
0 0.6156250 0.5804687 0.0145833 0.0312500
5 0.6718750 0.7242188 0.0281250 0.0312500
1 0.4263021 0.3054688 0.0223958 0.0406250
5 0.6325521 0.4109375 0.0140625 0.0343750
1 0.3554688 0.5265625 0.0213542 0.0312500
3 0.3421875 0.1136719 0.0322917 0.0257812
4 0.6169271 0.2050781 0.0255208 0.0320312
5 0.3335938 0.4140625 0.0338542 0.0265625
3 0.6236979 0.5035156 0.0161458 0.0382813
5 0.5867187 0.6562500 0.0286458 0.0296875
2 0.3127604 0.6089844 0.0119792 0.0445313
1 0.4184896 0.8335938 0.0171875 0.0437500
3 0.5046875 0.0644531 0.0145833 0.0382813
2 0.4947917 0.0511719 0.0322917 0.0257812
1 0.5531250 0.1890625 0.0156250 0.0453125
2 0.6809896 0.4824219 0.0328125 0.0210938
2 0.5726562 0.5105469 0.0276042 0.0179687
1 0.4664063 0.5613281 0.0244792 0.0257812
3 0.6294271 0.6503906 0.0223958 0.0179687
2 0.4895833 0.7402344 0.0250000 0.0351562
3 0.4705729 0.4019531 0.0244792 0.0257812
1 0.5429688 0.4554687 0.0213542 0.0281250
0 0.3820312 0.2804687 0.0244792 0.0359375
3 0.2916667 0.7597656 0.0291667 0.0210938
0 0.6088542 0.1585938 0.0291667 0.0250000
3 0.5619792 0.4457031 0.0291667 0.0242188
4 0.4869792 0.5789062 0.0197917 0.0234375
3 0.4015625 0.7921875 0.0166667 0.0437500
0 0.2382812 0.6699219 0.0296875 0.0257812
10 0.5390625 0.7734375 0.0187500 0.0453125
9 0.3979167 0.6175781 0.0270833 0.0351562
11 0.6302083 0.5570312 0.0177083 0.0265625
7 0.5901042 0.5132813 0.0239583 0.0312500
11 0.7348958 0.4949219 0.0281250 0.0382813
8 0.7760417 0.4207031 0.0302083 0.0304687
11 0.6114583 0.5144531 0.0208333 0.0273438
9 0.4966146 0.7171875 0.0265625 0.0312500
9 0.6320313 0.5078125 0.0265625 0.0343750
9 0.7986979 0.5316406 0.0244792 0.0367188
7 0.6065104 0.3855469 0.0307292 0.0429688
10 0.2088542 0.4535156 0.0197917 0.0367188
11 0.6546875 0.5757813 0.0218750 0.0437500
