2 0.5028646 0.2761719 0.0255208 0.0304687
1 0.3942708 0.2972656 0.0177083 0.0382813
4 0.4747396 0.6265625 0.0223958 0.0265625
2 0.5786458 0.4792969 0.0156250 0.0429688
0 0.6104167 0.3648438 0.0270833 0.0265625
3 0.6632813 0.3671875 0.0151042 0.0390625
4 0.4518229 0.4425781 0.0119792 0.0289063
1 0.5906250 0.3578125 0.0177083 0.0421875
5 0.6869792 0.4386719 0.0291667 0.0242188
2 0.4484375 0.3507812 0.0208333 0.0406250
10 0.2421875 0.5871094 0.0218750 0.0398437
8 0.4906250 0.3507812 0.0177083 0.0328125
8 0.5393229 0.3218750 0.0223958 0.0437500
6 0.4049479 0.3234375 0.0244792 0.0281250
8 0.3223958 0.4136719 0.0281250 0.0289063
7 0.5916667 0.2925781 0.0260417 0.0257812
9 0.6197917 0.9050781 0.0177083 0.0398437
11 0.4914062 0.3917969 0.0192708 0.0414062
7 0.3351562 0.3031250 0.0171875 0.0390625
