3 0.4182292 0.3441406 0.0781250 0.0601563
2 0.6669271 0.3226562 0.0817708 0.0593750
6 0.3153646 0.5066406 0.0494792 0.0742188
6 0.6807292 0.4550781 0.0625000 0.0929688
10 0.5338542 0.8101563 0.0572917 0.1125000
7 0.4552083 0.0781250 0.0625000 0.0734375
10 0.5828125 0.8437500 0.0791667 0.0875000
10 0.6601562 0.6203125 0.0807292 0.0953125
7 0.2976563 0.6953125 0.0880208 0.1140625
6 0.3208333 0.2738281 0.0760417 0.0945312
11 0.3958333 0.4804688 0.0625000 0.0734375
7 0.5263021 0.7042969 0.0567708 0.1179687
10 0.6421875 0.4597656 0.0562500 0.0914062
10 0.6307292 0.7375000 0.0708333 0.0828125
8 0.6221354 0.1695312 0.0567708 0.0734375
9 0.5463542 0.4843750 0.0781250 0.0781250
8 0.5760417 0.3472656 0.0833333 0.0804688
