5 0.4122396 0.7710938 0.0348958 0.1218750
1 0.4541667 0.6984375 0.0500000 0.1234375
1 0.4255208 0.7605469 0.0395833 0.1023437
5 0.6221354 0.3906250 0.0307292 0.1140625
5 0.7658854 0.3964844 0.0828125 0.0617188
1 0.5151042 0.4917969 0.0479167 0.0664062
4 0.7414063 0.1929687 0.0411458 0.1234375
0 0.4536458 0.9636719 0.0791667 0.0585938
4 0.7127604 0.5425781 0.0744792 0.0445313
4 0.6958333 0.5835938 0.0416667 0.0781250
2 0.4427083 0.1023437 0.0677083 0.0562500
4 0.5841146 0.7539062 0.0588542 0.0890625
1 0.4716146 0.4574219 0.0432292 0.0773438
4 0.2864583 0.7914062 0.0489583 0.1218750
3 0.6450521 0.1726563 0.0880208 0.0593750
5 0.3143229 0.4433594 0.0661458 0.1023437
4 0.6208333 0.5882812 0.0833333 0.0718750
2 0.5742188 0.2542969 0.0359375 0.1179687
8 0.6036458 0.2304688 0.0812500 0.0781250
8 0.4148438 0.6683594 0.0723958 0.0820312
10 0.5273438 0.2152344 0.0609375 0.0976562
7 0.5367188 0.2496094 0.0713542 0.0820312
11 0.5833333 0.2671875 0.0760417 0.1062500
8 0.6921875 0.8011719 0.0770833 0.0914062
11 0.3992188 0.5441406 0.0776042 0.0882813
9 0.4718750 0.2679687 0.0552083 0.1062500
8 0.7726563 0.6488281 0.0744792 0.1226562
7 0.4380208 0.7507812 0.0781250 0.1078125
10 0.5877604 0.8695312 0.0578125 0.1140625
10 0.7526042 0.5875000 0.0791667 0.0750000
