0 0.5783854 0.3796875 0.0546875 0.0984375
3 0.4203125 0.9386719 0.0593750 0.1210938
0 0.5393229 0.6597656 0.0911458 0.0648438
2 0.5432292 0.8925781 0.0541667 0.0617188
0 0.2908854 0.4257812 0.0588542 0.1265625
4 0.2966146 0.5039062 0.0869792 0.0656250
5 0.6104167 0.1953125 0.0666667 0.0953125
9 0.3921875 0.3675781 0.0708333 0.1351563
6 0.3406250 0.4261719 0.0562500 0.0960938
11 0.4151042 0.8085938 0.0583333 0.1093750
8 0.4421875 0.2757812 0.0520833 0.0984375
8 0.4260417 0.4867187 0.0864583 0.1218750
11 0.4145833 0.9550781 0.0541667 0.0882813
7 0.5091146 0.2289063 0.0651042 0.0828125
7 0.3958333 0.1660156 0.0729167 0.0773438
10 0.3247396 0.5832031 0.0828125 0.0867187
7 0.3427083 0.5273438 0.0500000 0.0765625
7 0.4057292 0.4589844 0.0791667 0.0867187
11 0.3867188 0.5230469 0.0494792 0.0742188
7 0.2122396 0.4242187 0.0786458 0.1046875
9 0.5932292 0.7003906 0.0572917 0.1382812
11 0.6531250 0.3492188 0.0822917 0.0828125
