2 0.4906250 0.4894531 0.0145833 0.0148437
3 0.5708333 0.2539062 0.0218750 0.0156250
3 0.3911458 0.4949219 0.0177083 0.0273438
1 0.6406250 0.3500000 0.0208333 0.0187500
1 0.7299479 0.8031250 0.0234375 0.0171875
1 0.5869792 0.7273437 0.0187500 0.0343750
0 0.5484375 0.6480469 0.0239583 0.0210938
0 0.7049479 0.6832031 0.0182292 0.0195312
1 0.7731771 0.4570312 0.0244792 0.0234375
1 0.5403646 0.7976562 0.0119792 0.0234375
2 0.4494792 0.2910156 0.0197917 0.0226562
4 0.6572917 0.5875000 0.0177083 0.0218750
2 0.4908854 0.6253906 0.0213542 0.0257812
4 0.5583333 0.6867188 0.0208333 0.0265625
1 0.3723958 0.4042969 0.0260417 0.0195312
1 0.7760417 0.7234375 0.0197917 0.0218750
0 0.2942708 0.1734375 0.0239583 0.0171875
3 0.4554687 0.8261719 0.0213542 0.0179687
4 0.5145833 0.6500000 0.0166667 0.0234375
0 0.4848958 0.9281250 0.0208333 0.0296875
0 0.7497396 0.5125000 0.0255208 0.0218750
5 0.6192708 0.4507813 0.0197917 0.0203125
3 0.3197917 0.3144531 0.0197917 0.0257812
0 0.6335937 0.4808594 0.0234375 0.0164063
2 0.5929688 0.4203125 0.0161458 0.0328125
3 0.5955729 0.6078125 0.0119792 0.0375000
1 0.6661458 0.6078125 0.0250000 0.0187500
3 0.3625000 0.1878906 0.0145833 0.0273438
0 0.6851563 0.7507812 0.0234375 0.0218750
0 0.7052083 0.4457031 0.0239583 0.0164063
5 0.5520833 0.6082031 0.0135417 0.0226562
4 0.5052083 0.5656250 0.0125000 0.0187500
5 0.6580729 0.0613281 0.0098958 0.0367188
2 0.5645833 0.3679688 0.0239583 0.0171875
3 0.5309896 0.4386719 0.0140625 0.0367188
2 0.3382812 0.6953125 0.0182292 0.0281250
0 0.4010417 0.5570312 0.0114583 0.0250000
4 0.4591146 0.4878906 0.0223958 0.0226562
5 0.4924479 0.7175781 0.0130208 0.0335937
5 0.5703125 0.6070313 0.0156250 0.0234375
2 0.4486979 0.9082031 0.0203125 0.0289063
1 0.6479167 0.2304688 0.0239583 0.0218750
5 0.6127604 0.3457031 0.0119792 0.0367188
5 0.7148438 0.4484375 0.0213542 0.0296875
3 0.3958333 0.5910156 0.0239583 0.0148437
4 0.5341146 0.4140625 0.0119792 0.0265625
4 0.5416667 0.5042969 0.0125000 0.0257812
1 0.6328125 0.6246094 0.0125000 0.0210938
5 0.6682292 0.1871094 0.0229167 0.0179687
4 0.4447917 0.1453125 0.0177083 0.0250000
1 0.3854167 0.7863281 0.0218750 0.0179687
4 0.4296875 0.5316406 0.0156250 0.0164063
7 0.5270833 0.3746094 0.0177083 0.0257812
7 0.5346354 0.6437500 0.0161458 0.0234375
7 0.6531250 0.8304687 0.0229167 0.0375000
9 0.2171875 0.3804688 0.0250000 0.0296875
11 0.6216146 0.3476562 0.0151042 0.0250000
7 0.3406250 0.7601562 0.0229167 0.0281250
6 0.6299479 0.6066406 0.0161458 0.0351562
7 0.7169271 0.6566406 0.0203125 0.0242188
10 0.6494792 0.2203125 0.0145833 0.0328125
9 0.6273437 0.3437500 0.0244792 0.0265625
9 0.4674479 0.5117188 0.0244792 0.0296875
10 0.4562500 0.2730469 0.0239583 0.0320312
