4 0.5395833 0.5558594 0.0281250 0.0570312
0 0.6234375 0.7726563 0.0291667 0.0468750
5 0.4919271 0.1906250 0.0338542 0.0390625
4 0.6291667 0.7191406 0.0229167 0.0257812
1 0.5372396 0.3570313 0.0328125 0.0328125
1 0.7312500 0.3695312 0.0385417 0.0328125
4 0.4111979 0.3734375 0.0223958 0.0515625
4 0.5088542 0.7394531 0.0187500 0.0289063
4 0.5994792 0.7429687 0.0395833 0.0281250
0 0.6567708 0.7000000 0.0250000 0.0546875
5 0.5343750 0.3101563 0.0291667 0.0500000
3 0.5364583 0.4546875 0.0260417 0.0468750
1 0.3609375 0.2417969 0.0385417 0.0289063
0 0.5315104 0.4476562 0.0213542 0.0484375
10 0.5643229 0.4066406 0.0338542 0.0367188
11 0.2901042 0.2261719 0.0385417 0.0382813
10 0.6093750 0.6195312 0.0281250 0.0531250
