3 0.4968750 0.8074219 0.0364583 0.0945312
5 0.3385417 0.3730469 0.0781250 0.0726563
5 0.3299479 0.7632813 0.0442708 0.1218750
3 0.3268229 0.7144531 0.0359375 0.0742188
4 0.6604167 0.4257812 0.0708333 0.0578125
5 0.5927083 0.4664063 0.0666667 0.0671875
3 0.3476562 0.5367188 0.0473958 0.1015625
2 0.4838542 0.2574219 0.0468750 0.0960938
5 0.5833333 0.7066406 0.0458333 0.0945312
3 0.5838542 0.2562500 0.0760417 0.0671875
3 0.7085938 0.8304687 0.0755208 0.0500000
0 0.4601562 0.1519531 0.0661458 0.0492187
1 0.3325521 0.5613281 0.0380208 0.0710937
3 0.5122396 0.6742187 0.0640625 0.0515625
4 0.5656250 0.3355469 0.0406250 0.1007813
4 0.5789062 0.2132813 0.0755208 0.0453125
2 0.5320312 0.3433594 0.0453125 0.1070312
3 0.6098958 0.8765625 0.0479167 0.0718750
4 0.6765625 0.4210937 0.0708333 0.0734375
4 0.5023437 0.4109375 0.0692708 0.0656250
2 0.5343750 0.5890625 0.0531250 0.0578125
4 0.5716146 0.3621094 0.0723958 0.0851563
4 0.5924479 0.6621094 0.0432292 0.0507812
1 0.5395833 0.2648437 0.0531250 0.1046875
2 0.6151042 0.5128906 0.0375000 0.0570312
1 0.3791667 0.6703125 0.0552083 0.0531250
0 0.6580729 0.3289063 0.0328125 0.0515625
4 0.6947917 0.3910156 0.0666667 0.0492187
2 0.4442708 0.0847656 0.0583333 0.0976562
2 0.7169271 0.5648437 0.0630208 0.0703125
3 0.5611979 0.8542969 0.0619792 0.0742188
4 0.5343750 0.8046875 0.0385417 0.0468750
0 0.4276042 0.6019531 0.0583333 0.1070312
5 0.4791667 0.3640625 0.0770833 0.0500000
1 0.4763021 0.4257812 0.0276042 0.0609375
2 0.5109375 0.4812500 0.0375000 0.0921875
1 0.6674479 0.4144531 0.0786458 0.0523438
3 0.4005208 0.1968750 0.0354167 0.0640625
2 0.4359375 0.5085937 0.0614583 0.0656250
2 0.6710938 0.4058594 0.0567708 0.0851563
3 0.5989583 0.3992188 0.0593750 0.0453125
4 0.3718750 0.7394531 0.0375000 0.0523438
5 0.3945312 0.3554688 0.0692708 0.0640625
0 0.6510417 0.7800781 0.0781250 0.0523438
3 0.7440104 0.5949219 0.0630208 0.0679687
3 0.4674479 0.7464844 0.0515625 0.0914062
3 0.5119792 0.5246094 0.0541667 0.0820312
1 0.7760417 0.5128906 0.0718750 0.0679687
4 0.6984375 0.6078125 0.0687500 0.0593750
1 0.4640625 0.1878906 0.0656250 0.0507812
4 0.6031250 0.6019531 0.0739583 0.0507812
4 0.3429687 0.5871094 0.0651042 0.0460938
5 0.6354167 0.2628906 0.0635417 0.0757812
0 0.4005208 0.1164063 0.0750000 0.0609375
4 0.6338542 0.3132813 0.0281250 0.0921875
2 0.4713542 0.6582031 0.0343750 0.0632812
0 0.7427083 0.4250000 0.0406250 0.0984375
1 0.5427083 0.5562500 0.0718750 0.0484375
1 0.4276042 0.3582031 0.0468750 0.1179687
3 0.3919271 0.2132813 0.0421875 0.0671875
1 0.3406250 0.7757812 0.0791667 0.0687500
6 0.5710937 0.8695312 0.0453125 0.1062500
6 0.4606771 0.6101562 0.0546875 0.0937500
6 0.7273437 0.2890625 0.0713542 0.0703125
9 0.7278646 0.7652344 0.0630208 0.1085938
