5 0.1726563 0.4109375 0.0619792 0.1046875
1 0.6309896 0.4937500 0.0505208 0.0875000
0 0.5916667 0.2691406 0.0916667 0.0679687
2 0.4601562 0.5351562 0.0609375 0.0843750
0 0.2729167 0.1960938 0.0625000 0.1234375
5 0.3247396 0.5050781 0.0859375 0.0945312
3 0.4351563 0.3621094 0.0963542 0.0757812
3 0.5348958 0.8058594 0.0541667 0.1414063
1 0.5393229 0.6011719 0.1067708 0.0851563
3 0.4351563 0.2847656 0.0619792 0.1351563
4 0.5651042 0.4542969 0.0520833 0.1085938
4 0.5916667 0.3257813 0.0927083 0.0671875
3 0.5752604 0.4003906 0.0994792 0.0554687
5 0.3911458 0.8027344 0.0656250 0.1039063
1 0.6033854 0.4164062 0.0536458 0.0921875
1 0.7348958 0.8261719 0.0927083 0.0710937
2 0.5239583 0.7750000 0.0812500 0.0968750
3 0.5265625 0.3445313 0.0593750 0.1562500
1 0.1986979 0.4160156 0.0880208 0.0929688
9 0.7375000 0.8707031 0.0781250 0.1367188
8 0.6468750 0.5761719 0.0791667 0.1179687
8 0.7309896 0.4558594 0.0890625 0.1367188
6 0.5020833 0.4339844 0.0770833 0.1414063
10 0.3638021 0.2546875 0.0734375 0.1406250
8 0.7054687 0.3371094 0.0859375 0.1335938
