2 0.6393229 0.6574219 0.0265625 0.0226562
0 0.5247396 0.2382812 0.0255208 0.0250000
3 0.6388021 0.7261719 0.0192708 0.0226562
3 0.6807292 0.2222656 0.0260417 0.0195312
3 0.6239583 0.5816406 0.0135417 0.0398437
5 0.4239583 0.5828125 0.0229167 0.0171875
3 0.6502604 0.4007812 0.0223958 0.0343750
4 0.5403646 0.6585937 0.0276042 0.0250000
2 0.4247396 0.4976563 0.0223958 0.0218750
1 0.6466146 0.3343750 0.0244792 0.0187500
4 0.4164062 0.7996094 0.0244792 0.0164063
0 0.7367187 0.5320312 0.0244792 0.0203125
0 0.2861979 0.4433594 0.0255208 0.0195312
2 0.3635417 0.2425781 0.0187500 0.0210938
3 0.5380208 0.4464844 0.0239583 0.0289063
4 0.7377604 0.2675781 0.0286458 0.0164063
3 0.5164062 0.3437500 0.0130208 0.0343750
1 0.3903646 0.5433594 0.0203125 0.0210938
0 0.3080729 0.6207031 0.0140625 0.0195312
0 0.4447917 0.5132813 0.0229167 0.0187500
5 0.5755208 0.3269531 0.0281250 0.0195312
3 0.5507812 0.4679687 0.0213542 0.0281250
1 0.3789062 0.6960937 0.0119792 0.0281250
2 0.4359375 0.4332031 0.0125000 0.0273438
2 0.7041667 0.4164062 0.0270833 0.0187500
0 0.6226563 0.2910156 0.0234375 0.0304687
0 0.6276042 0.1796875 0.0270833 0.0203125
0 0.3869792 0.6433594 0.0156250 0.0304687
2 0.5645833 0.7847656 0.0270833 0.0179687
5 0.2716146 0.2312500 0.0140625 0.0234375
4 0.5036458 0.3000000 0.0125000 0.0281250
4 0.3546875 0.8988281 0.0229167 0.0242188
0 0.3010417 0.2277344 0.0125000 0.0164063
5 0.4723958 0.5988281 0.0135417 0.0398437
3 0.5708333 0.1589844 0.0208333 0.0210938
2 0.5885417 0.5566406 0.0208333 0.0351562
3 0.6627604 0.5511719 0.0255208 0.0226562
1 0.6963542 0.4597656 0.0135417 0.0210938
0 0.4390625 0.1863281 0.0229167 0.0304687
1 0.4828125 0.5335937 0.0135417 0.0187500
3 0.7419271 0.3531250 0.0296875 0.0265625
5 0.6778646 0.6050781 0.0161458 0.0257812
4 0.7067708 0.3980469 0.0270833 0.0226562
3 0.3346354 0.7519531 0.0161458 0.0398437
4 0.5132813 0.0042969 0.0161458 0.0085938
1 0.6947917 0.6156250 0.0229167 0.0281250
2 0.6182292 0.3554688 0.0239583 0.0234375
5 0.5369792 0.1484375 0.0229167 0.0265625
3 0.3098958 0.2671875 0.0250000 0.0187500
5 0.5708333 0.4652344 0.0250000 0.0320312
4 0.5411458 0.4355469 0.0166667 0.0210938
3 0.2903646 0.3730469 0.0255208 0.0242188
8 0.6484375 0.2917969 0.0239583 0.0242188
7 0.4914062 0.4628906 0.0161458 0.0351562
9 0.5924479 0.5636719 0.0265625 0.0382813
7 0.4135417 0.8726563 0.0187500 0.0312500
9 0.3523438 0.8863281 0.0182292 0.0398437
7 0.4984375 0.3355469 0.0229167 0.0367188
11 0.4734375 0.8031250 0.0166667 0.0390625
10 0.5278646 0.2769531 0.0171875 0.0226562
7 0.7557292 0.3886719 0.0197917 0.0335937
8 0.6679688 0.2054688 0.0255208 0.0281250
9 0.6437500 0.6332031 0.0197917 0.0382813
