1 0.2565104 0.5214844 0.0494792 0.0398437
2 0.6031250 0.3058594 0.0510417 0.0367188
1 0.5932292 0.1410156 0.0416667 0.0429688
2 0.7601562 0.2398437 0.0546875 0.0453125
3 0.5338542 0.4066406 0.0250000 0.0414062
3 0.5791667 0.1753906 0.0500000 0.0304687
1 0.4067708 0.7515625 0.0510417 0.0437500
1 0.4861979 0.3574219 0.0473958 0.0335937
0 0.3250000 0.4089844 0.0562500 0.0367188
1 0.4687500 0.4781250 0.0229167 0.0703125
2 0.5692708 0.5011719 0.0489583 0.0539063
2 0.6109375 0.1886719 0.0468750 0.0351562
1 0.4877604 0.3718750 0.0234375 0.0750000
3 0.4247396 0.4593750 0.0338542 0.0750000
0 0.4463542 0.0738281 0.0479167 0.0523438
5 0.4231771 0.3406250 0.0359375 0.0390625
2 0.3033854 0.6761719 0.0265625 0.0773438
5 0.5940104 0.3671875 0.0453125 0.0359375
0 0.6690104 0.5433594 0.0276042 0.0695313
3 0.5924479 0.3593750 0.0494792 0.0421875
5 0.3278646 0.5953125 0.0526042 0.0453125
2 0.7434896 0.6214844 0.0401042 0.0539063
1 0.7268229 0.6753906 0.0494792 0.0476562
3 0.5255208 0.2218750 0.0239583 0.0484375
0 0.6744792 0.3773437 0.0427083 0.0578125
3 0.2458333 0.4515625 0.0270833 0.0500000
1 0.6992188 0.4152344 0.0526042 0.0554687
2 0.3875000 0.2472656 0.0562500 0.0445313
5 0.4799479 0.2835937 0.0473958 0.0484375
2 0.6997396 0.3621094 0.0421875 0.0445313
0 0.6677083 0.1335938 0.0489583 0.0406250
4 0.3213542 0.4761719 0.0500000 0.0414062
5 0.4557292 0.4269531 0.0531250 0.0414062
4 0.5328125 0.7488281 0.0489583 0.0382813
4 0.5729167 0.5226563 0.0291667 0.0656250
3 0.5773438 0.4218750 0.0390625 0.0421875
0 0.5192708 0.8023438 0.0500000 0.0515625
4 0.5414062 0.2640625 0.0338542 0.0359375
1 0.5898438 0.4957031 0.0411458 0.0539063
5 0.5588542 0.4828125 0.0343750 0.0390625
1 0.5747396 0.6292969 0.0411458 0.0507812
1 0.5523438 0.3761719 0.0494792 0.0382813
5 0.2169271 0.5304688 0.0484375 0.0437500
3 0.6903646 0.3714844 0.0432292 0.0445313
3 0.7890625 0.4617188 0.0239583 0.0453125
11 0.6765625 0.4101562 0.0343750 0.0718750
