2 0.3122396 0.5414062 0.0203125 0.0390625
5 0.4739583 0.6667969 0.0156250 0.0367188
3 0.3091146 0.1835938 0.0276042 0.0203125
1 0.7419271 0.3820312 0.0265625 0.0218750
0 0.4057292 0.2398437 0.0260417 0.0171875
7 0.4744792 0.2441406 0.0291667 0.0273438
10 0.4153646 0.7382812 0.0182292 0.0406250
7 0.4903646 0.4089844 0.0244792 0.0398437
7 0.6080729 0.2316406 0.0286458 0.0367188
6 0.7018229 0.3660156 0.0192708 0.0273438
6 0.6919271 0.1101562 0.0213542 0.0437500
7 0.5434896 0.2500000 0.0223958 0.0265625
10 0.3489583 0.4542969 0.0187500 0.0273438
10 0.3346354 0.4988281 0.0192708 0.0289063
6 0.4335938 0.1683594 0.0286458 0.0273438
9 0.3315104 0.8472656 0.0286458 0.0320312
10 0.7101563 0.3285156 0.0182292 0.0429688
