5 0.5651042 0.8574219 0.0229167 0.0242188
0 0.4192708 0.6859375 0.0187500 0.0296875
1 0.3377604 0.5464844 0.0369792 0.0257812
4 0.4596354 0.7480469 0.0338542 0.0257812
1 0.5239583 0.5335937 0.0197917 0.0453125
3 0.6289062 0.4812500 0.0182292 0.0250000
0 0.7197917 0.4714844 0.0385417 0.0257812
3 0.4479167 0.6722656 0.0302083 0.0257812
4 0.3252604 0.5632812 0.0328125 0.0234375
0 0.7044271 0.8433594 0.0203125 0.0242188
3 0.2510417 0.4453125 0.0187500 0.0250000
1 0.5585938 0.1917969 0.0182292 0.0460938
4 0.5367188 0.8453125 0.0380208 0.0250000
1 0.3966146 0.2402344 0.0223958 0.0289063
0 0.6604167 0.7394531 0.0322917 0.0210938
2 0.5921875 0.7019531 0.0312500 0.0257812
0 0.5453125 0.6902344 0.0229167 0.0539063
3 0.7354167 0.5105469 0.0187500 0.0335937
4 0.4200521 0.2695312 0.0286458 0.0468750
2 0.5979167 0.6816406 0.0229167 0.0273438
4 0.5158854 0.3148437 0.0369792 0.0234375
1 0.3309896 0.5242187 0.0182292 0.0421875
1 0.3091146 0.5464844 0.0338542 0.0335937
3 0.6875000 0.2746094 0.0343750 0.0398437
1 0.4364583 0.0761719 0.0333333 0.0351562
1 0.5765625 0.6343750 0.0322917 0.0234375
2 0.3283854 0.2070312 0.0276042 0.0343750
5 0.4072917 0.2183594 0.0291667 0.0476562
4 0.5822917 0.2449219 0.0364583 0.0351562
4 0.7252604 0.5824219 0.0359375 0.0289063
0 0.4036458 0.2367188 0.0302083 0.0437500
5 0.3505208 0.6164063 0.0166667 0.0468750
4 0.2606771 0.6996094 0.0223958 0.0492187
0 0.3632812 0.6710938 0.0213542 0.0453125
3 0.6875000 0.2820313 0.0322917 0.0421875
2 0.7000000 0.7886719 0.0291667 0.0242188
3 0.3604167 0.7035156 0.0197917 0.0460938
2 0.4007812 0.3074219 0.0348958 0.0304687
0 0.5929688 0.6382813 0.0265625 0.0453125
5 0.5872396 0.3164062 0.0213542 0.0328125
2 0.4070313 0.7449219 0.0265625 0.0382813
1 0.5263021 0.5542969 0.0223958 0.0523438
5 0.2197917 0.4441406 0.0354167 0.0382813
9 0.6333333 0.6621094 0.0260417 0.0320312
8 0.5046875 0.4125000 0.0250000 0.0437500
8 0.6315104 0.7027344 0.0348958 0.0429688
11 0.5466146 0.8027344 0.0244792 0.0507812
7 0.5382813 0.5492187 0.0359375 0.0343750
7 0.6882812 0.8136719 0.0234375 0.0507812
9 0.6388021 0.0933594 0.0348958 0.0429688
11 0.5481771 0.4191406 0.0328125 0.0320312
6 0.6854167 0.5476562 0.0291667 0.0421875
8 0.3877604 0.3050781 0.0328125 0.0429688
6 0.3708333 0.6207031 0.0312500 0.0335937
10 0.6263021 0.3796875 0.0338542 0.0328125
6 0.6406250 0.6121094 0.0312500 0.0351562
7 0.6408854 0.2378906 0.0317708 0.0320312
8 0.4283854 0.4800781 0.0328125 0.0335937
