1 0.5182292 0.6593750 0.1125000 0.1328125
2 0.3348958 0.2667969 0.0687500 0.0960938
1 0.6250000 0.4496094 0.0760417 0.2242187
1 0.7049479 0.5171875 0.0776042 0.2203125
3 0.5565104 0.2988281 0.0984375 0.1320312
2 0.6348958 0.6703125 0.1468750 0.0921875
5 0.4968750 0.6644531 0.0875000 0.1148437
3 0.7541667 0.4070313 0.1500000 0.1375000
2 0.7583333 0.6484375 0.1552083 0.0937500
7 0.2588542 0.3777344 0.1083333 0.1570313
10 0.4255208 0.5304688 0.1229167 0.1406250
8 0.3406250 0.2250000 0.1083333 0.1546875
8 0.3421875 0.7183594 0.1239583 0.1523438
6 0.7783854 0.4539063 0.1411458 0.1437500
10 0.2049479 0.7023438 0.0973958 0.2046875
7 0.6348958 0.8003906 0.1333333 0.1414063
9 0.7429687 0.5796875 0.1307292 0.1343750
7 0.7085938 0.1554687 0.1348958 0.1828125
7 0.7200521 0.4878906 0.1348958 0.1914062
9 0.7023438 0.4851563 0.1255208 0.1437500
7 0.3046875 0.7144531 0.0989583 0.1710937
6 0.6156250 0.4359375 0.1197917 0.1765625
8 0.7091146 0.3835938 0.1526042 0.1890625
8 0.2510417 0.2542969 0.1166667 0.1742188
11 0.5729167 0.1910156 0.1125000 0.1742188
8 0.4861979 0.1960938 0.1203125 0.1500000
9 0.3440104 0.1320312 0.1098958 0.2171875
11 0.3604167 0.6425781 0.1427083 0.1742188
10 0.8223958 0.5121094 0.1375000 0.1429688
