0 0.3606771 0.6437500 0.1046875 0.0984375
5 0.7572917 0.4371094 0.0854167 0.1257813
4 0.5757813 0.6367188 0.0828125 0.1171875
0 0.2919271 0.4488281 0.0963542 0.0757812
4 0.6408854 0.4570312 0.0463542 0.1359375
2 0.7710938 0.5539063 0.0890625 0.0921875
1 0.4750000 0.2621094 0.0812500 0.1664063
0 0.6270833 0.6160156 0.0864583 0.0664062
1 0.3627604 0.3785156 0.0890625 0.1085938
1 0.4200521 0.6667969 0.0869792 0.0914062
5 0.6281250 0.3839844 0.0739583 0.1398437
1 0.4763021 0.9308594 0.0921875 0.1242188
5 0.4679687 0.6343750 0.1119792 0.0609375
5 0.3255208 0.4679687 0.0989583 0.0703125
4 0.4070313 0.1554687 0.0609375 0.1359375
0 0.4526042 0.6460938 0.0666667 0.0593750
2 0.3809896 0.5824219 0.1140625 0.0898438
2 0.4187500 0.6046875 0.0937500 0.0781250
3 0.5247396 0.9003906 0.0546875 0.1507813
2 0.6453125 0.6265625 0.0916667 0.1171875
5 0.6007813 0.5101562 0.1005208 0.0812500
5 0.5127604 0.4328125 0.0848958 0.1296875
1 0.5825521 0.4875000 0.0682292 0.0750000
2 0.5940104 0.6156250 0.0734375 0.1000000
0 0.7445312 0.2996094 0.0536458 0.0898438
0 0.5997396 0.7800781 0.0546875 0.1492188
2 0.5520833 0.5191406 0.0833333 0.0898438
4 0.5898438 0.4441406 0.0880208 0.1304687
5 0.5484375 0.6113281 0.0645833 0.1414063
5 0.4281250 0.7039062 0.0677083 0.0812500
2 0.7145833 0.5281250 0.1010417 0.0703125
0 0.6299479 0.5746094 0.0640625 0.1023437
4 0.3906250 0.6722656 0.1000000 0.0898438
4 0.4208333 0.7707031 0.0968750 0.1148437
4 0.6726562 0.3285156 0.0755208 0.1117188
4 0.7156250 0.2964844 0.1125000 0.0789062
3 0.6403646 0.5394531 0.1036458 0.0882813
0 0.3065104 0.5535156 0.0953125 0.0679687
4 0.5789062 0.3222656 0.1046875 0.0757812
5 0.5898438 0.7527344 0.0682292 0.1632812
4 0.6585937 0.8000000 0.1088542 0.0843750
2 0.7153646 0.2207031 0.0755208 0.0851563
3 0.6127604 0.6363281 0.0713542 0.1226562
1 0.3778646 0.5691406 0.0598958 0.0679687
4 0.5046875 0.7753906 0.0989583 0.0695313
2 0.7122396 0.4437500 0.1078125 0.0906250
5 0.2554688 0.1523438 0.0661458 0.1578125
0 0.7416667 0.5781250 0.1083333 0.0734375
3 0.7041667 0.5941406 0.1072917 0.0929688
5 0.6934896 0.2808594 0.0588542 0.1585938
0 0.4882812 0.7410156 0.0796875 0.0664062
0 0.5158854 0.1550781 0.0848958 0.0976562
3 0.2875000 0.3050781 0.0427083 0.1414063
2 0.2143229 0.6308594 0.1026042 0.1039063
2 0.3947917 0.0589844 0.0927083 0.1101562
1 0.8085938 0.5300781 0.0963542 0.1054688
5 0.2604167 0.5074219 0.1083333 0.0773438
1 0.6294271 0.5449219 0.0953125 0.0695313
4 0.4609375 0.2488281 0.0625000 0.1101562
1 0.6739583 0.2597656 0.1052083 0.0945312
1 0.5625000 0.4386719 0.0895833 0.1117188
3 0.3937500 0.9121094 0.0770833 0.0914062
2 0.6476563 0.7222656 0.1140625 0.0804688
2 0.3255208 0.6074219 0.1072917 0.1132812
4 0.6036458 0.6640625 0.0468750 0.0796875
0 0.6989583 0.6511719 0.0729167 0.1554687
1 0.3156250 0.4171875 0.0927083 0.1031250
3 0.7109375 0.4839844 0.0531250 0.0992187
0 0.5729167 0.6371094 0.0979167 0.0757812
3 0.5882812 0.6410156 0.0994792 0.0789062
0 0.6447917 0.7609375 0.0989583 0.0781250
0 0.4148438 0.3906250 0.1036458 0.0734375
3 0.2768229 0.7171875 0.1057292 0.0734375
6 0.5549479 0.4882812 0.0817708 0.0875000
7 0.5453125 0.1308594 0.0968750 0.1039063
