1 0.5877604 0.5343750 0.0203125 0.0265625
4 0.4510417 0.8277344 0.0104167 0.0273438
1 0.5609375 0.5285156 0.0239583 0.0164063
2 0.5786458 0.3222656 0.0270833 0.0195312
1 0.6018229 0.7375000 0.0276042 0.0234375
4 0.3653646 0.5429688 0.0234375 0.0156250
5 0.4536458 0.3582031 0.0229167 0.0226562
3 0.5674479 0.1324219 0.0255208 0.0195312
3 0.5179687 0.8347656 0.0244792 0.0195312
1 0.5869792 0.5226563 0.0114583 0.0296875
1 0.6856771 0.5867187 0.0234375 0.0171875
2 0.5296875 0.1000000 0.0135417 0.0359375
5 0.5638021 0.2105469 0.0182292 0.0179687
4 0.5296875 0.1660156 0.0177083 0.0210938
1 0.5481771 0.7187500 0.0171875 0.0343750
1 0.5278646 0.4402344 0.0213542 0.0226562
4 0.4893229 0.4410156 0.0265625 0.0226562
4 0.6822917 0.3019531 0.0270833 0.0210938
2 0.5252604 0.7265625 0.0161458 0.0234375
2 0.7458333 0.4273438 0.0208333 0.0265625
5 0.6377604 0.7226562 0.0255208 0.0250000
4 0.4604167 0.4242187 0.0177083 0.0156250
2 0.3822917 0.3136719 0.0239583 0.0148437
4 0.5809896 0.4253906 0.0119792 0.0367188
1 0.4401042 0.1027344 0.0239583 0.0164063
5 0.4533854 0.1750000 0.0182292 0.0171875
2 0.3968750 0.5070313 0.0229167 0.0281250
2 0.6304688 0.6023437 0.0119792 0.0312500
1 0.3403646 0.6781250 0.0119792 0.0203125
3 0.6494792 0.6867188 0.0239583 0.0187500
2 0.6268229 0.3593750 0.0161458 0.0171875
5 0.5979167 0.3214844 0.0270833 0.0179687
0 0.5000000 0.5929688 0.0135417 0.0359375
5 0.7315104 0.4515625 0.0244792 0.0171875
2 0.7169271 0.5011719 0.0244792 0.0179687
4 0.5432292 0.3242188 0.0145833 0.0328125
0 0.3643229 0.7980469 0.0130208 0.0382813
3 0.5791667 0.1609375 0.0229167 0.0187500
0 0.6138021 0.6867188 0.0171875 0.0375000
4 0.4205729 0.4039063 0.0244792 0.0171875
3 0.6364583 0.9183594 0.0104167 0.0320312
3 0.4252604 0.9019531 0.0161458 0.0226562
4 0.5708333 0.5152344 0.0125000 0.0226562
7 0.7294271 0.5835938 0.0234375 0.0281250
8 0.6127604 0.5546875 0.0234375 0.0234375
7 0.6976562 0.3445313 0.0255208 0.0250000
7 0.6807292 0.5707031 0.0239583 0.0273438
6 0.3635417 0.6250000 0.0177083 0.0296875
11 0.7221354 0.1882813 0.0171875 0.0375000
7 0.6565104 0.3339844 0.0161458 0.0210938
8 0.5296875 0.4363281 0.0145833 0.0320312
6 0.6114583 0.4042969 0.0218750 0.0242188
7 0.7117187 0.7875000 0.0234375 0.0234375
10 0.5447917 0.6062500 0.0166667 0.0296875
7 0.4197917 0.3574219 0.0229167 0.0320312
6 0.7106771 0.5046875 0.0234375 0.0312500
7 0.3057292 0.5437500 0.0250000 0.0328125
8 0.6536458 0.7164063 0.0239583 0.0265625
7 0.6419271 0.6203125 0.0213542 0.0328125
6 0.4898438 0.6828125 0.0203125 0.0296875
