1 0.5171875 0.2160156 0.0437500 0.0773438
3 0.4010417 0.4175781 0.0427083 0.0539063
3 0.4854167 0.7308594 0.0635417 0.0429688
3 0.5588542 0.3199219 0.0666667 0.0382813
4 0.4059896 0.1746094 0.0463542 0.0632812
1 0.6429687 0.5191406 0.0692708 0.0632812
5 0.4440104 0.2718750 0.0692708 0.0515625
0 0.7174479 0.7191406 0.0317708 0.0960938
4 0.5888021 0.4128906 0.0630208 0.0507812
1 0.4135417 0.6136719 0.0437500 0.0601563
3 0.4981771 0.2105469 0.0567708 0.0460938
5 0.4869792 0.9476562 0.0677083 0.0515625
2 0.3153646 0.1074219 0.0651042 0.0570312
1 0.6903646 0.2113281 0.0651042 0.0445313
4 0.5067708 0.6300781 0.0354167 0.0804688
4 0.3588542 0.5480469 0.0510417 0.0945312
5 0.4528646 0.3984375 0.0276042 0.0890625
1 0.5750000 0.8867188 0.0395833 0.0531250
0 0.6466146 0.5792969 0.0609375 0.0414062
5 0.6177083 0.6238281 0.0364583 0.0492187
0 0.6320313 0.8027344 0.0630208 0.0539063
1 0.3591146 0.3042969 0.0630208 0.0742188
0 0.7341146 0.4972656 0.0338542 0.1007813
3 0.6773438 0.7625000 0.0671875 0.0453125
0 0.5239583 0.3429687 0.0406250 0.0593750
2 0.5455729 0.4089844 0.0296875 0.0914062
5 0.6179687 0.7757812 0.0619792 0.0625000
4 0.4830729 0.1695312 0.0598958 0.0859375
2 0.3427083 0.3164062 0.0729167 0.0515625
0 0.6213542 0.7140625 0.0437500 0.0500000
0 0.4078125 0.5363281 0.0458333 0.0570312
1 0.4010417 0.2671875 0.0395833 0.0890625
2 0.3885417 0.6617188 0.0333333 0.0484375
5 0.4388021 0.5308594 0.0276042 0.0601563
3 0.4450521 0.6046875 0.0588542 0.0468750
3 0.2880208 0.7398438 0.0500000 0.0796875
4 0.4841146 0.2992187 0.0494792 0.0890625
4 0.5653646 0.3804688 0.0609375 0.0437500
1 0.2997396 0.4394531 0.0307292 0.0570312
1 0.3955729 0.8906250 0.0328125 0.0750000
0 0.5648437 0.1929687 0.0619792 0.0546875
0 0.3520833 0.7921875 0.0354167 0.0703125
4 0.5111979 0.3968750 0.0598958 0.0437500
3 0.4575521 0.2824219 0.0317708 0.0585938
5 0.3492188 0.6507812 0.0411458 0.1000000
1 0.2713542 0.6109375 0.0677083 0.0515625
1 0.5252604 0.7648438 0.0692708 0.0453125
0 0.6851563 0.5148438 0.0442708 0.0609375
1 0.2773438 0.6367188 0.0703125 0.0500000
1 0.5018229 0.8207031 0.0515625 0.0773438
4 0.5906250 0.2347656 0.0489583 0.0460938
5 0.5562500 0.5074219 0.0645833 0.0445313
0 0.6466146 0.3593750 0.0671875 0.0609375
1 0.5546875 0.2523437 0.0583333 0.0468750
4 0.6091146 0.3378906 0.0526042 0.0851563
2 0.7036458 0.5679688 0.0333333 0.0546875
3 0.5841146 0.3207031 0.0723958 0.0648438
1 0.4354167 0.5324219 0.0541667 0.0570312
0 0.4299479 0.6449219 0.0380208 0.0835937
1 0.7015625 0.4554687 0.0614583 0.0671875
5 0.3757813 0.3257813 0.0317708 0.0562500
2 0.4664063 0.6757812 0.0421875 0.0984375
4 0.4059896 0.5617188 0.0338542 0.0812500
2 0.5817708 0.3718750 0.0552083 0.0875000
10 0.4627604 0.5523438 0.0578125 0.0625000
6 0.5697917 0.2585938 0.0468750 0.0578125
8 0.5476562 0.5632812 0.0651042 0.0984375
6 0.6210938 0.0679687 0.0421875 0.1000000
11 0.6734375 0.0613281 0.0427083 0.0992187
10 0.5666667 0.4003906 0.0447917 0.0601563
10 0.6950521 0.3296875 0.0640625 0.0640625
8 0.5119792 0.1363281 0.0510417 0.0914062
7 0.3994792 0.6886719 0.0666667 0.0632812
11 0.6955729 0.5722656 0.0619792 0.0617188
10 0.8080729 0.4550781 0.0546875 0.0679687
9 0.7158854 0.2187500 0.0609375 0.0593750
11 0.7528646 0.2355469 0.0640625 0.0601563
6 0.4507813 0.6167969 0.0588542 0.0601563
