3 0.3541667 0.7175781 0.0468750 0.0429688
0 0.6255208 0.2347656 0.0281250 0.0398437
4 0.6596354 0.3882813 0.0494792 0.0359375
5 0.7119792 0.3382812 0.0479167 0.0500000
4 0.5166667 0.6640625 0.0281250 0.0843750
3 0.4523437 0.4609375 0.0505208 0.0421875
0 0.5921875 0.4460938 0.0218750 0.0718750
5 0.3651042 0.4578125 0.0500000 0.0500000
0 0.5093750 0.5789062 0.0239583 0.0625000
0 0.4822917 0.3488281 0.0489583 0.0523438
0 0.5799479 0.5117188 0.0484375 0.0437500
0 0.4994792 0.7289062 0.0395833 0.0593750
2 0.3455729 0.4531250 0.0546875 0.0421875
3 0.6041667 0.7281250 0.0468750 0.0515625
1 0.3953125 0.1378906 0.0385417 0.0664062
3 0.6841146 0.7484375 0.0546875 0.0390625
0 0.6263021 0.7832031 0.0463542 0.0570312
3 0.6031250 0.5714844 0.0500000 0.0492187
5 0.4458333 0.8363281 0.0510417 0.0492187
2 0.6067708 0.3707031 0.0510417 0.0445313
5 0.6138021 0.4277344 0.0536458 0.0398437
3 0.3513021 0.5351562 0.0401042 0.0531250
1 0.6817708 0.7179688 0.0437500 0.0359375
2 0.3984375 0.3031250 0.0260417 0.0578125
0 0.5169271 0.4414062 0.0317708 0.0390625
5 0.4718750 0.2035156 0.0343750 0.0742188
0 0.4955729 0.2210938 0.0515625 0.0390625
1 0.5908854 0.4246094 0.0276042 0.0742188
3 0.6203125 0.7941406 0.0322917 0.0695313
5 0.4203125 0.8800781 0.0375000 0.0664062
4 0.5091146 0.5695313 0.0473958 0.0609375
1 0.6752604 0.1917969 0.0526042 0.0289063
1 0.6820312 0.3589844 0.0453125 0.0351562
11 0.6716146 0.6046875 0.0473958 0.0484375
10 0.5109375 0.7046875 0.0406250 0.0718750
8 0.4466146 0.5281250 0.0307292 0.0609375
11 0.5497396 0.8886719 0.0421875 0.0742188
8 0.3033854 0.3304687 0.0401042 0.0484375
6 0.5062500 0.3425781 0.0500000 0.0585938
11 0.6979167 0.5222656 0.0468750 0.0460938
7 0.5940104 0.6164063 0.0442708 0.0562500
9 0.3028646 0.7609375 0.0432292 0.0671875
9 0.5984375 0.3167969 0.0375000 0.0695313
6 0.4971354 0.2058594 0.0463542 0.0460938
10 0.4921875 0.2496094 0.0354167 0.0585938
6 0.6731771 0.5593750 0.0473958 0.0453125
10 0.7010417 0.5785156 0.0416667 0.0523438
11 0.4388021 0.6519531 0.0432292 0.0429688
7 0.5427083 0.6890625 0.0489583 0.0484375
