3 0.3546875 0.5246094 0.0156250 0.0273438
4 0.4893229 0.6464844 0.0130208 0.0367188
3 0.5861979 0.2210938 0.0244792 0.0203125
3 0.4479167 0.7613281 0.0145833 0.0382813
4 0.4432292 0.3117187 0.0114583 0.0171875
5 0.5416667 0.6187500 0.0135417 0.0187500
4 0.4458333 0.5460938 0.0187500 0.0187500
0 0.3408854 0.2175781 0.0223958 0.0210938
2 0.3414063 0.6101562 0.0130208 0.0406250
0 0.4898438 0.3046875 0.0182292 0.0171875
5 0.4106771 0.5199219 0.0182292 0.0210938
2 0.4973958 0.3230469 0.0260417 0.0226562
1 0.3200521 0.4238281 0.0244792 0.0320312
2 0.4075521 0.1820313 0.0182292 0.0203125
0 0.6106771 0.2042969 0.0276042 0.0273438
5 0.4635417 0.1863281 0.0156250 0.0257812
5 0.6119792 0.2914062 0.0156250 0.0406250
4 0.2710938 0.5671875 0.0286458 0.0250000
4 0.4679687 0.5210938 0.0223958 0.0250000
4 0.5611979 0.2996094 0.0213542 0.0273438
3 0.5625000 0.7039062 0.0135417 0.0187500
4 0.6575521 0.5917969 0.0265625 0.0195312
4 0.3328125 0.2179687 0.0270833 0.0187500
3 0.5539063 0.3042969 0.0192708 0.0367188
3 0.6356771 0.6031250 0.0182292 0.0203125
1 0.6419271 0.5906250 0.0265625 0.0187500
0 0.6783854 0.3453125 0.0130208 0.0218750
2 0.4398437 0.4703125 0.0244792 0.0250000
5 0.6890625 0.3867188 0.0302083 0.0250000
3 0.4260417 0.7957031 0.0135417 0.0382813
2 0.4781250 0.3480469 0.0187500 0.0195312
4 0.6750000 0.5847656 0.0208333 0.0195312
5 0.2846354 0.3539062 0.0265625 0.0234375
4 0.5450521 0.1441406 0.0182292 0.0195312
4 0.6973958 0.4851563 0.0270833 0.0187500
4 0.4195313 0.5996094 0.0265625 0.0195312
2 0.4705729 0.5902344 0.0276042 0.0226562
5 0.4476562 0.4625000 0.0276042 0.0203125
1 0.5010417 0.2406250 0.0208333 0.0265625
3 0.5958333 0.1625000 0.0208333 0.0312500
2 0.3877604 0.4347656 0.0255208 0.0289063
5 0.5705729 0.7355469 0.0223958 0.0351562
5 0.3653646 0.7113281 0.0192708 0.0273438
3 0.5664062 0.2382812 0.0286458 0.0203125
2 0.5401042 0.5757813 0.0177083 0.0281250
4 0.5083333 0.3277344 0.0270833 0.0210938
2 0.6682292 0.4007812 0.0291667 0.0203125
4 0.6252604 0.2488281 0.0223958 0.0195312
2 0.5268229 0.6816406 0.0223958 0.0289063
3 0.5562500 0.2605469 0.0239583 0.0164063
5 0.3950521 0.4925781 0.0265625 0.0226562
4 0.5763021 0.2296875 0.0119792 0.0390625
3 0.2109375 0.5066406 0.0187500 0.0226562
3 0.7369792 0.6867188 0.0260417 0.0203125
4 0.7117187 0.7156250 0.0265625 0.0203125
0 0.4593750 0.3972656 0.0156250 0.0398437
4 0.2807292 0.5867187 0.0218750 0.0328125
3 0.6195312 0.3460937 0.0130208 0.0171875
1 0.6789063 0.5984375 0.0244792 0.0265625
2 0.6354167 0.8175781 0.0270833 0.0195312
5 0.2739583 0.4121094 0.0260417 0.0210938
2 0.4442708 0.2535156 0.0135417 0.0382813
0 0.5778646 0.1207031 0.0140625 0.0335937
3 0.4744792 0.7359375 0.0166667 0.0312500
5 0.5760417 0.5968750 0.0114583 0.0250000
4 0.6138021 0.5757813 0.0286458 0.0218750
4 0.6479167 0.5980469 0.0229167 0.0242188
3 0.4033854 0.7355469 0.0213542 0.0289063
4 0.7356771 0.3617187 0.0286458 0.0250000
10 0.5518229 0.6062500 0.0171875 0.0359375
10 0.4460938 0.7070312 0.0234375 0.0234375
9 0.7346354 0.6140625 0.0213542 0.0250000
10 0.5260417 0.3046875 0.0281250 0.0265625
6 0.7458333 0.5863281 0.0250000 0.0257812
10 0.4752604 0.2992187 0.0223958 0.0359375
9 0.7283854 0.4593750 0.0244792 0.0281250
10 0.5822917 0.3300781 0.0239583 0.0273438
9 0.4825521 0.1667969 0.0213542 0.0367188
8 0.3932292 0.7171875 0.0177083 0.0390625
9 0.6486979 0.2210938 0.0213542 0.0421875
11 0.3177083 0.3761719 0.0250000 0.0242188
11 0.7250000 0.4292969 0.0250000 0.0273438
11 0.2570312 0.6851563 0.0192708 0.0390625
6 0.4385417 0.7152344 0.0239583 0.0335937
