5 0.7273437 0.2546875 0.0807292 0.0812500
5 0.5023437 0.3578125 0.0661458 0.1171875
3 0.7382812 0.2964844 0.1328125 0.0882813
4 0.5539063 0.7574219 0.0755208 0.1132812
1 0.7927083 0.5769531 0.0697917 0.1367188
2 0.8140625 0.5664062 0.0979167 0.1890625
0 0.5703125 0.3457031 0.1302083 0.1398437
1 0.6726562 0.0308594 0.0994792 0.0617188
1 0.3958333 0.4648438 0.0520833 0.1765625
4 0.7736979 0.8292969 0.1161458 0.1070312
2 0.6169271 0.6265625 0.1088542 0.1453125
0 0.4791667 0.8281250 0.1354167 0.0828125
5 0.5372396 0.5222656 0.1369792 0.1070312
2 0.4205729 0.4089844 0.0901042 0.0960938
2 0.6505208 0.6972656 0.1083333 0.1476562
3 0.4997396 0.4929688 0.0817708 0.2140625
2 0.4033854 0.6871094 0.1213542 0.0992187
3 0.6945313 0.1617187 0.0890625 0.1359375
3 0.3890625 0.1027344 0.1385417 0.1039063
2 0.5776042 0.7421875 0.0781250 0.2031250
4 0.3927083 0.6851563 0.0979167 0.1296875
0 0.4317708 0.6625000 0.0614583 0.1140625
0 0.5986979 0.6851563 0.0880208 0.2015625
3 0.5914063 0.1906250 0.0734375 0.1781250
1 0.4880208 0.6082031 0.0968750 0.1914062
1 0.4726562 0.5789062 0.0848958 0.1562500
0 0.3216146 0.4277344 0.1338542 0.0976562
0 0.6020833 0.6347656 0.0468750 0.1242188
3 0.5210938 0.3339844 0.1213542 0.1179687
1 0.5765625 0.6683594 0.1052083 0.1617187
2 0.6627604 0.2738281 0.1234375 0.0882813
0 0.7132812 0.5746094 0.1286458 0.0960938
0 0.4575521 0.2609375 0.0713542 0.1265625
3 0.4559896 0.8218750 0.0723958 0.1750000
2 0.3223958 0.1863281 0.0583333 0.2117188
5 0.5867187 0.5261719 0.1255208 0.0835937
2 0.7502604 0.5125000 0.1380208 0.1234375
0 0.4611979 0.3929687 0.0994792 0.1656250
3 0.6526042 0.6617188 0.0791667 0.1187500
5 0.7875000 0.8167969 0.0635417 0.1929687
2 0.4674479 0.3476562 0.0880208 0.1406250
5 0.6304688 0.8222656 0.0598958 0.1960938
4 0.4052083 0.2691406 0.1312500 0.0882813
6 0.5518229 0.8414063 0.0921875 0.1937500
8 0.7638021 0.5957031 0.0880208 0.1507813
6 0.3643229 0.5765625 0.1161458 0.1140625
9 0.6049479 0.2839844 0.1171875 0.1851562
9 0.5877604 0.2753906 0.1328125 0.1289062
10 0.7059896 0.3230469 0.0953125 0.1570313
9 0.4049479 0.3156250 0.0942708 0.1734375
9 0.4359375 0.2605469 0.1239583 0.1835938
6 0.4416667 0.8910156 0.1197917 0.1289062
11 0.7106771 0.1480469 0.1296875 0.1351563
8 0.4963542 0.6054688 0.0802083 0.1140625
8 0.7471354 0.3355469 0.1026042 0.1648438
10 0.6140625 0.3589844 0.1187500 0.1195313
9 0.6070313 0.5480469 0.0953125 0.1085938
6 0.2473958 0.8460937 0.1187500 0.1328125
7 0.4640625 0.4699219 0.1156250 0.1382812
