4 0.4338542 0.8179688 0.0260417 0.0453125
3 0.5510417 0.8851562 0.0291667 0.0437500
4 0.5669271 0.6906250 0.0255208 0.0453125
2 0.6309896 0.5296875 0.0223958 0.0375000
5 0.5736979 0.4441406 0.0348958 0.0273438
0 0.3781250 0.3953125 0.0239583 0.0359375
3 0.5557292 0.1714844 0.0218750 0.0351562
0 0.6440104 0.6625000 0.0359375 0.0250000
5 0.5677083 0.3406250 0.0364583 0.0250000
1 0.5661458 0.4230469 0.0250000 0.0382813
3 0.5406250 0.5648437 0.0343750 0.0296875
3 0.3231771 0.5000000 0.0244792 0.0406250
4 0.5635417 0.7675781 0.0354167 0.0210938
8 0.5575521 0.1667969 0.0317708 0.0320312
10 0.6880208 0.6902344 0.0312500 0.0304687
11 0.7164063 0.5273438 0.0328125 0.0343750
9 0.6950521 0.4570312 0.0380208 0.0359375
10 0.4182292 0.4578125 0.0291667 0.0375000
10 0.3369792 0.3292969 0.0218750 0.0445313
8 0.5351562 0.2628906 0.0328125 0.0335937
11 0.6104167 0.2996094 0.0322917 0.0320312
10 0.4838542 0.8351563 0.0218750 0.0437500
