0 0.7268229 0.3964844 0.0390625 0.0289063
5 0.4786458 0.3953125 0.0239583 0.0640625
0 0.3895833 0.3574219 0.0229167 0.0648438
5 0.7039062 0.2929688 0.0338542 0.0453125
1 0.5911458 0.5183594 0.0187500 0.0554687
2 0.4513021 0.2070312 0.0338542 0.0500000
0 0.6716146 0.4757812 0.0390625 0.0234375
1 0.4236979 0.6019531 0.0192708 0.0523438
3 0.5020833 0.2730469 0.0354167 0.0492187
0 0.5781250 0.5441406 0.0437500 0.0398437
3 0.5132813 0.1570313 0.0411458 0.0281250
3 0.4135417 0.4507813 0.0385417 0.0281250
3 0.5635417 0.1976563 0.0343750 0.0468750
3 0.5033854 0.8046875 0.0401042 0.0265625
0 0.6841146 0.9453125 0.0161458 0.0609375
2 0.7278646 0.7148438 0.0390625 0.0250000
4 0.5484375 0.6742187 0.0395833 0.0359375
3 0.5328125 0.2871094 0.0177083 0.0273438
0 0.6184896 0.4933594 0.0401042 0.0414062
2 0.6705729 0.5304688 0.0328125 0.0515625
3 0.6510417 0.3625000 0.0406250 0.0296875
2 0.4325521 0.4363281 0.0411458 0.0304687
0 0.2195313 0.2863281 0.0453125 0.0398437
4 0.4942708 0.3628906 0.0218750 0.0289063
4 0.4789062 0.7164063 0.0380208 0.0406250
5 0.6005208 0.5316406 0.0385417 0.0242188
0 0.7125000 0.5695313 0.0302083 0.0281250
0 0.4765625 0.3582031 0.0156250 0.0351562
2 0.2601562 0.3445313 0.0453125 0.0296875
4 0.3794271 0.4968750 0.0401042 0.0312500
3 0.5664062 0.2335937 0.0401042 0.0312500
3 0.2507813 0.4320312 0.0380208 0.0375000
4 0.4244792 0.6496094 0.0197917 0.0570312
3 0.7052083 0.5214844 0.0197917 0.0351562
3 0.5578125 0.4730469 0.0312500 0.0523438
5 0.3093750 0.4660156 0.0302083 0.0304687
2 0.3341146 0.6925781 0.0411458 0.0289063
5 0.5739583 0.6195312 0.0354167 0.0312500
0 0.5104167 0.1871094 0.0166667 0.0289063
3 0.5648437 0.6429687 0.0411458 0.0421875
3 0.5856771 0.7921875 0.0317708 0.0296875
1 0.3476562 0.4050781 0.0213542 0.0304687
3 0.6781250 0.4316406 0.0395833 0.0257812
2 0.6354167 0.6781250 0.0447917 0.0359375
1 0.6356771 0.1652344 0.0432292 0.0320312
5 0.5609375 0.2406250 0.0291667 0.0296875
0 0.5820312 0.1156250 0.0348958 0.0296875
4 0.5630208 0.5679688 0.0218750 0.0656250
4 0.4072917 0.5496094 0.0187500 0.0554687
5 0.3768229 0.3433594 0.0213542 0.0351562
0 0.2924479 0.6925781 0.0411458 0.0273438
1 0.5184896 0.3792969 0.0401042 0.0320312
5 0.6164063 0.6082031 0.0421875 0.0304687
1 0.5992188 0.0800781 0.0348958 0.0289063
2 0.5861979 0.4722656 0.0401042 0.0289063
0 0.6747396 0.4765625 0.0390625 0.0250000
5 0.3635417 0.6324219 0.0166667 0.0523438
3 0.3940104 0.4761719 0.0411458 0.0382813
5 0.5799479 0.5101562 0.0307292 0.0390625
3 0.7557292 0.6800781 0.0416667 0.0320312
2 0.4174479 0.3371094 0.0348958 0.0304687
4 0.3276042 0.4128906 0.0322917 0.0289063
5 0.3416667 0.7234375 0.0281250 0.0296875
0 0.4250000 0.7492188 0.0218750 0.0375000
1 0.5091146 0.4417969 0.0213542 0.0429688
5 0.7414063 0.4378906 0.0171875 0.0398437
0 0.5109375 0.2445313 0.0239583 0.0312500
8 0.5666667 0.2757812 0.0281250 0.0546875
8 0.5119792 0.2398437 0.0416667 0.0406250
9 0.6705729 0.7875000 0.0401042 0.0546875
8 0.4955729 0.8453125 0.0421875 0.0546875
8 0.4617188 0.3917969 0.0421875 0.0429688
6 0.5901042 0.6160156 0.0322917 0.0460938
11 0.4708333 0.8144531 0.0291667 0.0601563
7 0.6239583 0.4371094 0.0385417 0.0367188
6 0.3671875 0.7742187 0.0281250 0.0593750
7 0.3109375 0.5367188 0.0270833 0.0500000
7 0.5122396 0.5039062 0.0255208 0.0390625
6 0.6432292 0.6316406 0.0322917 0.0632812
6 0.4140625 0.2847656 0.0302083 0.0539063
6 0.5830729 0.7269531 0.0411458 0.0617188
7 0.7226562 0.4335938 0.0348958 0.0578125
11 0.3898437 0.7652344 0.0296875 0.0554687
