3 0.5567708 0.3218750 0.0791667 0.0765625
1 0.5320312 0.2117188 0.0390625 0.0968750
1 0.7231771 0.7226562 0.0567708 0.0562500
5 0.3898437 0.4523437 0.0494792 0.1062500
2 0.5406250 0.7613281 0.0750000 0.0523438
5 0.4760417 0.2832031 0.0583333 0.0695313
4 0.2625000 0.2921875 0.0635417 0.0640625
1 0.6664062 0.6968750 0.0692708 0.0687500
3 0.5343750 0.3601563 0.0604167 0.0500000
2 0.6861979 0.2890625 0.0494792 0.1078125
0 0.2187500 0.6496094 0.0468750 0.0632812
3 0.3502604 0.3015625 0.0411458 0.0875000
8 0.8028646 0.6914062 0.0765625 0.0703125
10 0.5354167 0.4718750 0.0593750 0.0765625
6 0.5729167 0.3664062 0.0666667 0.0906250
