0 0.6075521 0.2921875 0.0119792 0.0312500
4 0.7059896 0.7835937 0.0140625 0.0390625
3 0.4174479 0.9648438 0.0130208 0.0234375
4 0.5125000 0.3714844 0.0104167 0.0210938
2 0.6156250 0.6074219 0.0208333 0.0164063
0 0.2984375 0.4550781 0.0260417 0.0164063
2 0.6291667 0.2980469 0.0114583 0.0195312
0 0.6367188 0.6160156 0.0140625 0.0195312
1 0.3364583 0.1871094 0.0125000 0.0367188
3 0.6544271 0.8035156 0.0109375 0.0367188
5 0.3299479 0.5191406 0.0161458 0.0320312
5 0.5416667 0.8132812 0.0135417 0.0343750
4 0.4322917 0.5789062 0.0208333 0.0203125
1 0.6973958 0.6542969 0.0125000 0.0367188
1 0.3994792 0.8390625 0.0156250 0.0359375
1 0.5744792 0.5468750 0.0125000 0.0187500
1 0.6151042 0.6410156 0.0166667 0.0289063
2 0.2768229 0.3835938 0.0244792 0.0187500
1 0.5218750 0.0984375 0.0145833 0.0328125
3 0.7015625 0.5949219 0.0187500 0.0210938
1 0.5106771 0.4765625 0.0109375 0.0359375
3 0.6234375 0.2386719 0.0229167 0.0148437
4 0.6429687 0.2988281 0.0151042 0.0164063
4 0.6049479 0.8457031 0.0255208 0.0210938
0 0.2458333 0.2820313 0.0250000 0.0234375
0 0.4164062 0.4031250 0.0265625 0.0203125
5 0.4903646 0.5062500 0.0182292 0.0234375
3 0.5101562 0.7062500 0.0130208 0.0406250
4 0.4864583 0.4421875 0.0104167 0.0250000
5 0.3020833 0.4757812 0.0229167 0.0234375
4 0.6364583 0.4066406 0.0250000 0.0164063
1 0.6161458 0.2855469 0.0135417 0.0164063
4 0.2791667 0.3464844 0.0229167 0.0148437
0 0.5838542 0.3226562 0.0239583 0.0156250
4 0.3682292 0.6101562 0.0145833 0.0343750
2 0.6018229 0.3355469 0.0223958 0.0179687
3 0.4330729 0.9226562 0.0151042 0.0296875
2 0.3502604 0.5882812 0.0223958 0.0171875
5 0.3335938 0.4011719 0.0234375 0.0179687
0 0.5190104 0.4187500 0.0119792 0.0296875
3 0.4932292 0.8277344 0.0229167 0.0179687
3 0.6382813 0.0781250 0.0161458 0.0359375
3 0.4000000 0.4691406 0.0104167 0.0195312
4 0.5690104 0.4871094 0.0192708 0.0164063
5 0.5695313 0.1523438 0.0161458 0.0312500
5 0.4833333 0.8269531 0.0187500 0.0289063
0 0.4429688 0.7617188 0.0130208 0.0140625
4 0.6182292 0.2796875 0.0177083 0.0187500
5 0.7276042 0.3222656 0.0208333 0.0273438
11 0.5127604 0.7292969 0.0213542 0.0242188
8 0.6888021 0.8582031 0.0234375 0.0273438
10 0.6817708 0.2964844 0.0218750 0.0210938
7 0.3437500 0.3878906 0.0218750 0.0210938
9 0.6875000 0.5074219 0.0135417 0.0257812
6 0.3109375 0.7832031 0.0156250 0.0320312
11 0.6460938 0.4375000 0.0140625 0.0234375
9 0.4755208 0.5640625 0.0166667 0.0296875
9 0.4502604 0.2011719 0.0140625 0.0320312
8 0.4781250 0.2074219 0.0197917 0.0320312
7 0.5411458 0.8714844 0.0197917 0.0351562
7 0.5947917 0.8277344 0.0135417 0.0257812
