3 0.3533854 0.6804687 0.1703125 0.1234375
2 0.2632813 0.2074219 0.1682292 0.1039063
1 0.5070313 0.8046875 0.1526042 0.1015625
1 0.4411458 0.8707031 0.0802083 0.1195313
4 0.7239583 0.3488281 0.1614583 0.1539062
2 0.6523438 0.0687500 0.1192708 0.1375000
1 0.3791667 0.6253906 0.1052083 0.1710937
3 0.7041667 0.7929688 0.0895833 0.2156250
2 0.2070312 0.4953125 0.1317708 0.1703125
3 0.5351562 0.3792969 0.1640625 0.1132812
0 0.7158854 0.2886719 0.1380208 0.1679688
5 0.5229167 0.8007812 0.1583333 0.0843750
4 0.4854167 0.8976563 0.0916667 0.2031250
3 0.5841146 0.9718750 0.1348958 0.0546875
3 0.4742188 0.6527344 0.1526042 0.1289062
5 0.4919271 0.3386719 0.0942708 0.1648438
2 0.3841146 0.6160156 0.0921875 0.2601562
2 0.2971354 0.4308594 0.1630208 0.1929687
0 0.6554688 0.2652344 0.1723958 0.1320312
7 0.6161458 0.0953125 0.1562500 0.1906250
9 0.7000000 0.5761719 0.1750000 0.2039063
11 0.5013021 0.5214844 0.1526042 0.2570312
9 0.4078125 0.3671875 0.1520833 0.1593750
11 0.6864583 0.6664062 0.1447917 0.1421875
10 0.4268229 0.2597656 0.1598958 0.1804688
