0 0.5552083 0.3035156 0.0156250 0.0210938
1 0.7039062 0.4183594 0.0119792 0.0351562
0 0.4304688 0.2835937 0.0140625 0.0359375
3 0.5520833 0.6015625 0.0218750 0.0187500
5 0.6611979 0.4453125 0.0140625 0.0359375
0 0.3981771 0.4742188 0.0151042 0.0250000
3 0.6804687 0.3667969 0.0119792 0.0210938
1 0.4841146 0.5488281 0.0161458 0.0335937
5 0.5893229 0.3812500 0.0265625 0.0218750
4 0.4328125 0.8308594 0.0125000 0.0304687
5 0.4283854 0.7050781 0.0151042 0.0210938
0 0.6476563 0.4457031 0.0213542 0.0242188
4 0.6703125 0.1058594 0.0229167 0.0164063
3 0.3804688 0.3144531 0.0203125 0.0226562
4 0.4442708 0.3199219 0.0145833 0.0179687
1 0.4117188 0.5269531 0.0213542 0.0164063
2 0.5083333 0.5621094 0.0208333 0.0179687
4 0.6455729 0.2878906 0.0203125 0.0179687
1 0.4312500 0.2902344 0.0166667 0.0210938
1 0.6942708 0.4726562 0.0239583 0.0187500
3 0.3846354 0.3894531 0.0140625 0.0164063
3 0.6973958 0.6089844 0.0145833 0.0226562
3 0.6489583 0.3257813 0.0250000 0.0171875
0 0.6468750 0.7367187 0.0239583 0.0171875
3 0.4278646 0.1750000 0.0223958 0.0156250
0 0.4846354 0.2679687 0.0182292 0.0203125
0 0.5039062 0.2695312 0.0213542 0.0250000
2 0.6627604 0.2375000 0.0234375 0.0171875
1 0.3369792 0.4453125 0.0197917 0.0187500
1 0.7125000 0.6542969 0.0239583 0.0164063
1 0.3997396 0.6566406 0.0223958 0.0179687
0 0.4388021 0.5515625 0.0130208 0.0156250
4 0.7135417 0.5457031 0.0218750 0.0179687
1 0.2809896 0.6656250 0.0130208 0.0281250
2 0.6593750 0.4593750 0.0239583 0.0171875
0 0.6322917 0.6328125 0.0239583 0.0171875
1 0.5315104 0.5773438 0.0161458 0.0250000
4 0.5473958 0.2558594 0.0114583 0.0210938
3 0.5567708 0.7351562 0.0156250 0.0296875
3 0.2846354 0.7687500 0.0109375 0.0218750
0 0.2760417 0.4882812 0.0239583 0.0218750
0 0.3875000 0.3277344 0.0125000 0.0367188
3 0.4281250 0.6601562 0.0135417 0.0281250
0 0.5973958 0.1824219 0.0114583 0.0257812
3 0.6513021 0.2117188 0.0244792 0.0171875
4 0.4723958 0.6453125 0.0145833 0.0187500
5 0.6763021 0.5121094 0.0234375 0.0210938
1 0.2393229 0.7140625 0.0203125 0.0218750
3 0.5609375 0.9011719 0.0229167 0.0195312
5 0.3955729 0.6222656 0.0119792 0.0226562
5 0.7484375 0.3742187 0.0229167 0.0156250
5 0.5531250 0.6527344 0.0156250 0.0226562
1 0.4101562 0.6203125 0.0203125 0.0187500
4 0.5296875 0.1933594 0.0166667 0.0179687
0 0.2786458 0.6660156 0.0229167 0.0195312
3 0.4966146 0.3214844 0.0161458 0.0367188
3 0.4059896 0.2699219 0.0203125 0.0226562
2 0.6174479 0.5898438 0.0203125 0.0203125
2 0.4651042 0.3222656 0.0166667 0.0273438
9 0.6572917 0.5683594 0.0239583 0.0273438
8 0.3122396 0.2890625 0.0151042 0.0312500
9 0.6033854 0.2691406 0.0223958 0.0226562
11 0.3869792 0.7605469 0.0208333 0.0273438
7 0.5242187 0.9007812 0.0182292 0.0296875
6 0.7140625 0.4140625 0.0218750 0.0281250
10 0.6328125 0.7574219 0.0145833 0.0289063
11 0.6375000 0.5394531 0.0229167 0.0226562
9 0.6822917 0.5238281 0.0229167 0.0304687
9 0.3489583 0.3285156 0.0187500 0.0289063
6 0.4111979 0.3238281 0.0171875 0.0242188
10 0.7273437 0.4164062 0.0203125 0.0218750
8 0.5260417 0.4750000 0.0239583 0.0234375
7 0.6507812 0.5613281 0.0192708 0.0351562
6 0.6648437 0.5339844 0.0203125 0.0320312
6 0.4390625 0.5644531 0.0177083 0.0351562
8 0.5601563 0.0609375 0.0223958 0.0281250
9 0.4520833 0.2644531 0.0218750 0.0226562
10 0.3333333 0.3097656 0.0197917 0.0195312
