4 0.5309896 0.3128906 0.0578125 0.0382813
0 0.4049479 0.7085938 0.0307292 0.0593750
2 0.4716146 0.6843750 0.0234375 0.0718750
0 0.3919271 0.4613281 0.0369792 0.0789062
0 0.4763021 0.7582031 0.0255208 0.0476562
0 0.5132813 0.7746094 0.0578125 0.0414062
2 0.3028646 0.6042969 0.0380208 0.0570312
5 0.6020833 0.3964844 0.0593750 0.0398437
4 0.4911458 0.0894531 0.0541667 0.0367188
2 0.6132812 0.4523437 0.0307292 0.0828125
0 0.6919271 0.2742188 0.0453125 0.0703125
0 0.5614583 0.2386719 0.0364583 0.0445313
1 0.4117188 0.2253906 0.0578125 0.0429688
1 0.3598958 0.5671875 0.0447917 0.0390625
1 0.3507812 0.6023437 0.0546875 0.0390625
6 0.3213542 0.3234375 0.0562500 0.0546875
10 0.4763021 0.3886719 0.0369792 0.0554687
11 0.4919271 0.6367188 0.0369792 0.0765625
8 0.4382813 0.7562500 0.0546875 0.0546875
6 0.7307292 0.7371094 0.0552083 0.0523438
10 0.4815104 0.3453125 0.0463542 0.0687500
7 0.6924479 0.8390625 0.0515625 0.0546875
