3 0.4932292 0.3656250 0.0406250 0.1109375
2 0.4640625 0.0843750 0.0687500 0.0593750
1 0.4088542 0.4289062 0.0489583 0.0671875
5 0.6591146 0.6367188 0.0630208 0.0859375
1 0.5786458 0.2070312 0.0427083 0.1109375
5 0.3802083 0.6074219 0.0697917 0.0445313
3 0.7518229 0.5828125 0.0828125 0.0515625
4 0.4989583 0.8050781 0.0562500 0.0835937
3 0.3377604 0.6210938 0.0703125 0.0843750
1 0.3585937 0.7363281 0.0734375 0.0757812
4 0.3192708 0.3109375 0.0875000 0.0531250
0 0.5575521 0.3242188 0.0421875 0.0484375
5 0.4468750 0.2859375 0.0364583 0.0500000
4 0.5841146 0.3660156 0.0651042 0.0742188
2 0.6197917 0.4019531 0.0375000 0.0664062
2 0.7247396 0.6449219 0.0515625 0.0648438
2 0.4523437 0.5308594 0.0453125 0.1007813
0 0.6270833 0.1796875 0.0604167 0.0859375
2 0.6583333 0.8945312 0.0781250 0.0687500
1 0.7140625 0.7839844 0.0770833 0.0492187
7 0.5705729 0.4597656 0.0703125 0.0679687
8 0.5497396 0.1933594 0.0442708 0.1023437
11 0.7736979 0.6507812 0.0776042 0.0843750
10 0.4640625 0.3621094 0.0583333 0.0757812
9 0.6921875 0.6531250 0.0770833 0.0906250
7 0.5033854 0.1750000 0.0505208 0.1203125
8 0.3864583 0.7296875 0.0781250 0.0750000
8 0.8075521 0.4863281 0.0723958 0.0695313
6 0.7132812 0.8167969 0.0494792 0.0835937
9 0.4052083 0.4132812 0.0479167 0.0828125
10 0.3906250 0.4058594 0.0625000 0.1054688
11 0.5320312 0.3269531 0.0682292 0.0773438
