1 0.2645833 0.5691406 0.0416667 0.0617188
0 0.4408854 0.3093750 0.0817708 0.0593750
4 0.6424479 0.6164063 0.0619792 0.0828125
0 0.2666667 0.4460938 0.0562500 0.0828125
5 0.5010417 0.0925781 0.0468750 0.1226562
2 0.5593750 0.3878906 0.0458333 0.0929688
2 0.4471354 0.5101562 0.0619792 0.0562500
2 0.6627604 0.4164062 0.0744792 0.0484375
3 0.1843750 0.3679688 0.0614583 0.0937500
0 0.6828125 0.7085938 0.0437500 0.0625000
2 0.6515625 0.4445312 0.0593750 0.1062500
5 0.3445313 0.4628906 0.0536458 0.0726563
3 0.4562500 0.4480469 0.0416667 0.0648438
2 0.4479167 0.7507812 0.0406250 0.0890625
1 0.7377604 0.6769531 0.0765625 0.0539063
0 0.5520833 0.3023438 0.0781250 0.0781250
1 0.4640625 0.8378906 0.0604167 0.0898438
1 0.3221354 0.5570312 0.0526042 0.0687500
2 0.6611979 0.2070312 0.0765625 0.0484375
4 0.5367188 0.0519531 0.0640625 0.1039063
5 0.6132812 0.6476563 0.0640625 0.1078125
2 0.5526042 0.6796875 0.0437500 0.0593750
5 0.5010417 0.6957031 0.0416667 0.0773438
0 0.7684896 0.4617188 0.0828125 0.0718750
1 0.7013021 0.7015625 0.0807292 0.0562500
2 0.6427083 0.3855469 0.0427083 0.0742188
1 0.4968750 0.4484375 0.0833333 0.0609375
2 0.4981771 0.4496094 0.0838542 0.0804688
5 0.6721354 0.4781250 0.0776042 0.0609375
3 0.3341146 0.6089844 0.0473958 0.1304687
2 0.4598958 0.2062500 0.0760417 0.0734375
3 0.4039063 0.3695312 0.0828125 0.0828125
5 0.5705729 0.2207031 0.0348958 0.1210938
2 0.7265625 0.2562500 0.0802083 0.0812500
1 0.4481771 0.4332031 0.0630208 0.1148437
0 0.6755208 0.5214844 0.0354167 0.1179687
4 0.3721354 0.7746094 0.0526042 0.0835937
3 0.4841146 0.7867188 0.0484375 0.1250000
2 0.2822917 0.8175781 0.0427083 0.0523438
5 0.3765625 0.6355469 0.0864583 0.0742188
0 0.4937500 0.5703125 0.0666667 0.0796875
1 0.2979167 0.6070313 0.0500000 0.0750000
3 0.3638021 0.4859375 0.0744792 0.0625000
0 0.4796875 0.5851563 0.0604167 0.0640625
0 0.3617187 0.7183594 0.0817708 0.0632812
2 0.3984375 0.4199219 0.0510417 0.0835937
1 0.5080729 0.4429688 0.0442708 0.0718750
3 0.5869792 0.4691406 0.0312500 0.1117188
0 0.4776042 0.4578125 0.0833333 0.0531250
10 0.6052083 0.7542969 0.0729167 0.0773438
9 0.4343750 0.3101563 0.0812500 0.0921875
11 0.6372396 0.6441406 0.0692708 0.0695313
9 0.3630208 0.5140625 0.0854167 0.1062500
6 0.3890625 0.8414063 0.0500000 0.1109375
10 0.5778646 0.1652344 0.0630208 0.1117188
9 0.7200521 0.2179687 0.0776042 0.0968750
9 0.5250000 0.2105469 0.0479167 0.1148437
8 0.3442708 0.2531250 0.0770833 0.0750000
8 0.5875000 0.5246094 0.0697917 0.0679687
11 0.3111979 0.5167969 0.0557292 0.1054688
11 0.5473958 0.8207031 0.0812500 0.1054688
11 0.6343750 0.5601563 0.0718750 0.0703125
7 0.6765625 0.9300781 0.0739583 0.0804688
10 0.5726562 0.8324219 0.0786458 0.1023437
10 0.4174479 0.2750000 0.0703125 0.0937500
7 0.6773438 0.3203125 0.0713542 0.0781250
8 0.7330729 0.5257812 0.0817708 0.0796875
8 0.3606771 0.2031250 0.0713542 0.1265625
