5 0.4591146 0.1847656 0.0223958 0.0695313
4 0.5153646 0.3113281 0.0244792 0.0585938
5 0.3966146 0.5261719 0.0182292 0.0351562
2 0.4429688 0.2507813 0.0359375 0.0390625
4 0.7085938 0.4757812 0.0505208 0.0390625
2 0.5179687 0.5906250 0.0234375 0.0687500
4 0.6450521 0.5308594 0.0359375 0.0585938
4 0.5450521 0.5250000 0.0234375 0.0390625
2 0.4851563 0.8792969 0.0348958 0.0554687
4 0.4658854 0.9253906 0.0453125 0.0523438
1 0.5544271 0.7292969 0.0286458 0.0664062
2 0.3583333 0.7820312 0.0468750 0.0375000
3 0.3901042 0.2617188 0.0333333 0.0359375
2 0.5557292 0.5316406 0.0364583 0.0507812
4 0.6747396 0.7171875 0.0286458 0.0703125
3 0.5304688 0.5437500 0.0244792 0.0437500
0 0.7083333 0.8203125 0.0500000 0.0328125
1 0.7559896 0.4785156 0.0515625 0.0460938
1 0.4463542 0.2726562 0.0510417 0.0359375
5 0.6250000 0.2058594 0.0500000 0.0289063
1 0.6026042 0.3027344 0.0458333 0.0335937
4 0.4070313 0.8500000 0.0307292 0.0671875
2 0.4942708 0.4714844 0.0458333 0.0414062
4 0.5148438 0.6296875 0.0244792 0.0468750
4 0.4937500 0.1714844 0.0281250 0.0695313
5 0.4437500 0.8183594 0.0333333 0.0523438
4 0.6820312 0.4031250 0.0328125 0.0343750
4 0.2606771 0.3171875 0.0317708 0.0687500
2 0.5406250 0.8589844 0.0489583 0.0351562
4 0.6007813 0.6175781 0.0473958 0.0335937
4 0.6945313 0.4582031 0.0421875 0.0367188
4 0.4619792 0.6640625 0.0218750 0.0312500
0 0.2304688 0.5886719 0.0390625 0.0601563
11 0.6401042 0.0425781 0.0479167 0.0523438
11 0.5226563 0.8144531 0.0338542 0.0539063
6 0.4083333 0.2414062 0.0458333 0.0500000
10 0.6473958 0.2894531 0.0427083 0.0414062
6 0.5145833 0.3292969 0.0427083 0.0414062
6 0.6440104 0.7675781 0.0463542 0.0445313
6 0.5158854 0.3941406 0.0348958 0.0601563
6 0.5205729 0.4871094 0.0432292 0.0492187
6 0.3476562 0.1785156 0.0380208 0.0726563
6 0.4502604 0.7664062 0.0473958 0.0656250
8 0.4718750 0.4269531 0.0427083 0.0460938
10 0.4997396 0.6218750 0.0484375 0.0484375
9 0.5158854 0.5050781 0.0348958 0.0429688
6 0.4486979 0.1781250 0.0286458 0.0656250
8 0.6440104 0.5925781 0.0442708 0.0445313
10 0.6044271 0.5289063 0.0411458 0.0593750
6 0.7104167 0.4511719 0.0312500 0.0632812
9 0.4854167 0.5304688 0.0291667 0.0437500
7 0.4322917 0.1957031 0.0281250 0.0648438
