4 0.7161458 0.2250000 0.0270833 0.0156250
0 0.3932292 0.3125000 0.0135417 0.0234375
4 0.5067708 0.1960938 0.0239583 0.0156250
5 0.4861979 0.2527344 0.0276042 0.0242188
0 0.7742187 0.3531250 0.0203125 0.0359375
0 0.3622396 0.7957031 0.0192708 0.0289063
1 0.3502604 0.1507813 0.0130208 0.0390625
5 0.3807292 0.3917969 0.0166667 0.0320312
1 0.4190104 0.1171875 0.0151042 0.0265625
3 0.2958333 0.3468750 0.0260417 0.0234375
1 0.4119792 0.7277344 0.0239583 0.0179687
0 0.6312500 0.4730469 0.0114583 0.0179687
3 0.4906250 0.4742188 0.0145833 0.0187500
4 0.3414063 0.4062500 0.0119792 0.0187500
3 0.5445313 0.3660156 0.0213542 0.0226562
4 0.5708333 0.4093750 0.0187500 0.0359375
1 0.4427083 0.4867187 0.0156250 0.0171875
4 0.5880208 0.5304688 0.0156250 0.0218750
3 0.6575521 0.1269531 0.0140625 0.0304687
5 0.7106771 0.2648437 0.0265625 0.0187500
1 0.3338542 0.4796875 0.0156250 0.0359375
4 0.6223958 0.4500000 0.0239583 0.0187500
4 0.6263021 0.2718750 0.0223958 0.0187500
4 0.4200521 0.2523437 0.0171875 0.0312500
2 0.5838542 0.5273438 0.0125000 0.0250000
0 0.4195313 0.1851562 0.0151042 0.0421875
3 0.6101562 0.7121094 0.0161458 0.0398437
2 0.6580729 0.8007812 0.0151042 0.0328125
5 0.3273437 0.3460937 0.0140625 0.0281250
4 0.3453125 0.5925781 0.0145833 0.0335937
1 0.4486979 0.7082031 0.0234375 0.0195312
2 0.5356771 0.1933594 0.0182292 0.0242188
5 0.5997396 0.2976563 0.0265625 0.0187500
4 0.6765625 0.5585938 0.0239583 0.0187500
1 0.3666667 0.6082031 0.0260417 0.0195312
2 0.5104167 0.4519531 0.0197917 0.0335937
0 0.6815104 0.6445312 0.0244792 0.0234375
3 0.4807292 0.2156250 0.0166667 0.0187500
0 0.2570312 0.3371094 0.0234375 0.0226562
3 0.4046875 0.1445312 0.0114583 0.0375000
4 0.5429688 0.4601562 0.0151042 0.0328125
4 0.5210938 0.3464844 0.0140625 0.0289063
4 0.3848958 0.6523438 0.0125000 0.0406250
3 0.6117187 0.6398438 0.0223958 0.0265625
5 0.3796875 0.7558594 0.0270833 0.0164063
1 0.5552083 0.2273438 0.0187500 0.0359375
5 0.4989583 0.7769531 0.0218750 0.0273438
2 0.3059896 0.3824219 0.0192708 0.0257812
4 0.5312500 0.5054688 0.0260417 0.0187500
1 0.5018229 0.8542969 0.0130208 0.0367188
5 0.6270833 0.8015625 0.0229167 0.0187500
2 0.6114583 0.3757813 0.0229167 0.0218750
1 0.3552083 0.2332031 0.0270833 0.0179687
0 0.2830729 0.5871094 0.0244792 0.0179687
3 0.6390625 0.5656250 0.0250000 0.0203125
5 0.4372396 0.7582031 0.0244792 0.0226562
2 0.4007812 0.3472656 0.0171875 0.0289063
5 0.5575521 0.5476562 0.0244792 0.0187500
2 0.5880208 0.4441406 0.0250000 0.0179687
5 0.5356771 0.3894531 0.0109375 0.0289063
2 0.6893229 0.5250000 0.0255208 0.0218750
5 0.5585938 0.1644531 0.0255208 0.0179687
1 0.6372396 0.2042969 0.0255208 0.0195312
2 0.5403646 0.5699219 0.0265625 0.0179687
5 0.6888021 0.4777344 0.0203125 0.0367188
2 0.6263021 0.5644531 0.0213542 0.0257812
5 0.2830729 0.4347656 0.0130208 0.0195312
2 0.3723958 0.4250000 0.0197917 0.0265625
5 0.4411458 0.3285156 0.0239583 0.0210938
8 0.5351562 0.2437500 0.0265625 0.0328125
6 0.6481771 0.9023438 0.0161458 0.0375000
6 0.3981771 0.4968750 0.0223958 0.0312500
10 0.4932292 0.2843750 0.0239583 0.0328125
10 0.6536458 0.2171875 0.0229167 0.0281250
10 0.6302083 0.5515625 0.0197917 0.0359375
10 0.6406250 0.5511719 0.0239583 0.0226562
9 0.4903646 0.9597656 0.0182292 0.0335937
10 0.4445312 0.6593750 0.0223958 0.0218750
10 0.7031250 0.4480469 0.0250000 0.0242188
