0 0.6526042 0.5109375 0.0333333 0.0265625
1 0.5026042 0.6039062 0.0187500 0.0250000
2 0.4135417 0.5074219 0.0145833 0.0226562
2 0.3463542 0.6156250 0.0312500 0.0265625
2 0.4289062 0.4226563 0.0182292 0.0203125
0 0.6598958 0.3992188 0.0239583 0.0421875
3 0.5744792 0.3156250 0.0312500 0.0218750
0 0.4395833 0.8140625 0.0187500 0.0281250
2 0.6757812 0.7574219 0.0192708 0.0304687
0 0.6921875 0.3589844 0.0302083 0.0195312
1 0.7007813 0.4269531 0.0296875 0.0226562
2 0.6809896 0.6101562 0.0223958 0.0281250
4 0.4669271 0.4464844 0.0255208 0.0242188
3 0.4505208 0.5179687 0.0250000 0.0265625
3 0.5994792 0.7722656 0.0322917 0.0226562
1 0.6304688 0.8832031 0.0276042 0.0335937
5 0.4739583 0.6187500 0.0166667 0.0171875
2 0.3830729 0.3566406 0.0234375 0.0320312
4 0.5380208 0.3710938 0.0156250 0.0312500
2 0.4731771 0.3453125 0.0182292 0.0406250
5 0.6789063 0.5546875 0.0140625 0.0281250
4 0.3679688 0.3742187 0.0192708 0.0468750
4 0.4036458 0.9808594 0.0218750 0.0367188
0 0.4153646 0.4429688 0.0151042 0.0390625
3 0.4505208 0.4304688 0.0312500 0.0203125
4 0.3354167 0.3707031 0.0291667 0.0164063
2 0.5721354 0.8570313 0.0307292 0.0250000
3 0.4666667 0.9074219 0.0208333 0.0398437
1 0.6669271 0.5394531 0.0182292 0.0398437
5 0.6867188 0.7066406 0.0171875 0.0476562
5 0.4773438 0.4890625 0.0296875 0.0218750
4 0.6877604 0.3527344 0.0296875 0.0242188
4 0.4812500 0.7968750 0.0312500 0.0234375
0 0.5549479 0.8230469 0.0213542 0.0414062
2 0.5492187 0.1578125 0.0171875 0.0328125
5 0.5028646 0.8195313 0.0203125 0.0250000
0 0.6986979 0.4636719 0.0338542 0.0226562
4 0.6968750 0.6925781 0.0260417 0.0242188
4 0.3614583 0.7164063 0.0166667 0.0468750
5 0.5088542 0.7882813 0.0239583 0.0328125
4 0.5153646 0.6625000 0.0151042 0.0375000
1 0.7192708 0.2722656 0.0197917 0.0414062
0 0.4273438 0.8582031 0.0192708 0.0398437
2 0.5976562 0.8269531 0.0182292 0.0445313
0 0.7453125 0.6414062 0.0156250 0.0218750
1 0.5924479 0.6804687 0.0286458 0.0218750
3 0.3437500 0.5738281 0.0302083 0.0226562
2 0.4778646 0.7753906 0.0161458 0.0429688
3 0.3398438 0.5199219 0.0255208 0.0289063
0 0.5315104 0.3667969 0.0213542 0.0242188
3 0.6270833 0.1867187 0.0302083 0.0203125
3 0.7669271 0.6613281 0.0328125 0.0273438
4 0.3596354 0.5703125 0.0234375 0.0296875
5 0.5924479 0.5417969 0.0296875 0.0195312
0 0.5281250 0.7128906 0.0208333 0.0429688
7 0.4557292 0.4839844 0.0281250 0.0304687
8 0.5346354 0.5851563 0.0234375 0.0453125
6 0.3885417 0.7761719 0.0281250 0.0273438
10 0.6104167 0.6503906 0.0270833 0.0273438
9 0.6401042 0.6390625 0.0208333 0.0375000
8 0.4953125 0.1437500 0.0302083 0.0343750
9 0.8122396 0.5339844 0.0296875 0.0382813
6 0.6408854 0.5718750 0.0296875 0.0281250
11 0.5958333 0.5464844 0.0239583 0.0273438
8 0.6484375 0.5000000 0.0281250 0.0359375
6 0.5039062 0.5136719 0.0296875 0.0304687
6 0.5617188 0.6324219 0.0296875 0.0320312
6 0.5583333 0.4546875 0.0208333 0.0312500
10 0.5414062 0.7468750 0.0255208 0.0359375
9 0.6177083 0.7671875 0.0291667 0.0328125
10 0.3989583 0.4207031 0.0229167 0.0304687
11 0.4575521 0.6882812 0.0286458 0.0328125
7 0.4835937 0.4277344 0.0182292 0.0367188
9 0.3367188 0.7855469 0.0182292 0.0429688
