0 0.6265625 0.2441406 0.0333333 0.0414062
1 0.2059896 0.3421875 0.0348958 0.0234375
4 0.4424479 0.5835938 0.0203125 0.0343750
5 0.5164062 0.6109375 0.0255208 0.0578125
4 0.6882812 0.3421875 0.0171875 0.0328125
4 0.4372396 0.5261719 0.0223958 0.0492187
2 0.4536458 0.5289063 0.0187500 0.0421875
1 0.5351562 0.4996094 0.0317708 0.0382813
4 0.5062500 0.5355469 0.0156250 0.0320312
5 0.6104167 0.6480469 0.0427083 0.0304687
5 0.7666667 0.6105469 0.0427083 0.0304687
5 0.6416667 0.3410156 0.0364583 0.0351562
0 0.2786458 0.7449219 0.0197917 0.0632812
4 0.4445312 0.9152344 0.0182292 0.0492187
4 0.5273438 0.9070312 0.0369792 0.0312500
2 0.5611979 0.3929687 0.0234375 0.0531250
3 0.3385417 0.8453125 0.0166667 0.0468750
5 0.4807292 0.7410156 0.0250000 0.0492187
0 0.7216146 0.1281250 0.0348958 0.0312500
0 0.4736979 0.4035156 0.0421875 0.0273438
0 0.6395833 0.4636719 0.0291667 0.0460938
10 0.5625000 0.2808594 0.0239583 0.0523438
10 0.3809896 0.4242187 0.0307292 0.0437500
10 0.3914063 0.4191406 0.0234375 0.0414062
11 0.5414062 0.6890625 0.0255208 0.0578125
6 0.4770833 0.7878906 0.0343750 0.0351562
7 0.5710937 0.5234375 0.0359375 0.0468750
11 0.2841146 0.5082031 0.0338542 0.0445313
6 0.6638021 0.6992188 0.0348958 0.0343750
9 0.6135417 0.7812500 0.0375000 0.0390625
11 0.3635417 0.8304687 0.0354167 0.0484375
10 0.5028646 0.1148437 0.0307292 0.0562500
11 0.3638021 0.4707031 0.0369792 0.0367188
10 0.5653646 0.9382812 0.0359375 0.0421875
8 0.5098958 0.5914063 0.0270833 0.0515625
9 0.6875000 0.4332031 0.0260417 0.0398437
10 0.5200521 0.2593750 0.0380208 0.0406250
