0 0.4911458 0.1953125 0.0333333 0.0875000
1 0.5903646 0.7910156 0.0494792 0.0601563
3 0.3338542 0.6761719 0.0687500 0.0773438
0 0.7083333 0.1429688 0.0687500 0.0500000
1 0.4049479 0.4281250 0.0380208 0.0984375
5 0.3213542 0.4308594 0.0739583 0.0523438
5 0.4687500 0.6058594 0.0489583 0.0851563
0 0.5304688 0.6910156 0.0296875 0.0554687
4 0.6773438 0.5921875 0.0692708 0.0546875
5 0.6411458 0.5742188 0.0687500 0.0578125
2 0.5013021 0.4167969 0.0307292 0.0554687
1 0.5921875 0.1058594 0.0708333 0.0695313
3 0.3388021 0.7027344 0.0692708 0.0523438
5 0.4619792 0.6546875 0.0791667 0.0578125
3 0.4041667 0.5898438 0.0656250 0.0562500
0 0.3166667 0.5988281 0.0625000 0.0570312
1 0.3229167 0.3320312 0.0302083 0.1109375
0 0.4565104 0.7085938 0.0359375 0.0593750
1 0.4195313 0.6570312 0.0734375 0.0531250
4 0.3768229 0.6742187 0.0703125 0.0500000
5 0.6361979 0.4167969 0.0296875 0.0585938
0 0.6666667 0.8378906 0.0395833 0.0664062
5 0.5281250 0.0800781 0.0572917 0.0523438
2 0.5026042 0.2660156 0.0541667 0.1023437
4 0.6007813 0.3531250 0.0317708 0.0703125
2 0.3036458 0.3527344 0.0468750 0.0851563
4 0.4190104 0.6699219 0.0359375 0.0773438
1 0.3773437 0.9050781 0.0390625 0.1117188
1 0.6515625 0.4656250 0.0468750 0.0781250
0 0.4598958 0.3019531 0.0604167 0.0757812
3 0.6062500 0.3363281 0.0552083 0.0695313
3 0.3601563 0.6101562 0.0661458 0.0437500
5 0.4960938 0.9515625 0.0369792 0.0953125
2 0.5846354 0.4976563 0.0598958 0.0671875
1 0.5156250 0.0804688 0.0468750 0.0921875
5 0.3473958 0.3558594 0.0395833 0.0992187
6 0.5106771 0.0832031 0.0505208 0.0945312
9 0.3906250 0.7582031 0.0437500 0.1054688
8 0.6713542 0.6324219 0.0718750 0.0710937
7 0.5765625 0.7535156 0.0656250 0.0648438
7 0.5002604 0.7691406 0.0453125 0.0804688
