0 0.6059896 0.0972656 0.0526042 0.0429688
2 0.5494792 0.5695313 0.0468750 0.0359375
4 0.4325521 0.4003906 0.0255208 0.0757812
4 0.4281250 0.5707031 0.0479167 0.0320312
0 0.5044271 0.4550781 0.0567708 0.0523438
4 0.5216146 0.7968750 0.0286458 0.0609375
2 0.6395833 0.7539062 0.0489583 0.0390625
4 0.5164062 0.3742187 0.0276042 0.0718750
1 0.4080729 0.4652344 0.0432292 0.0476562
4 0.6309896 0.4972656 0.0432292 0.0460938
5 0.2664063 0.7457031 0.0390625 0.0492187
1 0.5611979 0.8386719 0.0453125 0.0382813
0 0.7083333 0.5144531 0.0447917 0.0445313
0 0.3007812 0.5609375 0.0473958 0.0500000
0 0.6153646 0.3199219 0.0494792 0.0382813
1 0.7398438 0.4621094 0.0557292 0.0367188
4 0.5390625 0.5203125 0.0500000 0.0468750
0 0.6533854 0.4339844 0.0442708 0.0414062
3 0.5721354 0.3789062 0.0348958 0.0453125
2 0.6338542 0.0292969 0.0270833 0.0585938
1 0.4718750 0.3632812 0.0479167 0.0312500
0 0.4984375 0.2269531 0.0406250 0.0476562
1 0.5981771 0.2343750 0.0494792 0.0359375
1 0.5375000 0.3394531 0.0239583 0.0585938
5 0.4338542 0.7171875 0.0250000 0.0703125
4 0.3796875 0.5304688 0.0354167 0.0484375
1 0.4494792 0.4355469 0.0458333 0.0335937
5 0.5580729 0.3230469 0.0276042 0.0585938
5 0.5700521 0.6039062 0.0276042 0.0640625
5 0.5854167 0.7304688 0.0291667 0.0578125
3 0.5575521 0.8156250 0.0359375 0.0609375
0 0.6458333 0.4421875 0.0479167 0.0390625
4 0.6585937 0.4335938 0.0463542 0.0328125
5 0.4697917 0.8187500 0.0364583 0.0406250
3 0.4127604 0.2367188 0.0317708 0.0734375
1 0.6263021 0.3812500 0.0286458 0.0359375
3 0.4997396 0.5890625 0.0255208 0.0406250
0 0.5677083 0.6097656 0.0281250 0.0710937
3 0.7088542 0.2644531 0.0531250 0.0367188
2 0.3531250 0.5265625 0.0500000 0.0343750
4 0.6122396 0.3394531 0.0432292 0.0367188
0 0.6651042 0.4175781 0.0510417 0.0398437
2 0.5627604 0.2515625 0.0255208 0.0625000
7 0.6692708 0.1371094 0.0458333 0.0445313
9 0.6023437 0.2050781 0.0317708 0.0742188
6 0.4875000 0.5781250 0.0385417 0.0546875
9 0.7518229 0.1714844 0.0317708 0.0742188
7 0.3179688 0.3324219 0.0317708 0.0585938
6 0.4312500 0.1863281 0.0416667 0.0632812
10 0.5197917 0.3390625 0.0500000 0.0484375
10 0.3768229 0.5082031 0.0453125 0.0492187
6 0.6703125 0.4281250 0.0427083 0.0718750
8 0.4492188 0.9937500 0.0244792 0.0109375
8 0.6783854 0.2917969 0.0515625 0.0539063
6 0.5705729 0.5679688 0.0484375 0.0468750
6 0.6226563 0.5328125 0.0442708 0.0484375
8 0.5768229 0.4503906 0.0484375 0.0757812
8 0.5552083 0.4214844 0.0427083 0.0445313
6 0.5585938 0.6453125 0.0369792 0.0718750
8 0.6614583 0.4511719 0.0385417 0.0539063
7 0.6218750 0.2812500 0.0427083 0.0750000
8 0.6013021 0.6582031 0.0484375 0.0632812
