1 0.5950521 0.1839844 0.0151042 0.0367188
4 0.4734375 0.5980469 0.0177083 0.0351562
3 0.3976562 0.3132813 0.0151042 0.0281250
3 0.6546875 0.1277344 0.0291667 0.0226562
3 0.5984375 0.6500000 0.0135417 0.0265625
5 0.2828125 0.5753906 0.0166667 0.0273438
3 0.5348958 0.6601562 0.0135417 0.0265625
2 0.5789062 0.4804688 0.0276042 0.0218750
0 0.4932292 0.5589844 0.0177083 0.0304687
3 0.6252604 0.3554688 0.0307292 0.0234375
5 0.6601562 0.2632813 0.0286458 0.0203125
3 0.2989583 0.4886719 0.0270833 0.0148437
3 0.5614583 0.7371094 0.0291667 0.0210938
2 0.4054687 0.5332031 0.0244792 0.0289063
2 0.4424479 0.7078125 0.0140625 0.0390625
1 0.4492188 0.1609375 0.0203125 0.0343750
1 0.6513021 0.2183594 0.0130208 0.0382813
5 0.4351563 0.3816406 0.0140625 0.0195312
4 0.6210938 0.7546875 0.0255208 0.0203125
1 0.5645833 0.6140625 0.0177083 0.0171875
2 0.7151042 0.6910156 0.0281250 0.0195312
5 0.3859375 0.8011719 0.0125000 0.0210938
3 0.4575521 0.3714844 0.0140625 0.0273438
2 0.6684896 0.4886719 0.0119792 0.0164063
0 0.7190104 0.5554687 0.0276042 0.0250000
0 0.6658854 0.5910156 0.0109375 0.0210938
3 0.6710938 0.4539063 0.0213542 0.0250000
0 0.5596354 0.2742188 0.0244792 0.0218750
3 0.6598958 0.7898437 0.0218750 0.0343750
0 0.6500000 0.6140625 0.0302083 0.0234375
5 0.5890625 0.6906250 0.0281250 0.0265625
5 0.6401042 0.3890625 0.0197917 0.0437500
1 0.4026042 0.0074219 0.0125000 0.0148437
1 0.4406250 0.5621094 0.0156250 0.0289063
5 0.5018229 0.5945312 0.0161458 0.0203125
2 0.3268229 0.5941406 0.0203125 0.0273438
2 0.4539063 0.4667969 0.0276042 0.0273438
2 0.4812500 0.5171875 0.0135417 0.0421875
3 0.5809896 0.3453125 0.0140625 0.0265625
4 0.5966146 0.7003906 0.0140625 0.0179687
4 0.4075521 0.2632813 0.0171875 0.0375000
3 0.5088542 0.7714844 0.0302083 0.0226562
1 0.6382813 0.5824219 0.0161458 0.0335937
3 0.4791667 0.4296875 0.0156250 0.0312500
6 0.5070313 0.5117188 0.0171875 0.0265625
11 0.6067708 0.3660156 0.0260417 0.0320312
9 0.5140625 0.5433594 0.0197917 0.0351562
7 0.4226563 0.5675781 0.0276042 0.0257812
7 0.4604167 0.7707031 0.0208333 0.0429688
8 0.3872396 0.6226563 0.0296875 0.0453125
10 0.5179687 0.3992188 0.0255208 0.0250000
6 0.7171875 0.4566406 0.0239583 0.0351562
7 0.2622396 0.6046875 0.0223958 0.0390625
