3 0.6984375 0.5925781 0.0218750 0.0132812
3 0.5057292 0.2734375 0.0239583 0.0171875
5 0.5270833 0.5695313 0.0208333 0.0156250
1 0.5885417 0.5570312 0.0218750 0.0187500
2 0.5718750 0.4683594 0.0166667 0.0195312
4 0.5658854 0.1542969 0.0213542 0.0195312
0 0.5562500 0.2906250 0.0218750 0.0171875
5 0.5958333 0.4675781 0.0239583 0.0179687
5 0.6291667 0.3261719 0.0145833 0.0148437
2 0.4356771 0.4035156 0.0234375 0.0226562
3 0.3208333 0.6894531 0.0114583 0.0335937
1 0.7171875 0.4910156 0.0208333 0.0164063
2 0.5179687 0.5851563 0.0244792 0.0187500
5 0.5526042 0.7195312 0.0125000 0.0203125
5 0.3333333 0.3945312 0.0125000 0.0328125
0 0.4864583 0.4792969 0.0218750 0.0179687
0 0.7005208 0.6039062 0.0156250 0.0187500
5 0.4546875 0.6964844 0.0104167 0.0179687
2 0.5781250 0.4812500 0.0208333 0.0203125
3 0.4755208 0.1691406 0.0229167 0.0164063
4 0.5919271 0.6265625 0.0171875 0.0156250
4 0.3986979 0.3574219 0.0140625 0.0320312
4 0.3046875 0.6835938 0.0125000 0.0203125
1 0.4796875 0.8855469 0.0187500 0.0289063
4 0.4450521 0.3699219 0.0151042 0.0242188
0 0.4406250 0.9015625 0.0145833 0.0312500
0 0.4617188 0.7476563 0.0213542 0.0187500
4 0.6898437 0.5050781 0.0192708 0.0195312
3 0.5723958 0.2023437 0.0166667 0.0312500
5 0.5903646 0.3566406 0.0182292 0.0179687
1 0.5804687 0.7523437 0.0109375 0.0312500
10 0.4309896 0.6929688 0.0140625 0.0312500
11 0.5828125 0.3546875 0.0197917 0.0312500
10 0.5645833 0.6265625 0.0187500 0.0187500
11 0.2942708 0.2402344 0.0208333 0.0210938
6 0.5354167 0.5109375 0.0135417 0.0312500
9 0.6330729 0.3601563 0.0192708 0.0281250
