4 0.4934896 0.2316406 0.0140625 0.0210938
0 0.3804688 0.1183594 0.0151042 0.0226562
1 0.5088542 0.1468750 0.0229167 0.0265625
0 0.6703125 0.4734375 0.0270833 0.0187500
5 0.3513021 0.5863281 0.0109375 0.0179687
5 0.6536458 0.5406250 0.0239583 0.0218750
10 0.6955729 0.4652344 0.0255208 0.0242188
7 0.6096354 0.6175781 0.0255208 0.0320312
11 0.5033854 0.8074219 0.0234375 0.0257812
8 0.3908854 0.6468750 0.0234375 0.0375000
11 0.6500000 0.4257812 0.0229167 0.0218750
8 0.3273437 0.6960937 0.0255208 0.0312500
7 0.5661458 0.8582031 0.0166667 0.0367188
7 0.5716146 0.5644531 0.0140625 0.0320312
10 0.5674479 0.2468750 0.0223958 0.0328125
6 0.6481771 0.5058594 0.0213542 0.0210938
10 0.4153646 0.1964844 0.0255208 0.0242188
9 0.6041667 0.6472656 0.0270833 0.0320312
10 0.3994792 0.1550781 0.0166667 0.0335937
9 0.6260417 0.5800781 0.0177083 0.0335937
