5 0.3606771 0.4687500 0.0161458 0.0359375
1 0.4174479 0.2015625 0.0140625 0.0281250
2 0.3291667 0.2246094 0.0302083 0.0195312
2 0.5888021 0.1882813 0.0255208 0.0328125
0 0.3291667 0.3945312 0.0250000 0.0203125
4 0.5002604 0.4937500 0.0161458 0.0468750
0 0.5934896 0.4121094 0.0276042 0.0320312
3 0.5705729 0.5394531 0.0151042 0.0398437
1 0.4700521 0.1078125 0.0223958 0.0359375
1 0.3177083 0.3789062 0.0145833 0.0265625
3 0.5932292 0.1847656 0.0145833 0.0460938
3 0.6385417 0.5664062 0.0260417 0.0234375
0 0.6351562 0.3601563 0.0161458 0.0312500
0 0.6325521 0.8468750 0.0171875 0.0312500
0 0.6093750 0.7773438 0.0270833 0.0156250
1 0.2984375 0.6847656 0.0291667 0.0242188
4 0.5898438 0.7070312 0.0296875 0.0234375
2 0.3997396 0.6613281 0.0119792 0.0164063
1 0.6578125 0.5789062 0.0250000 0.0171875
3 0.5536458 0.4054687 0.0177083 0.0265625
3 0.6463542 0.5316406 0.0177083 0.0304687
2 0.6078125 0.2144531 0.0291667 0.0242188
0 0.4377604 0.2332031 0.0171875 0.0476562
0 0.7161458 0.5433594 0.0125000 0.0351562
5 0.2992187 0.5015625 0.0192708 0.0375000
5 0.6492187 0.5093750 0.0182292 0.0390625
0 0.4664063 0.0421875 0.0171875 0.0343750
1 0.5854167 0.1628906 0.0208333 0.0335937
2 0.3268229 0.7183594 0.0161458 0.0273438
4 0.6627604 0.1902344 0.0296875 0.0210938
2 0.3924479 0.9234375 0.0182292 0.0453125
2 0.6265625 0.1464844 0.0218750 0.0242188
4 0.6520833 0.8156250 0.0312500 0.0218750
1 0.4343750 0.7523437 0.0250000 0.0328125
0 0.2979167 0.3109375 0.0270833 0.0171875
0 0.7049479 0.6394531 0.0255208 0.0351562
3 0.7309896 0.4847656 0.0276042 0.0304687
4 0.6182292 0.7652344 0.0177083 0.0273438
5 0.5190104 0.7867188 0.0265625 0.0234375
0 0.4028646 0.7261719 0.0223958 0.0226562
5 0.5028646 0.8109375 0.0234375 0.0312500
2 0.4630208 0.7527344 0.0166667 0.0289063
2 0.3695312 0.5214844 0.0182292 0.0398437
5 0.4916667 0.3953125 0.0208333 0.0328125
5 0.5375000 0.2910156 0.0145833 0.0429688
4 0.3864583 0.7777344 0.0291667 0.0210938
5 0.4901042 0.4382813 0.0260417 0.0203125
4 0.4291667 0.5339844 0.0135417 0.0210938
1 0.4210937 0.5082031 0.0151042 0.0210938
5 0.7304688 0.6199219 0.0244792 0.0289063
5 0.5953125 0.1417969 0.0270833 0.0242188
2 0.5427083 0.7066406 0.0312500 0.0210938
4 0.2981771 0.7402344 0.0171875 0.0195312
5 0.6643229 0.8281250 0.0296875 0.0234375
3 0.4059896 0.6269531 0.0119792 0.0445313
11 0.5432292 0.3257813 0.0250000 0.0406250
10 0.5031250 0.1964844 0.0281250 0.0382813
6 0.5523438 0.3367188 0.0296875 0.0406250
6 0.2906250 0.7582031 0.0197917 0.0382813
8 0.5794271 0.6742187 0.0265625 0.0406250
