1 0.4453125 0.1703125 0.0895833 0.1578125
1 0.6049479 0.5765625 0.1203125 0.1453125
4 0.6023437 0.8304687 0.1192708 0.0968750
3 0.3421875 0.6500000 0.0843750 0.1015625
4 0.8023438 0.4406250 0.1036458 0.1265625
0 0.7218750 0.2710938 0.0729167 0.1343750
4 0.5507812 0.6546875 0.1390625 0.0921875
0 0.6174479 0.1105469 0.1078125 0.1070312
4 0.6195312 0.6347656 0.1255208 0.0914062
2 0.3531250 0.4074219 0.1447917 0.1039063
4 0.5643229 0.7000000 0.0776042 0.1390625
1 0.4229167 0.6316406 0.1197917 0.0742188
4 0.6169271 0.8246094 0.1182292 0.1054688
0 0.5848958 0.7394531 0.1031250 0.1085938
1 0.6164063 0.5476562 0.1348958 0.0921875
0 0.2677083 0.5484375 0.0770833 0.0906250
0 0.6986979 0.5398437 0.1265625 0.1062500
2 0.5393229 0.3289063 0.0786458 0.1640625
5 0.5083333 0.0871094 0.0593750 0.0929688
3 0.5552083 0.2527344 0.1322917 0.0882813
2 0.3890625 0.0664062 0.0718750 0.1328125
5 0.6354167 0.7933594 0.1260417 0.0914062
0 0.8067708 0.4730469 0.0864583 0.1101562
4 0.5223958 0.2906250 0.1187500 0.0937500
2 0.3101563 0.5003906 0.1276042 0.0914062
4 0.5812500 0.7980469 0.1072917 0.1539062
5 0.5382813 0.4820313 0.0880208 0.1656250
5 0.5859375 0.7144531 0.1187500 0.1164063
2 0.7380208 0.7003906 0.1395833 0.1117188
2 0.1703125 0.2726562 0.1135417 0.1015625
1 0.6117187 0.3718750 0.1307292 0.1015625
4 0.5570312 0.3828125 0.0786458 0.1359375
2 0.3807292 0.5613281 0.0552083 0.1164063
2 0.1471354 0.4964844 0.1067708 0.1601562
1 0.2554688 0.5328125 0.1244792 0.1031250
2 0.5703125 0.6558594 0.0666667 0.0867187
0 0.4541667 0.4328125 0.0718750 0.1078125
4 0.7973958 0.3152344 0.1187500 0.0945312
1 0.5997396 0.0562500 0.0817708 0.1125000
5 0.7843750 0.6949219 0.0947917 0.1789062
3 0.8151042 0.6933594 0.0656250 0.2023437
0 0.3955729 0.3703125 0.0932292 0.1828125
5 0.5421875 0.4238281 0.1031250 0.1601562
2 0.3843750 0.8742188 0.1125000 0.1765625
3 0.4554687 0.1824219 0.0869792 0.1867187
5 0.3875000 0.5507812 0.0708333 0.1031250
2 0.5289063 0.2300781 0.1234375 0.0804688
2 0.6117187 0.1105469 0.1317708 0.0976562
1 0.7091146 0.6617188 0.1328125 0.0796875
3 0.5601563 0.6566406 0.0994792 0.1257813
3 0.5145833 0.4492188 0.0562500 0.1484375
3 0.6388021 0.2378906 0.0734375 0.1226562
1 0.6484375 0.7132812 0.0937500 0.1671875
0 0.4885417 0.0585938 0.0864583 0.1171875
4 0.4773438 0.5238281 0.0619792 0.0757812
3 0.3520833 0.1640625 0.1229167 0.0828125
1 0.3388021 0.5203125 0.1098958 0.0796875
4 0.2984375 0.5363281 0.1187500 0.0742188
7 0.5778646 0.2269531 0.1151042 0.1445312
9 0.7565104 0.7394531 0.1151042 0.1101562
11 0.6513021 0.3187500 0.1171875 0.1156250
10 0.5067708 0.2617188 0.1020833 0.1671875
10 0.6570312 0.4804688 0.1078125 0.1078125
11 0.5343750 0.7914062 0.1093750 0.1890625
7 0.7940104 0.6074219 0.1130208 0.1132812
11 0.2117188 0.3363281 0.1151042 0.1867187
6 0.5804687 0.1492188 0.1088542 0.1546875
10 0.6473958 0.4636719 0.1270833 0.1226562
7 0.4622396 0.4828125 0.0828125 0.1562500
11 0.6768229 0.0429688 0.1244792 0.0859375
11 0.4289062 0.7773438 0.0817708 0.1921875
7 0.3125000 0.8496094 0.0937500 0.1429688
7 0.4447917 0.0875000 0.1072917 0.1750000
11 0.4932292 0.6964844 0.0968750 0.1726563
9 0.5757813 0.2132813 0.0838542 0.1921875
