5 0.7010417 0.3421875 0.0364583 0.0281250
1 0.4627604 0.5636719 0.0234375 0.0398437
3 0.4419271 0.1398437 0.0265625 0.0437500
5 0.5369792 0.9109375 0.0197917 0.0265625
1 0.5934896 0.5000000 0.0255208 0.0218750
5 0.4427083 0.6042969 0.0250000 0.0414062
4 0.6661458 0.2140625 0.0177083 0.0234375
3 0.6226563 0.8609375 0.0244792 0.0250000
3 0.5460938 0.3152344 0.0255208 0.0320312
0 0.4236979 0.1316406 0.0213542 0.0257812
4 0.5088542 0.8042969 0.0322917 0.0257812
1 0.6455729 0.3753906 0.0296875 0.0304687
0 0.5770833 0.1875000 0.0333333 0.0218750
0 0.5429688 0.6074219 0.0182292 0.0507812
2 0.3057292 0.1332031 0.0343750 0.0257812
5 0.6354167 0.3371094 0.0166667 0.0476562
0 0.3385417 0.2085937 0.0177083 0.0234375
4 0.6619792 0.2332031 0.0208333 0.0257812
5 0.3442708 0.3578125 0.0354167 0.0281250
1 0.4151042 0.6710938 0.0145833 0.0328125
1 0.3994792 0.6214844 0.0187500 0.0226562
1 0.6244792 0.2855469 0.0302083 0.0226562
1 0.6437500 0.2062500 0.0145833 0.0500000
1 0.6604167 0.7480469 0.0208333 0.0460938
3 0.3908854 0.8621094 0.0213542 0.0445313
5 0.3841146 0.5554687 0.0296875 0.0187500
2 0.5864583 0.4660156 0.0302083 0.0289063
5 0.6460938 0.3546875 0.0255208 0.0281250
5 0.2802083 0.3093750 0.0322917 0.0203125
3 0.4645833 0.6859375 0.0208333 0.0250000
0 0.3656250 0.3390625 0.0281250 0.0234375
0 0.6625000 0.3289063 0.0156250 0.0390625
1 0.5643229 0.7332031 0.0286458 0.0242188
2 0.4604167 0.5296875 0.0229167 0.0218750
1 0.3776042 0.3937500 0.0312500 0.0203125
2 0.6247396 0.5402344 0.0213542 0.0304687
1 0.3937500 0.5726562 0.0302083 0.0375000
5 0.5570312 0.6289062 0.0317708 0.0265625
3 0.3411458 0.3824219 0.0333333 0.0210938
5 0.4809896 0.2917969 0.0317708 0.0242188
1 0.6445312 0.4828125 0.0296875 0.0296875
5 0.4385417 0.6050781 0.0229167 0.0210938
1 0.6005208 0.3539062 0.0208333 0.0468750
5 0.3059896 0.7011719 0.0317708 0.0226562
2 0.5385417 0.2562500 0.0250000 0.0296875
4 0.5950521 0.4054687 0.0203125 0.0234375
2 0.6544271 0.3156250 0.0255208 0.0375000
2 0.4950521 0.4507813 0.0286458 0.0343750
0 0.4442708 0.5726562 0.0291667 0.0250000
5 0.5328125 0.7273437 0.0229167 0.0281250
2 0.6367188 0.4210937 0.0161458 0.0343750
4 0.7036458 0.4054687 0.0291667 0.0218750
10 0.2820313 0.2441406 0.0328125 0.0367188
