0 0.4710937 0.1351563 0.0130208 0.0203125
5 0.6122396 0.3191406 0.0203125 0.0226562
0 0.2872396 0.4957031 0.0130208 0.0210938
1 0.6257812 0.6269531 0.0286458 0.0179687
2 0.6697917 0.7363281 0.0291667 0.0226562
0 0.2776042 0.7613281 0.0281250 0.0242188
2 0.6260417 0.4906250 0.0166667 0.0234375
2 0.5372396 0.2328125 0.0286458 0.0203125
1 0.2018229 0.7117187 0.0161458 0.0453125
4 0.4463542 0.4804688 0.0156250 0.0234375
3 0.5026042 0.4082031 0.0218750 0.0179687
2 0.6726562 0.1832031 0.0255208 0.0179687
1 0.4729167 0.6933594 0.0166667 0.0429688
4 0.4809896 0.3937500 0.0223958 0.0281250
0 0.7437500 0.5859375 0.0250000 0.0265625
1 0.8036458 0.6203125 0.0260417 0.0250000
1 0.5692708 0.8207031 0.0197917 0.0351562
5 0.5476562 0.4289062 0.0203125 0.0390625
2 0.5911458 0.5554687 0.0197917 0.0234375
0 0.6078125 0.5445313 0.0250000 0.0187500
3 0.5242187 0.3640625 0.0182292 0.0203125
1 0.6213542 0.5402344 0.0291667 0.0273438
2 0.6023437 0.5007812 0.0151042 0.0390625
2 0.4940104 0.4687500 0.0234375 0.0218750
4 0.5132813 0.0882813 0.0161458 0.0343750
4 0.5981771 0.5628906 0.0171875 0.0210938
0 0.6380208 0.4828125 0.0302083 0.0218750
5 0.4377604 0.2949219 0.0151042 0.0445313
4 0.4255208 0.8386719 0.0187500 0.0398437
5 0.5770833 0.3855469 0.0145833 0.0445313
0 0.4447917 0.2753906 0.0135417 0.0226562
5 0.6317708 0.3882813 0.0166667 0.0406250
5 0.6036458 0.4765625 0.0125000 0.0218750
4 0.6669271 0.2539062 0.0192708 0.0250000
0 0.5812500 0.2804687 0.0270833 0.0203125
2 0.7276042 0.6382813 0.0281250 0.0218750
1 0.6880208 0.4824219 0.0260417 0.0257812
1 0.2705729 0.3914063 0.0265625 0.0296875
3 0.5445313 0.4417969 0.0182292 0.0367188
2 0.6143229 0.3074219 0.0265625 0.0195312
4 0.5820312 0.4648438 0.0234375 0.0234375
4 0.5747396 0.7585937 0.0265625 0.0250000
4 0.2997396 0.4308594 0.0286458 0.0195312
0 0.4992187 0.4035156 0.0223958 0.0273438
5 0.3257813 0.6781250 0.0276042 0.0296875
8 0.7210937 0.3261719 0.0244792 0.0367188
10 0.7125000 0.4371094 0.0208333 0.0273438
10 0.2200521 0.5000000 0.0265625 0.0359375
6 0.3604167 0.4164062 0.0218750 0.0359375
9 0.3752604 0.3597656 0.0265625 0.0289063
10 0.6736979 0.9367188 0.0276042 0.0265625
10 0.5325521 0.7480469 0.0171875 0.0382813
11 0.4328125 0.4070313 0.0260417 0.0250000
