0 0.7208333 0.5417969 0.0250000 0.0164063
1 0.3312500 0.8578125 0.0125000 0.0375000
5 0.6789063 0.7281250 0.0265625 0.0203125
1 0.7197917 0.4980469 0.0270833 0.0179687
5 0.4036458 0.2027344 0.0125000 0.0257812
2 0.4229167 0.3113281 0.0125000 0.0320312
4 0.5500000 0.6296875 0.0135417 0.0328125
5 0.3716146 0.6292969 0.0182292 0.0273438
2 0.4851563 0.3113281 0.0119792 0.0210938
2 0.6000000 0.4984375 0.0239583 0.0171875
2 0.4992187 0.8699219 0.0171875 0.0226562
3 0.4471354 0.4515625 0.0182292 0.0250000
1 0.6710938 0.2980469 0.0130208 0.0226562
0 0.5265625 0.5085937 0.0135417 0.0156250
0 0.5091146 0.2929688 0.0151042 0.0343750
3 0.6596354 0.6242188 0.0213542 0.0296875
3 0.3770833 0.4742188 0.0166667 0.0234375
2 0.6648437 0.4824219 0.0223958 0.0210938
4 0.4833333 0.3054688 0.0156250 0.0343750
2 0.6697917 0.6085938 0.0104167 0.0218750
0 0.6236979 0.4414062 0.0244792 0.0171875
2 0.4166667 0.4664063 0.0208333 0.0203125
5 0.4942708 0.8621094 0.0156250 0.0242188
1 0.3341146 0.3808594 0.0171875 0.0273438
1 0.5309896 0.5226563 0.0151042 0.0359375
5 0.3190104 0.6625000 0.0130208 0.0343750
3 0.6127604 0.1070312 0.0213542 0.0234375
2 0.6307292 0.3871094 0.0218750 0.0210938
0 0.5239583 0.5851563 0.0208333 0.0250000
1 0.6046875 0.3621094 0.0166667 0.0304687
0 0.3539062 0.6175781 0.0161458 0.0320312
2 0.6851563 0.6921875 0.0213542 0.0281250
4 0.7132812 0.2566406 0.0119792 0.0289063
2 0.3929687 0.3589844 0.0151042 0.0382813
0 0.7276042 0.4074219 0.0260417 0.0164063
2 0.5747396 0.7027344 0.0255208 0.0179687
2 0.3966146 0.5382813 0.0171875 0.0234375
0 0.4505208 0.6394531 0.0239583 0.0148437
1 0.3432292 0.5988281 0.0177083 0.0195312
3 0.3830729 0.2992187 0.0119792 0.0328125
3 0.4570312 0.3312500 0.0234375 0.0140625
0 0.5932292 0.2792969 0.0125000 0.0351562
2 0.5372396 0.8179688 0.0192708 0.0296875
1 0.6692708 0.4480469 0.0208333 0.0210938
3 0.4179688 0.2183594 0.0119792 0.0351562
3 0.6559896 0.6976562 0.0182292 0.0265625
1 0.4377604 0.5464844 0.0130208 0.0148437
2 0.4059896 0.9539062 0.0161458 0.0296875
1 0.6273437 0.3953125 0.0255208 0.0203125
4 0.5966146 0.7074219 0.0109375 0.0257812
2 0.4473958 0.5484375 0.0218750 0.0250000
8 0.2122396 0.5957031 0.0203125 0.0320312
6 0.4815104 0.6660156 0.0151042 0.0273438
6 0.4687500 0.4257812 0.0156250 0.0312500
7 0.2981771 0.6695313 0.0151042 0.0343750
6 0.8218750 0.6644531 0.0239583 0.0304687
7 0.5401042 0.6328125 0.0166667 0.0234375
10 0.6773438 0.2636719 0.0161458 0.0242188
8 0.5658854 0.3113281 0.0192708 0.0335937
