2 0.5601563 0.7582031 0.0255208 0.0523438
5 0.4695313 0.8183594 0.0296875 0.0398437
4 0.6588542 0.6476563 0.0333333 0.0328125
5 0.2695312 0.3226562 0.0223958 0.0500000
0 0.6088542 0.5136719 0.0333333 0.0476562
5 0.5572917 0.4480469 0.0229167 0.0445313
2 0.6484375 0.5925781 0.0312500 0.0257812
2 0.2802083 0.3992188 0.0364583 0.0250000
2 0.2091146 0.5203125 0.0255208 0.0531250
2 0.7330729 0.6667969 0.0213542 0.0554687
4 0.4408854 0.2023437 0.0151042 0.0250000
3 0.5864583 0.2144531 0.0364583 0.0273438
0 0.6976562 0.4312500 0.0390625 0.0343750
1 0.6825521 0.4292969 0.0338542 0.0242188
3 0.2945313 0.6410156 0.0359375 0.0257812
3 0.4700521 0.3871094 0.0328125 0.0242188
1 0.6174479 0.8949219 0.0171875 0.0570312
1 0.5471354 0.7070312 0.0223958 0.0453125
2 0.5625000 0.5992188 0.0218750 0.0265625
4 0.3700521 0.2964844 0.0359375 0.0289063
3 0.6315104 0.3492188 0.0276042 0.0234375
5 0.6273437 0.8187500 0.0182292 0.0531250
1 0.5455729 0.9117188 0.0317708 0.0421875
5 0.5174479 0.6617188 0.0380208 0.0250000
3 0.5127604 0.7093750 0.0286458 0.0312500
3 0.3143229 0.3933594 0.0244792 0.0257812
2 0.7682292 0.5937500 0.0291667 0.0265625
3 0.4687500 0.8496094 0.0166667 0.0335937
2 0.2989583 0.5511719 0.0343750 0.0226562
4 0.5486979 0.4632812 0.0317708 0.0375000
3 0.5554687 0.8804688 0.0182292 0.0250000
4 0.2950521 0.7570313 0.0255208 0.0500000
1 0.2867188 0.5250000 0.0223958 0.0234375
4 0.6057292 0.5449219 0.0395833 0.0289063
2 0.3723958 0.6964844 0.0322917 0.0257812
3 0.3190104 0.5625000 0.0369792 0.0312500
2 0.7460938 0.5804687 0.0161458 0.0343750
1 0.5085937 0.7312500 0.0265625 0.0515625
5 0.3109375 0.5535156 0.0322917 0.0335937
1 0.6716146 0.5355469 0.0171875 0.0507812
1 0.5096354 0.8285156 0.0317708 0.0257812
4 0.5414062 0.0820312 0.0223958 0.0390625
4 0.2942708 0.5203125 0.0354167 0.0218750
5 0.5848958 0.4289062 0.0343750 0.0218750
4 0.3416667 0.7750000 0.0187500 0.0281250
3 0.5492187 0.5382813 0.0203125 0.0375000
0 0.6671875 0.5152344 0.0208333 0.0539063
0 0.6119792 0.5898438 0.0416667 0.0281250
3 0.7317708 0.6875000 0.0406250 0.0312500
0 0.4242187 0.4683594 0.0380208 0.0351562
2 0.3317708 0.6546875 0.0291667 0.0265625
5 0.6187500 0.6570312 0.0197917 0.0500000
5 0.3182292 0.3839844 0.0208333 0.0523438
5 0.2825521 0.1882813 0.0234375 0.0265625
5 0.4861979 0.4027344 0.0265625 0.0398437
3 0.4929688 0.4949219 0.0401042 0.0289063
10 0.7440104 0.7289062 0.0338542 0.0328125
11 0.5486979 0.9367188 0.0348958 0.0468750
10 0.3320312 0.2984375 0.0359375 0.0421875
6 0.5888021 0.8273438 0.0359375 0.0406250
6 0.5692708 0.7722656 0.0333333 0.0335937
10 0.4692708 0.5300781 0.0291667 0.0492187
11 0.5333333 0.5878906 0.0260417 0.0523438
11 0.7656250 0.5035156 0.0312500 0.0335937
