5 0.5580729 0.6179687 0.0213542 0.0718750
1 0.4364583 0.7710938 0.0270833 0.0343750
5 0.3486979 0.7425781 0.0213542 0.0429688
3 0.4950521 0.1742188 0.0317708 0.0312500
1 0.7617188 0.8031250 0.0223958 0.0734375
2 0.6486979 0.3941406 0.0453125 0.0320312
3 0.5015625 0.5742188 0.0364583 0.0312500
2 0.2286458 0.4863281 0.0354167 0.0679687
5 0.6414062 0.4093750 0.0255208 0.0531250
4 0.7052083 0.3261719 0.0229167 0.0554687
0 0.5007812 0.5425781 0.0453125 0.0460938
4 0.5747396 0.7472656 0.0213542 0.0382813
4 0.6104167 0.4964844 0.0250000 0.0726563
1 0.5520833 0.6613281 0.0375000 0.0695313
3 0.5195312 0.8742188 0.0286458 0.0390625
0 0.3768229 0.3593750 0.0463542 0.0437500
2 0.5684896 0.4156250 0.0401042 0.0453125
2 0.5656250 0.4589844 0.0375000 0.0382813
4 0.3210938 0.3906250 0.0411458 0.0515625
0 0.4145833 0.6488281 0.0281250 0.0554687
4 0.3635417 0.4683594 0.0250000 0.0679687
5 0.4257812 0.4328125 0.0203125 0.0578125
4 0.4773438 0.1171875 0.0265625 0.0718750
4 0.4992187 0.6105469 0.0442708 0.0429688
1 0.6010417 0.7800781 0.0458333 0.0382813
0 0.4494792 0.4835937 0.0260417 0.0562500
2 0.5958333 0.5558594 0.0479167 0.0382813
1 0.4195313 0.3234375 0.0328125 0.0578125
3 0.4783854 0.4621094 0.0234375 0.0382813
2 0.4187500 0.2871094 0.0395833 0.0570312
5 0.5598958 0.7007813 0.0437500 0.0343750
3 0.5114583 0.6082031 0.0395833 0.0351562
1 0.6716146 0.5714844 0.0390625 0.0382813
1 0.7135417 0.4656250 0.0468750 0.0328125
2 0.5015625 0.2484375 0.0479167 0.0328125
5 0.6841146 0.2242187 0.0463542 0.0343750
0 0.6307292 0.2242187 0.0281250 0.0281250
2 0.5638021 0.6718750 0.0359375 0.0484375
2 0.4729167 0.5457031 0.0343750 0.0460938
3 0.5085937 0.2750000 0.0338542 0.0406250
3 0.6205729 0.2453125 0.0484375 0.0437500
4 0.3466146 0.4652344 0.0307292 0.0335937
3 0.3158854 0.6792969 0.0380208 0.0570312
5 0.4492188 0.5007812 0.0234375 0.0562500
5 0.7533854 0.3585937 0.0390625 0.0406250
4 0.4734375 0.4593750 0.0281250 0.0421875
4 0.5096354 0.3667969 0.0234375 0.0695313
1 0.4304688 0.4714844 0.0286458 0.0710937
4 0.6841146 0.4121094 0.0390625 0.0601563
2 0.5218750 0.7781250 0.0489583 0.0359375
5 0.6572917 0.4160156 0.0333333 0.0539063
3 0.4117188 0.8539062 0.0296875 0.0812500
4 0.5231771 0.3753906 0.0463542 0.0445313
1 0.5661458 0.6761719 0.0395833 0.0335937
3 0.6117187 0.6203125 0.0453125 0.0328125
2 0.4934896 0.3320312 0.0473958 0.0453125
4 0.5395833 0.3714844 0.0312500 0.0429688
2 0.4648438 0.6570312 0.0328125 0.0671875
0 0.4770833 0.4574219 0.0489583 0.0398437
2 0.5315104 0.5855469 0.0223958 0.0664062
10 0.6106771 0.3824219 0.0432292 0.0414062
7 0.4934896 0.5621094 0.0380208 0.0695313
11 0.7523437 0.5535156 0.0421875 0.0648438
7 0.3307292 0.2964844 0.0427083 0.0460938
6 0.6440104 0.7253906 0.0411458 0.0695313
10 0.4708333 0.3640625 0.0312500 0.0562500
10 0.3197917 0.3976562 0.0427083 0.0500000
8 0.3992188 0.5652344 0.0328125 0.0429688
9 0.5645833 0.7453125 0.0406250 0.0546875
9 0.4591146 0.3667969 0.0380208 0.0414062
