2 0.6216146 0.2031250 0.0776042 0.0531250
4 0.5760417 0.6445312 0.0781250 0.0593750
0 0.5484375 0.2871094 0.0354167 0.0976562
2 0.7148438 0.3914063 0.0765625 0.0656250
9 0.4755208 0.8234375 0.0489583 0.1140625
8 0.3825521 0.3171875 0.0734375 0.0796875
11 0.2895833 0.5734375 0.0781250 0.1109375
9 0.3734375 0.2269531 0.0781250 0.1054688
10 0.7828125 0.4875000 0.0802083 0.0781250
8 0.7101563 0.5726562 0.0765625 0.0968750
10 0.2515625 0.6230469 0.0687500 0.0773438
10 0.6645833 0.5996094 0.0635417 0.1085938
8 0.6656250 0.4238281 0.0833333 0.0804688
6 0.3322917 0.3261719 0.0739583 0.0710937
