4 0.5343750 0.5675781 0.0291667 0.0195312
5 0.6309896 0.3160156 0.0276042 0.0226562
3 0.6164063 0.2468750 0.0223958 0.0234375
1 0.5018229 0.6414062 0.0161458 0.0468750
5 0.6013021 0.3484375 0.0276042 0.0218750
4 0.3710938 0.7183594 0.0119792 0.0257812
0 0.2697917 0.4714844 0.0197917 0.0273438
3 0.6236979 0.1792969 0.0244792 0.0210938
4 0.4473958 0.6855469 0.0239583 0.0210938
4 0.2830729 0.3433594 0.0276042 0.0195312
4 0.6606771 0.2496094 0.0171875 0.0382813
5 0.6114583 0.2503906 0.0270833 0.0195312
4 0.6187500 0.3074219 0.0145833 0.0226562
5 0.5104167 0.3914063 0.0166667 0.0234375
3 0.2976563 0.3843750 0.0265625 0.0203125
5 0.4578125 0.5117188 0.0145833 0.0234375
5 0.3744792 0.7382812 0.0187500 0.0359375
0 0.5325521 0.6871094 0.0244792 0.0289063
5 0.7190104 0.2996094 0.0161458 0.0195312
0 0.5822917 0.1488281 0.0270833 0.0210938
3 0.6494792 0.6398438 0.0270833 0.0281250
0 0.3963542 0.8765625 0.0270833 0.0250000
1 0.2645833 0.6023437 0.0270833 0.0218750
2 0.4190104 0.7332031 0.0255208 0.0257812
3 0.7161458 0.5433594 0.0270833 0.0195312
5 0.4572917 0.6144531 0.0208333 0.0179687
0 0.6700521 0.2429688 0.0119792 0.0265625
3 0.7278646 0.5894531 0.0244792 0.0304687
3 0.5218750 0.7417969 0.0229167 0.0273438
1 0.5958333 0.6257812 0.0250000 0.0281250
0 0.3463542 0.0808594 0.0125000 0.0335937
5 0.5458333 0.6152344 0.0208333 0.0320312
5 0.3432292 0.5578125 0.0208333 0.0250000
4 0.7062500 0.5535156 0.0218750 0.0351562
1 0.5210938 0.4027344 0.0265625 0.0164063
5 0.6195312 0.6195312 0.0223958 0.0375000
1 0.3447917 0.3007812 0.0291667 0.0187500
1 0.4322917 0.5023437 0.0281250 0.0250000
1 0.3325521 0.3109375 0.0140625 0.0390625
0 0.5916667 0.5261719 0.0250000 0.0226562
4 0.7664062 0.4441406 0.0276042 0.0242188
4 0.2932292 0.8238281 0.0208333 0.0273438
3 0.7164063 0.2824219 0.0182292 0.0242188
3 0.5361979 0.4960938 0.0130208 0.0312500
2 0.7015625 0.3660156 0.0197917 0.0304687
5 0.5622396 0.5390625 0.0234375 0.0171875
1 0.6757812 0.3425781 0.0161458 0.0226562
5 0.5455729 0.5515625 0.0255208 0.0203125
2 0.4666667 0.5457031 0.0281250 0.0242188
4 0.7036458 0.4746094 0.0114583 0.0226562
0 0.3338542 0.8277344 0.0250000 0.0210938
4 0.4315104 0.5226563 0.0182292 0.0218750
1 0.5031250 0.7734375 0.0229167 0.0187500
4 0.3351562 0.6214844 0.0286458 0.0179687
1 0.4020833 0.2363281 0.0166667 0.0398437
1 0.5085937 0.4902344 0.0255208 0.0210938
1 0.4968750 0.4171875 0.0218750 0.0390625
3 0.6002604 0.7183594 0.0151042 0.0195312
0 0.5221354 0.6386719 0.0119792 0.0195312
4 0.6200521 0.6535156 0.0119792 0.0304687
2 0.5447917 0.8183594 0.0177083 0.0226562
1 0.5721354 0.1214844 0.0182292 0.0335937
2 0.6585937 0.5531250 0.0223958 0.0406250
2 0.2958333 0.4820313 0.0281250 0.0203125
0 0.3825521 0.9488281 0.0234375 0.0257812
2 0.4625000 0.7011719 0.0177083 0.0382813
2 0.6520833 0.7062500 0.0145833 0.0187500
0 0.5208333 0.2128906 0.0166667 0.0195312
0 0.6531250 0.5167969 0.0281250 0.0179687
3 0.3656250 0.3679688 0.0239583 0.0281250
1 0.4484375 0.6328125 0.0145833 0.0375000
10 0.5713542 0.3968750 0.0260417 0.0250000
8 0.3312500 0.2652344 0.0250000 0.0304687
