4 0.5562500 0.5757813 0.0218750 0.0234375
5 0.5854167 0.2750000 0.0145833 0.0343750
0 0.3666667 0.2808594 0.0145833 0.0179687
3 0.5161458 0.5496094 0.0229167 0.0414062
3 0.4533854 0.2648437 0.0296875 0.0234375
4 0.2955729 0.3378906 0.0119792 0.0242188
2 0.7174479 0.4488281 0.0192708 0.0398437
2 0.4447917 0.5394531 0.0302083 0.0273438
4 0.6026042 0.4031250 0.0281250 0.0296875
3 0.5265625 0.3976562 0.0145833 0.0265625
0 0.4445312 0.5386719 0.0182292 0.0320312
1 0.5645833 0.6460938 0.0208333 0.0281250
3 0.5531250 0.7734375 0.0270833 0.0156250
4 0.4447917 0.9636719 0.0177083 0.0445313
3 0.4018229 0.2929688 0.0286458 0.0203125
1 0.5916667 0.4078125 0.0281250 0.0250000
1 0.6250000 0.4640625 0.0239583 0.0343750
1 0.5479167 0.2925781 0.0281250 0.0226562
1 0.4403646 0.4164062 0.0151042 0.0343750
5 0.5583333 0.5839844 0.0125000 0.0460938
0 0.4497396 0.5828125 0.0140625 0.0312500
5 0.4872396 0.2367188 0.0276042 0.0218750
1 0.6432292 0.4886719 0.0260417 0.0382813
0 0.3585937 0.4492188 0.0276042 0.0218750
3 0.4111979 0.0980469 0.0203125 0.0289063
1 0.7065104 0.5210938 0.0171875 0.0343750
5 0.4921875 0.5347656 0.0229167 0.0304687
3 0.5846354 0.3132813 0.0203125 0.0281250
3 0.3778646 0.6085938 0.0286458 0.0265625
2 0.7377604 0.4125000 0.0276042 0.0203125
3 0.7216146 0.6843750 0.0203125 0.0265625
3 0.3414063 0.7351562 0.0140625 0.0265625
5 0.7260417 0.3078125 0.0270833 0.0250000
10 0.5752604 0.5691406 0.0244792 0.0398437
10 0.5216146 0.3082031 0.0255208 0.0289063
10 0.7223958 0.3152344 0.0166667 0.0382813
11 0.5895833 0.5593750 0.0197917 0.0296875
7 0.7156250 0.6113281 0.0208333 0.0382813
