5 0.4052083 0.3281250 0.0447917 0.0984375
5 0.3283854 0.3855469 0.0432292 0.1164063
5 0.4984375 0.6906250 0.0697917 0.0937500
1 0.7164063 0.1167969 0.0817708 0.0570312
5 0.6822917 0.8277344 0.0718750 0.0632812
1 0.6356771 0.6320313 0.0619792 0.0812500
4 0.4408854 0.3953125 0.0338542 0.1187500
2 0.4268229 0.7214844 0.0838542 0.0664062
0 0.5773438 0.6257812 0.0640625 0.0593750
4 0.2695312 0.7617188 0.0765625 0.0671875
0 0.5549479 0.0464844 0.0421875 0.0929688
4 0.4614583 0.7531250 0.0750000 0.0562500
5 0.5705729 0.3300781 0.0411458 0.0960938
2 0.3505208 0.6964844 0.0843750 0.0710937
11 0.7135417 0.6605469 0.0791667 0.0898438
10 0.6403646 0.5527344 0.0630208 0.1070312
10 0.5434896 0.1699219 0.0494792 0.1195313
7 0.3872396 0.4304688 0.0713542 0.0718750
11 0.6619792 0.1402344 0.0625000 0.1210938
8 0.7169271 0.3691406 0.0682292 0.0742188
6 0.3742187 0.4675781 0.0661458 0.0742188
10 0.4268229 0.4953125 0.0463542 0.0906250
10 0.3382812 0.2699219 0.0567708 0.1179687
7 0.5263021 0.7195312 0.0838542 0.1125000
8 0.3700521 0.3335938 0.0609375 0.1140625
10 0.5302083 0.3468750 0.0458333 0.1046875
7 0.5890625 0.7976562 0.0802083 0.1218750
9 0.5471354 0.6203125 0.0817708 0.0906250
6 0.3205729 0.6277344 0.0713542 0.0960938
10 0.3736979 0.9605469 0.0692708 0.0773438
7 0.6955729 0.4296875 0.0463542 0.0687500
10 0.3187500 0.8234375 0.0500000 0.1171875
10 0.4117188 0.4425781 0.0682292 0.0664062
