2 0.4234375 0.0968750 0.0510417 0.0484375
1 0.4437500 0.5324219 0.0552083 0.0429688
1 0.6070313 0.3621094 0.0651042 0.0429688
1 0.5184896 0.7835937 0.0526042 0.0406250
4 0.6695313 0.5824219 0.0640625 0.0523438
4 0.4187500 0.7167969 0.0343750 0.0851563
0 0.6361979 0.7281250 0.0526042 0.0406250
5 0.4843750 0.6039062 0.0302083 0.0500000
4 0.5690104 0.9128906 0.0546875 0.0367188
0 0.6346354 0.6351562 0.0557292 0.0609375
5 0.6833333 0.2324219 0.0604167 0.0726563
3 0.4716146 0.3269531 0.0536458 0.0445313
1 0.5976562 0.1765625 0.0276042 0.0484375
2 0.6182292 0.3621094 0.0531250 0.0382813
3 0.3218750 0.5113281 0.0572917 0.0476562
0 0.7070312 0.5503906 0.0619792 0.0414062
1 0.7059896 0.7039062 0.0578125 0.0468750
1 0.4328125 0.6285156 0.0531250 0.0445313
2 0.3575521 0.7941406 0.0630208 0.0414062
4 0.4242187 0.3953125 0.0328125 0.0562500
1 0.3263021 0.3085938 0.0609375 0.0453125
4 0.6781250 0.3281250 0.0333333 0.0859375
1 0.2833333 0.2226562 0.0458333 0.0453125
1 0.6674479 0.6878906 0.0296875 0.0429688
0 0.6791667 0.7382812 0.0375000 0.0718750
2 0.6880208 0.4906250 0.0520833 0.0515625
0 0.3833333 0.1425781 0.0354167 0.0445313
0 0.5307292 0.5457031 0.0604167 0.0429688
5 0.3851562 0.2796875 0.0557292 0.0640625
4 0.6872396 0.2187500 0.0588542 0.0406250
3 0.2591146 0.4988281 0.0338542 0.0476562
3 0.4403646 0.3289063 0.0255208 0.0796875
0 0.3846354 0.3386719 0.0380208 0.0914062
3 0.3414063 0.4757812 0.0651042 0.0375000
0 0.5976562 0.2570312 0.0328125 0.0687500
1 0.7531250 0.5570312 0.0364583 0.0765625
3 0.3088542 0.7183594 0.0583333 0.0492187
5 0.4643229 0.3722656 0.0463542 0.0804688
2 0.5390625 0.8167969 0.0322917 0.0726563
0 0.3617187 0.5996094 0.0484375 0.0398437
2 0.3346354 0.6078125 0.0598958 0.0500000
2 0.2937500 0.6363281 0.0677083 0.0492187
3 0.7372396 0.3390625 0.0546875 0.0468750
2 0.6265625 0.5425781 0.0583333 0.0414062
3 0.3278646 0.2894531 0.0536458 0.0632812
3 0.6138021 0.6937500 0.0484375 0.0578125
3 0.5911458 0.3117187 0.0510417 0.0656250
5 0.5929688 0.1871094 0.0369792 0.0867187
2 0.4835937 0.7644531 0.0536458 0.0570312
5 0.3473958 0.4125000 0.0604167 0.0484375
5 0.3489583 0.4566406 0.0583333 0.0445313
2 0.6294271 0.5121094 0.0651042 0.0492187
2 0.4955729 0.2835937 0.0484375 0.0437500
7 0.4523437 0.5597656 0.0463542 0.0585938
7 0.6773438 0.2617188 0.0526042 0.0515625
6 0.6513021 0.4429688 0.0380208 0.0531250
9 0.5151042 0.5785156 0.0583333 0.0601563
