3 0.3226562 0.3589844 0.0213542 0.0617188
5 0.5776042 0.8707031 0.0208333 0.0398437
3 0.5450521 0.2183594 0.0328125 0.0320312
1 0.6966146 0.3687500 0.0369792 0.0265625
2 0.3973958 0.5781250 0.0166667 0.0562500
0 0.4942708 0.6820312 0.0260417 0.0390625
0 0.3216146 0.3128906 0.0296875 0.0398437
5 0.3945312 0.4167969 0.0453125 0.0335937
5 0.4184896 0.1718750 0.0244792 0.0390625
2 0.7291667 0.7355469 0.0416667 0.0304687
5 0.7684896 0.8296875 0.0411458 0.0312500
5 0.5442708 0.1609375 0.0364583 0.0531250
2 0.5953125 0.7582031 0.0364583 0.0257812
4 0.4664063 0.1062500 0.0390625 0.0265625
0 0.6838542 0.6878906 0.0375000 0.0429688
1 0.7184896 0.3722656 0.0390625 0.0382813
1 0.4742188 0.3945312 0.0442708 0.0328125
4 0.4286458 0.6082031 0.0375000 0.0367188
2 0.4966146 0.5375000 0.0369792 0.0312500
3 0.6604167 0.6273437 0.0375000 0.0281250
4 0.2398437 0.5722656 0.0328125 0.0304687
1 0.4708333 0.4820313 0.0354167 0.0265625
2 0.4820313 0.9117188 0.0286458 0.0343750
5 0.6601562 0.4136719 0.0390625 0.0367188
3 0.6395833 0.4523437 0.0333333 0.0265625
3 0.4408854 0.3960938 0.0359375 0.0421875
2 0.6304688 0.4742188 0.0390625 0.0296875
2 0.5679688 0.8863281 0.0223958 0.0304687
2 0.5778646 0.6628906 0.0338542 0.0382813
1 0.4752604 0.3738281 0.0442708 0.0320312
1 0.3299479 0.7027344 0.0223958 0.0664062
1 0.5273438 0.5882812 0.0307292 0.0609375
3 0.4677083 0.4257812 0.0302083 0.0562500
4 0.5385417 0.5699219 0.0208333 0.0429688
1 0.4174479 0.6058594 0.0359375 0.0382813
2 0.4393229 0.5484375 0.0223958 0.0531250
0 0.4531250 0.3828125 0.0322917 0.0390625
1 0.6169271 0.4660156 0.0411458 0.0382813
5 0.5083333 0.3277344 0.0218750 0.0632812
5 0.5190104 0.5054688 0.0453125 0.0296875
1 0.5382813 0.8554688 0.0432292 0.0312500
1 0.5473958 0.6792969 0.0239583 0.0617188
4 0.6721354 0.3882813 0.0192708 0.0343750
0 0.3140625 0.6230469 0.0364583 0.0460938
4 0.3382812 0.8441406 0.0411458 0.0289063
0 0.6973958 0.3523438 0.0197917 0.0343750
1 0.6606771 0.3945312 0.0453125 0.0328125
0 0.4416667 0.3218750 0.0437500 0.0296875
5 0.4575521 0.6281250 0.0255208 0.0312500
3 0.4000000 0.7570313 0.0343750 0.0437500
2 0.6127604 0.5546875 0.0359375 0.0328125
4 0.6018229 0.9351563 0.0234375 0.0593750
5 0.5750000 0.2054688 0.0395833 0.0343750
5 0.6643229 0.6882812 0.0276042 0.0578125
1 0.4947917 0.7265625 0.0395833 0.0281250
0 0.5049479 0.5789062 0.0307292 0.0375000
5 0.5354167 0.6027344 0.0385417 0.0242188
3 0.6486979 0.2328125 0.0401042 0.0281250
7 0.6114583 0.6398438 0.0375000 0.0375000
9 0.3671875 0.8031250 0.0395833 0.0562500
8 0.6750000 0.3417969 0.0395833 0.0523438
10 0.4828125 0.5281250 0.0250000 0.0578125
11 0.4658854 0.6460938 0.0369792 0.0359375
10 0.6231771 0.4582031 0.0348958 0.0382813
10 0.7132812 0.7359375 0.0401042 0.0390625
10 0.4429688 0.2550781 0.0359375 0.0351562
11 0.5838542 0.3558594 0.0322917 0.0617188
8 0.4231771 0.5871094 0.0255208 0.0414062
7 0.6119792 0.6566406 0.0302083 0.0617188
11 0.4286458 0.3312500 0.0343750 0.0484375
