5 0.6609375 0.4589844 0.0697917 0.0492187
1 0.4617188 0.6457031 0.0359375 0.0820312
4 0.7046875 0.2167969 0.0718750 0.0476562
5 0.6968750 0.3132813 0.0302083 0.1015625
10 0.6539063 0.3703125 0.0401042 0.0953125
10 0.6294271 0.1390625 0.0640625 0.1031250
11 0.4414062 0.5324219 0.0473958 0.0742188
7 0.6052083 0.7757812 0.0437500 0.0968750
8 0.2820313 0.5031250 0.0432292 0.0765625
10 0.3052083 0.5066406 0.0447917 0.0742188
10 0.5776042 0.8480469 0.0625000 0.0867187
7 0.6213542 0.4601562 0.0604167 0.0578125
7 0.4156250 0.1132812 0.0447917 0.0937500
10 0.5166667 0.2960937 0.0614583 0.0656250
