4 0.3390625 0.3117187 0.0250000 0.0250000
0 0.4093750 0.5992188 0.0177083 0.0437500
0 0.6601562 0.4226563 0.0213542 0.0406250
4 0.5127604 0.6058594 0.0286458 0.0289063
4 0.3434896 0.3566406 0.0286458 0.0367188
3 0.6617188 0.7457031 0.0359375 0.0320312
4 0.5161458 0.5453125 0.0166667 0.0218750
2 0.5437500 0.4570312 0.0322917 0.0250000
3 0.5046875 0.2273438 0.0177083 0.0500000
1 0.5963542 0.7640625 0.0218750 0.0437500
0 0.4270833 0.3730469 0.0187500 0.0398437
3 0.5013021 0.3250000 0.0161458 0.0515625
1 0.5611979 0.6207031 0.0296875 0.0273438
1 0.4986979 0.6242188 0.0317708 0.0234375
5 0.3083333 0.7683594 0.0197917 0.0476562
1 0.6367188 0.2992187 0.0213542 0.0375000
4 0.6583333 0.2351563 0.0145833 0.0218750
5 0.4945312 0.5617188 0.0328125 0.0250000
2 0.3106771 0.1343750 0.0276042 0.0250000
1 0.3247396 0.3984375 0.0140625 0.0453125
5 0.6309896 0.3347656 0.0171875 0.0507812
5 0.6434896 0.4054687 0.0151042 0.0390625
1 0.3479167 0.7402344 0.0302083 0.0289063
2 0.6289062 0.2386719 0.0317708 0.0382813
3 0.5911458 0.7316406 0.0208333 0.0492187
0 0.4184896 0.5070313 0.0223958 0.0234375
4 0.5833333 0.5855469 0.0322917 0.0257812
0 0.3101563 0.4281250 0.0192708 0.0281250
3 0.2565104 0.3148437 0.0328125 0.0421875
2 0.6236979 0.6867188 0.0244792 0.0281250
4 0.3822917 0.8070312 0.0322917 0.0406250
5 0.5632812 0.3710938 0.0203125 0.0468750
2 0.5757813 0.4375000 0.0348958 0.0250000
4 0.4947917 0.8070312 0.0302083 0.0343750
2 0.6390625 0.6410156 0.0156250 0.0554687
0 0.1934896 0.5312500 0.0307292 0.0312500
0 0.4572917 0.3113281 0.0312500 0.0226562
5 0.2817708 0.5750000 0.0250000 0.0312500
0 0.6434896 0.8613281 0.0296875 0.0210938
2 0.3835938 0.4312500 0.0223958 0.0500000
5 0.5651042 0.2238281 0.0229167 0.0429688
5 0.7361979 0.5621094 0.0296875 0.0289063
5 0.5713542 0.6882812 0.0208333 0.0531250
5 0.7213542 0.4175781 0.0364583 0.0335937
4 0.7460938 0.5273438 0.0171875 0.0296875
5 0.6690104 0.7402344 0.0296875 0.0335937
1 0.3539062 0.6265625 0.0213542 0.0453125
4 0.5354167 0.5718750 0.0302083 0.0218750
4 0.7458333 0.4644531 0.0302083 0.0351562
3 0.3294271 0.6019531 0.0276042 0.0414062
1 0.5020833 0.8562500 0.0291667 0.0421875
0 0.2664063 0.6332031 0.0348958 0.0273438
5 0.6958333 0.6289062 0.0281250 0.0218750
5 0.4825521 0.4558594 0.0161458 0.0367188
1 0.5544271 0.4574219 0.0338542 0.0226562
5 0.5557292 0.3277344 0.0208333 0.0429688
5 0.5281250 0.4171875 0.0260417 0.0296875
1 0.5908854 0.2347656 0.0171875 0.0429688
5 0.5390625 0.0781250 0.0260417 0.0234375
5 0.4002604 0.4304688 0.0171875 0.0421875
1 0.5065104 0.0761719 0.0244792 0.0460938
3 0.6106771 0.8164062 0.0223958 0.0453125
3 0.3783854 0.6125000 0.0317708 0.0203125
3 0.5286458 0.1011719 0.0197917 0.0476562
0 0.6554688 0.8484375 0.0338542 0.0250000
1 0.6356771 0.7292969 0.0307292 0.0289063
1 0.5638021 0.2128906 0.0182292 0.0507812
4 0.3570313 0.2566406 0.0307292 0.0273438
2 0.5734375 0.5394531 0.0177083 0.0304687
2 0.3687500 0.6226563 0.0218750 0.0296875
3 0.7039062 0.4035156 0.0317708 0.0226562
5 0.4320312 0.7117187 0.0213542 0.0578125
3 0.5609375 0.4019531 0.0166667 0.0304687
2 0.5057292 0.4949219 0.0156250 0.0320312
3 0.3091146 0.6351562 0.0359375 0.0265625
0 0.4882812 0.4238281 0.0151042 0.0476562
5 0.2796875 0.3839844 0.0375000 0.0257812
0 0.6955729 0.6675781 0.0328125 0.0304687
9 0.5330729 0.5816406 0.0328125 0.0382813
6 0.4054687 0.6183594 0.0307292 0.0398437
7 0.6705729 0.3359375 0.0348958 0.0343750
9 0.3460937 0.5902344 0.0338542 0.0414062
8 0.4518229 0.6054688 0.0317708 0.0406250
7 0.4070313 0.6089844 0.0307292 0.0476562
10 0.4567708 0.4804688 0.0208333 0.0468750
6 0.6838542 0.2812500 0.0250000 0.0453125
9 0.5421875 0.3492188 0.0218750 0.0390625
9 0.5312500 0.2871094 0.0197917 0.0429688
8 0.7333333 0.4253906 0.0250000 0.0429688
9 0.3885417 0.4910156 0.0291667 0.0289063
11 0.6794271 0.4894531 0.0244792 0.0335937
8 0.3338542 0.4003906 0.0208333 0.0492187
11 0.5432292 0.4867187 0.0333333 0.0375000
11 0.5575521 0.7179688 0.0307292 0.0312500
10 0.5729167 0.5492187 0.0229167 0.0484375
7 0.6729167 0.6363281 0.0302083 0.0460938
10 0.5929688 0.1957031 0.0286458 0.0273438
7 0.4666667 0.6472656 0.0229167 0.0414062
