5 0.4692708 0.9335938 0.0354167 0.0812500
0 0.6645833 0.3480469 0.0302083 0.0429688
2 0.6846354 0.6539063 0.0307292 0.0828125
4 0.7421875 0.6132812 0.0437500 0.0703125
4 0.4200521 0.3867188 0.0234375 0.0515625
2 0.4013021 0.8558594 0.0473958 0.0632812
3 0.4354167 0.5015625 0.0375000 0.0656250
2 0.6734375 0.7414063 0.0312500 0.0734375
3 0.7031250 0.3343750 0.0625000 0.0453125
1 0.6164063 0.2460938 0.0307292 0.0640625
3 0.5742188 0.4171875 0.0567708 0.0406250
5 0.6127604 0.2355469 0.0348958 0.0617188
3 0.3304687 0.4621094 0.0598958 0.0492187
5 0.3505208 0.4074219 0.0333333 0.0585938
1 0.4841146 0.7730469 0.0348958 0.0367188
1 0.6281250 0.1796875 0.0479167 0.0625000
1 0.5263021 0.3414063 0.0484375 0.0406250
3 0.4083333 0.1839844 0.0427083 0.0601563
4 0.7065104 0.6902344 0.0557292 0.0585938
5 0.5239583 0.6101562 0.0437500 0.0468750
5 0.5942708 0.5156250 0.0531250 0.0484375
2 0.6361979 0.3929687 0.0578125 0.0578125
0 0.4877604 0.2199219 0.0515625 0.0476562
5 0.2697917 0.3808594 0.0270833 0.0929688
2 0.4768229 0.3035156 0.0296875 0.0882813
4 0.3598958 0.2281250 0.0270833 0.0546875
4 0.5799479 0.2648437 0.0359375 0.0750000
5 0.5687500 0.7273437 0.0260417 0.0421875
5 0.3531250 0.2628906 0.0604167 0.0585938
4 0.3718750 0.5863281 0.0250000 0.0679687
2 0.5088542 0.2886719 0.0364583 0.0757812
3 0.4296875 0.2359375 0.0614583 0.0484375
5 0.5947917 0.4003906 0.0593750 0.0585938
3 0.4500000 0.4152344 0.0458333 0.0398437
5 0.5890625 0.3847656 0.0322917 0.0445313
4 0.2190104 0.2050781 0.0265625 0.0867187
0 0.4041667 0.7160156 0.0291667 0.0726563
1 0.5252604 0.7417969 0.0338542 0.0789062
3 0.4401042 0.5546875 0.0395833 0.0828125
5 0.2882812 0.7664062 0.0598958 0.0421875
4 0.2195313 0.3789062 0.0276042 0.0781250
2 0.4458333 0.6296875 0.0572917 0.0406250
5 0.5596354 0.7285156 0.0578125 0.0476562
1 0.5450521 0.4343750 0.0546875 0.0562500
5 0.6158854 0.6121094 0.0390625 0.0429688
1 0.5437500 0.4187500 0.0562500 0.0500000
2 0.3432292 0.7128906 0.0270833 0.0539063
4 0.5505208 0.4277344 0.0395833 0.0476562
0 0.4218750 0.5882812 0.0572917 0.0437500
4 0.4440104 0.4863281 0.0484375 0.0414062
2 0.4130208 0.7539062 0.0354167 0.0390625
2 0.6955729 0.3511719 0.0234375 0.0539063
4 0.6083333 0.6406250 0.0447917 0.0640625
2 0.6416667 0.0812500 0.0385417 0.0890625
3 0.6833333 0.7054687 0.0375000 0.0875000
0 0.6096354 0.4406250 0.0546875 0.0359375
0 0.5911458 0.6125000 0.0447917 0.0640625
1 0.6317708 0.6585937 0.0562500 0.0421875
0 0.6692708 0.5312500 0.0572917 0.0531250
5 0.3692708 0.3269531 0.0593750 0.0492187
0 0.5864583 0.5902344 0.0270833 0.0445313
0 0.5466146 0.7281250 0.0338542 0.0484375
3 0.4622396 0.4546875 0.0442708 0.0671875
4 0.7200521 0.6773438 0.0453125 0.0812500
0 0.6078125 0.3664062 0.0593750 0.0500000
2 0.5651042 0.6824219 0.0552083 0.0382813
5 0.3263021 0.7019531 0.0526042 0.0554687
2 0.5572917 0.8687500 0.0458333 0.0687500
1 0.6247396 0.8078125 0.0557292 0.0390625
1 0.4177083 0.4570312 0.0583333 0.0656250
10 0.6554688 0.5242187 0.0578125 0.0609375
7 0.5820312 0.5468750 0.0463542 0.0734375
10 0.5484375 0.8011719 0.0562500 0.0789062
10 0.7072917 0.4695313 0.0500000 0.0625000
7 0.5244792 0.7355469 0.0375000 0.0851563
11 0.3739583 0.1097656 0.0489583 0.0632812
7 0.3057292 0.5195312 0.0479167 0.0812500
11 0.5893229 0.5363281 0.0536458 0.0554687
11 0.5187500 0.6296875 0.0552083 0.0562500
7 0.7359375 0.3589844 0.0572917 0.0710937
