0 0.3927083 0.8320312 0.1031250 0.0718750
4 0.4278646 0.3398438 0.0505208 0.1640625
5 0.4260417 0.5464844 0.0666667 0.1429688
3 0.5838542 0.4785156 0.1041667 0.0914062
2 0.6184896 0.4703125 0.0765625 0.1484375
4 0.3518229 0.2406250 0.0630208 0.1156250
4 0.3963542 0.4574219 0.1083333 0.0664062
3 0.3044271 0.6148438 0.0630208 0.1656250
4 0.3005208 0.4285156 0.0552083 0.1023437
3 0.5687500 0.5382813 0.0979167 0.1093750
0 0.5140625 0.4660156 0.0468750 0.0757812
3 0.5166667 0.8769531 0.0916667 0.0773438
0 0.3093750 0.3664062 0.1218750 0.0765625
4 0.5440104 0.7566406 0.0838542 0.1679688
4 0.6213542 0.8605469 0.1062500 0.0851563
1 0.7278646 0.3808594 0.1119792 0.0789062
5 0.4356771 0.1292969 0.0671875 0.1617187
2 0.4786458 0.7187500 0.0750000 0.1250000
5 0.5622396 0.7222656 0.0713542 0.1617187
0 0.5981771 0.4187500 0.1203125 0.0906250
3 0.4744792 0.1968750 0.0468750 0.1437500
5 0.5820312 0.7808594 0.1015625 0.0773438
1 0.5289063 0.4058594 0.1130208 0.0664062
5 0.4765625 0.3988281 0.1052083 0.0851563
3 0.4565104 0.2148438 0.0973958 0.1625000
4 0.5528646 0.5515625 0.0692708 0.0953125
1 0.4276042 0.6585937 0.1072917 0.0625000
2 0.4382813 0.4371094 0.0588542 0.1523438
3 0.4765625 0.7402344 0.1031250 0.0945312
5 0.6101562 0.5167969 0.1098958 0.1023437
3 0.4369792 0.1476562 0.0635417 0.1531250
4 0.6575521 0.5082031 0.1098958 0.0835937
7 0.7026042 0.4875000 0.0947917 0.0921875
8 0.7093750 0.5113281 0.0687500 0.0960938
7 0.6838542 0.5117188 0.1197917 0.1140625
10 0.6315104 0.4800781 0.0651042 0.1507813
6 0.7333333 0.4718750 0.1041667 0.1203125
11 0.4445312 0.4460938 0.0973958 0.1265625
10 0.5375000 0.6855469 0.0958333 0.0929688
10 0.6135417 0.4449219 0.0635417 0.1445312
7 0.2070312 0.4593750 0.0859375 0.1390625
6 0.5044271 0.2816406 0.0890625 0.1414063
8 0.6593750 0.2992187 0.1000000 0.1046875
9 0.3809896 0.2628906 0.1015625 0.1257813
6 0.5559896 0.8640625 0.0953125 0.1437500
10 0.6763021 0.6750000 0.1078125 0.1156250
10 0.6833333 0.4679687 0.1072917 0.1531250
9 0.6802083 0.7289062 0.0760417 0.1078125
10 0.6283854 0.6375000 0.0994792 0.0984375
11 0.6598958 0.4812500 0.0947917 0.0937500
