4 0.5713542 0.3175781 0.0229167 0.0273438
1 0.2575521 0.4730469 0.0151042 0.0195312
1 0.4434896 0.2246094 0.0171875 0.0195312
5 0.5635417 0.5003906 0.0166667 0.0335937
5 0.5151042 0.5453125 0.0177083 0.0234375
3 0.4265625 0.5644531 0.0156250 0.0210938
0 0.5031250 0.2281250 0.0135417 0.0406250
5 0.5776042 0.3660156 0.0291667 0.0210938
10 0.5625000 0.7292969 0.0250000 0.0242188
9 0.4106771 0.2265625 0.0161458 0.0250000
11 0.4419271 0.7746094 0.0244792 0.0289063
8 0.5447917 0.7054687 0.0250000 0.0250000
6 0.4515625 0.5390625 0.0156250 0.0234375
10 0.4390625 0.7503906 0.0239583 0.0351562
11 0.5877604 0.1167969 0.0265625 0.0273438
7 0.6828125 0.5203125 0.0166667 0.0375000
10 0.7046875 0.6269531 0.0208333 0.0335937
9 0.2494792 0.5066406 0.0250000 0.0257812
7 0.5617188 0.2589844 0.0244792 0.0257812
9 0.3911458 0.7472656 0.0197917 0.0335937
9 0.6372396 0.4199219 0.0265625 0.0304687
6 0.7041667 0.5796875 0.0239583 0.0234375
10 0.4773438 0.5652344 0.0171875 0.0273438
6 0.4515625 0.4070313 0.0187500 0.0359375
6 0.5622396 0.7652344 0.0223958 0.0335937
6 0.5695313 0.1832031 0.0244792 0.0320312
8 0.4234375 0.6300781 0.0229167 0.0414062
9 0.6768229 0.5882812 0.0182292 0.0343750
