0 0.4812500 0.2625000 0.0260417 0.0265625
2 0.5781250 0.6210938 0.0291667 0.0203125
4 0.3539062 0.6164063 0.0119792 0.0406250
1 0.7026042 0.6660156 0.0270833 0.0195312
5 0.5973958 0.3378906 0.0260417 0.0257812
5 0.2679687 0.3250000 0.0171875 0.0296875
3 0.5606771 0.5070313 0.0119792 0.0359375
3 0.2916667 0.4964844 0.0125000 0.0304687
2 0.5054688 0.7207031 0.0151042 0.0273438
1 0.3901042 0.3957031 0.0218750 0.0367188
5 0.4567708 0.7710938 0.0197917 0.0390625
2 0.4268229 0.4527344 0.0244792 0.0304687
1 0.4919271 0.8011719 0.0192708 0.0367188
5 0.4226563 0.3437500 0.0286458 0.0187500
3 0.4822917 0.5179687 0.0302083 0.0203125
3 0.5013021 0.2941406 0.0130208 0.0195312
0 0.4013021 0.3421875 0.0151042 0.0250000
0 0.4143229 0.3542969 0.0255208 0.0179687
4 0.6427083 0.7003906 0.0291667 0.0195312
2 0.3580729 0.6230469 0.0161458 0.0304687
10 0.6572917 0.5453125 0.0260417 0.0296875
6 0.4835937 0.6480469 0.0234375 0.0445313
