3 0.6544271 0.2253906 0.0307292 0.0257812
2 0.7309896 0.3355469 0.0244792 0.0398437
5 0.5505208 0.5609375 0.0250000 0.0218750
4 0.6164063 0.3675781 0.0286458 0.0226562
0 0.5335937 0.5644531 0.0255208 0.0398437
3 0.7117187 0.4160156 0.0265625 0.0320312
5 0.4401042 0.3945312 0.0250000 0.0390625
5 0.4648438 0.3351562 0.0151042 0.0453125
5 0.2476562 0.7476563 0.0182292 0.0406250
4 0.3528646 0.1414063 0.0192708 0.0421875
4 0.5664062 0.2386719 0.0317708 0.0335937
0 0.6757812 0.3800781 0.0296875 0.0226562
1 0.4062500 0.8414063 0.0187500 0.0250000
3 0.3835938 0.4812500 0.0182292 0.0250000
4 0.6236979 0.3187500 0.0296875 0.0203125
5 0.4627604 0.6324219 0.0223958 0.0226562
3 0.4997396 0.3269531 0.0359375 0.0273438
0 0.5013021 0.3699219 0.0192708 0.0242188
4 0.2890625 0.6203125 0.0322917 0.0312500
0 0.4091146 0.6269531 0.0151042 0.0382813
1 0.3036458 0.5589844 0.0281250 0.0257812
5 0.3437500 0.6937500 0.0250000 0.0312500
4 0.6895833 0.3511719 0.0312500 0.0257812
3 0.3419271 0.5273438 0.0151042 0.0281250
1 0.2057292 0.4218750 0.0218750 0.0406250
4 0.5093750 0.3183594 0.0229167 0.0367188
1 0.6101562 0.8207031 0.0276042 0.0351562
5 0.3864583 0.6085938 0.0229167 0.0250000
3 0.5841146 0.7765625 0.0223958 0.0296875
4 0.5481771 0.7582031 0.0192708 0.0242188
1 0.4864583 0.1996094 0.0208333 0.0351562
3 0.2848958 0.6382813 0.0166667 0.0437500
5 0.3565104 0.7621094 0.0234375 0.0210938
2 0.3528646 0.3125000 0.0203125 0.0453125
3 0.5361979 0.1789062 0.0265625 0.0312500
0 0.4455729 0.6765625 0.0234375 0.0234375
5 0.5619792 0.2496094 0.0229167 0.0414062
0 0.4210937 0.3515625 0.0171875 0.0343750
0 0.2697917 0.3269531 0.0291667 0.0210938
4 0.4500000 0.9253906 0.0281250 0.0367188
5 0.5630208 0.9289063 0.0218750 0.0437500
5 0.6356771 0.4851563 0.0130208 0.0343750
5 0.7057292 0.6339844 0.0281250 0.0226562
3 0.4924479 0.3316406 0.0213542 0.0210938
0 0.5007812 0.3410156 0.0192708 0.0445313
0 0.6416667 0.5230469 0.0302083 0.0226562
2 0.4757812 0.5726562 0.0161458 0.0453125
0 0.5601563 0.7785156 0.0140625 0.0460938
5 0.5049479 0.2531250 0.0151042 0.0281250
4 0.6684896 0.5796875 0.0182292 0.0453125
0 0.4619792 0.6730469 0.0322917 0.0257812
5 0.5031250 0.4484375 0.0208333 0.0437500
2 0.6721354 0.6589844 0.0317708 0.0273438
2 0.4421875 0.4253906 0.0291667 0.0273438
3 0.7455729 0.5265625 0.0359375 0.0250000
2 0.7455729 0.5769531 0.0338542 0.0257812
4 0.4731771 0.2558594 0.0213542 0.0257812
3 0.6747396 0.6820312 0.0338542 0.0296875
4 0.3552083 0.2507813 0.0229167 0.0265625
2 0.6895833 0.6222656 0.0135417 0.0351562
1 0.4328125 0.3234375 0.0312500 0.0218750
5 0.6786458 0.4656250 0.0343750 0.0234375
2 0.5231771 0.1527344 0.0182292 0.0492187
4 0.3864583 0.1992188 0.0156250 0.0484375
2 0.4729167 0.6191406 0.0270833 0.0351562
3 0.6635417 0.7710938 0.0208333 0.0375000
5 0.6416667 0.4218750 0.0302083 0.0265625
5 0.6882812 0.3460937 0.0328125 0.0234375
8 0.4937500 0.2484375 0.0197917 0.0296875
9 0.6557292 0.8234375 0.0312500 0.0296875
11 0.6570312 0.8289062 0.0307292 0.0343750
8 0.6046875 0.5265625 0.0187500 0.0328125
8 0.5666667 0.5625000 0.0260417 0.0484375
11 0.3580729 0.6265625 0.0244792 0.0453125
6 0.6807292 0.7929688 0.0291667 0.0312500
7 0.6757812 0.2972656 0.0244792 0.0382813
