0 0.5317708 0.2625000 0.1125000 0.2593750
2 0.5677083 0.3019531 0.0916667 0.0960938
3 0.5268229 0.6515625 0.1369792 0.1140625
2 0.4799479 0.5050781 0.1348958 0.2132813
2 0.5867187 0.7203125 0.1838542 0.1343750
5 0.2333333 0.4839844 0.1625000 0.1148437
4 0.8000000 0.3871094 0.1718750 0.1726563
4 0.3606771 0.2175781 0.1098958 0.1757812
4 0.6981771 0.5578125 0.1026042 0.2218750
2 0.7197917 0.5289063 0.1447917 0.1546875
4 0.4330729 0.3792969 0.0921875 0.1539062
4 0.3734375 0.3921875 0.1416667 0.1593750
4 0.6289062 0.8929687 0.1140625 0.2125000
3 0.4546875 0.4535156 0.1614583 0.1132812
0 0.3096354 0.3957031 0.0734375 0.2351563
3 0.2976563 0.6687500 0.0786458 0.1781250
1 0.3382812 0.1792969 0.1098958 0.2570312
2 0.3908854 0.3359375 0.0723958 0.2078125
3 0.5489583 0.5933594 0.1770833 0.1492188
2 0.2234375 0.8164062 0.1906250 0.1015625
1 0.2872396 0.4398437 0.1703125 0.1390625
2 0.6085938 0.7390625 0.1609375 0.1281250
2 0.5138021 0.0921875 0.0942708 0.1843750
4 0.7250000 0.5250000 0.0770833 0.1312500
3 0.4971354 0.5207031 0.1380208 0.1460937
2 0.5020833 0.4648438 0.1062500 0.1671875
2 0.4463542 0.0792969 0.1468750 0.1585938
3 0.2562500 0.2234375 0.1677083 0.1281250
2 0.2651042 0.3031250 0.1614583 0.1656250
5 0.3611979 0.4960938 0.1692708 0.1281250
2 0.2471354 0.4257812 0.1036458 0.2156250
0 0.6658854 0.2699219 0.0859375 0.2382812
4 0.5135417 0.2066406 0.1333333 0.1085938
2 0.6205729 0.6886719 0.1713542 0.1523438
2 0.3515625 0.7644531 0.1510417 0.1445312
0 0.3687500 0.6351562 0.1906250 0.1359375
5 0.6567708 0.1273438 0.1750000 0.0984375
3 0.3606771 0.7453125 0.1765625 0.1265625
4 0.2838542 0.6421875 0.1864583 0.1187500
5 0.4348958 0.2035156 0.1375000 0.1117188
4 0.7674479 0.5457031 0.1671875 0.0914062
4 0.5377604 0.5500000 0.1640625 0.1156250
2 0.6010417 0.4191406 0.1156250 0.2554688
1 0.4062500 0.3496094 0.1437500 0.1414063
3 0.3619792 0.7199219 0.0739583 0.1523438
3 0.5406250 0.2738281 0.1020833 0.2382812
2 0.8044271 0.4609375 0.1505208 0.1843750
1 0.4289062 0.4000000 0.1713542 0.1109375
3 0.2757812 0.2941406 0.0838542 0.2554688
0 0.5895833 0.4148438 0.1510417 0.1843750
0 0.3976562 0.8167969 0.1182292 0.2320312
5 0.6643229 0.5238281 0.1765625 0.1210938
1 0.5026042 0.4886719 0.1083333 0.1960938
4 0.6588542 0.2265625 0.0885417 0.2281250
3 0.4343750 0.3507812 0.0895833 0.2000000
3 0.5768229 0.1417969 0.1286458 0.1945312
0 0.2955729 0.2027344 0.1078125 0.1320312
2 0.7127604 0.1769531 0.1671875 0.1414063
4 0.6669271 0.0453125 0.1223958 0.0906250
5 0.5309896 0.1984375 0.1390625 0.1187500
3 0.4497396 0.2578125 0.1390625 0.1875000
4 0.5640625 0.3667969 0.1500000 0.1289062
0 0.4226563 0.2441406 0.0901042 0.1476562
0 0.5750000 0.3734375 0.1500000 0.1281250
2 0.3708333 0.8281250 0.1093750 0.1546875
9 0.6263021 0.9093750 0.1046875 0.1796875
11 0.7570313 0.7476563 0.1588542 0.1515625
7 0.5901042 0.3695312 0.1114583 0.1468750
11 0.7132812 0.5250000 0.1692708 0.1703125
9 0.3302083 0.7214844 0.1177083 0.1492188
8 0.4033854 0.5812500 0.1307292 0.1640625
7 0.6588542 0.3292969 0.1312500 0.1554687
7 0.3218750 0.3500000 0.1010417 0.2000000
11 0.5916667 0.7789063 0.1020833 0.1812500
6 0.7697917 0.5429688 0.1572917 0.1625000
10 0.5252604 0.7089844 0.1401042 0.1382812
9 0.6283854 0.4347656 0.1713542 0.1679688
10 0.5567708 0.8660156 0.1229167 0.2179687
