3 0.6635417 0.6093750 0.1125000 0.1250000
3 0.5007812 0.2015625 0.1213542 0.1140625
3 0.2695312 0.5675781 0.0755208 0.1195313
0 0.5703125 0.9511719 0.0937500 0.0960938
0 0.3708333 0.4390625 0.1020833 0.1187500
3 0.2895833 0.2515625 0.0895833 0.1750000
5 0.3825521 0.3589844 0.1203125 0.0835937
1 0.5229167 0.6417969 0.0427083 0.0757812
2 0.7468750 0.5253906 0.1062500 0.1179687
1 0.4130208 0.2074219 0.0843750 0.1632812
1 0.4018229 0.7531250 0.0838542 0.1593750
0 0.4744792 0.4902344 0.1177083 0.0820312
5 0.5140625 0.5152344 0.0677083 0.1070312
5 0.6875000 0.2332031 0.1322917 0.1101562
3 0.5572917 0.3253906 0.0520833 0.1085938
1 0.6317708 0.3121094 0.1062500 0.1382812
2 0.4171875 0.5253906 0.0843750 0.1273438
4 0.3432292 0.2339844 0.1302083 0.1039063
5 0.4700521 0.3289063 0.1067708 0.1375000
0 0.6601562 0.7386719 0.1244792 0.1273438
5 0.5747396 0.3023438 0.1005208 0.1031250
1 0.5447917 0.1105469 0.1135417 0.0851563
0 0.5486979 0.3007812 0.1098958 0.0812500
5 0.2984375 0.3406250 0.1291667 0.0906250
5 0.5427083 0.4703125 0.1187500 0.1390625
2 0.6684896 0.6429687 0.1234375 0.0781250
1 0.4494792 0.1585938 0.1281250 0.0890625
5 0.6955729 0.4242187 0.0411458 0.0828125
0 0.3500000 0.6179687 0.1072917 0.0953125
2 0.5963542 0.7718750 0.0677083 0.0968750
5 0.3901042 0.5187500 0.1145833 0.0843750
7 0.5377604 0.3707031 0.1244792 0.1257813
10 0.4091146 0.8484375 0.0713542 0.1453125
10 0.5773438 0.9199219 0.0963542 0.1585938
8 0.5312500 0.5609375 0.0895833 0.1078125
11 0.3807292 0.3457031 0.1072917 0.1054688
9 0.6481771 0.5210938 0.1098958 0.1125000
8 0.7179688 0.5570312 0.0723958 0.1578125
8 0.4562500 0.1574219 0.0822917 0.1617187
11 0.2184896 0.4046875 0.1161458 0.1156250
8 0.3768229 0.5984375 0.1067708 0.1203125
11 0.3138021 0.6523438 0.0723958 0.1078125
7 0.7505208 0.5484375 0.1270833 0.1468750
7 0.6125000 0.2281250 0.0989583 0.1234375
11 0.7177083 0.8375000 0.1125000 0.1203125
8 0.3640625 0.5757813 0.0979167 0.1218750
7 0.6104167 0.7468750 0.0854167 0.1609375
7 0.1736979 0.7046875 0.1151042 0.1359375
9 0.6755208 0.5792969 0.1010417 0.1007813
7 0.6744792 0.4343750 0.0968750 0.1390625
6 0.3940104 0.7925781 0.1015625 0.1210938
