5 0.3518229 0.5464844 0.0171875 0.0429688
5 0.3078125 0.5136719 0.0333333 0.0242188
2 0.5309896 0.1421875 0.0161458 0.0453125
0 0.3927083 0.6101562 0.0322917 0.0218750
1 0.5869792 0.7300781 0.0166667 0.0289063
1 0.6080729 0.6203125 0.0307292 0.0234375
0 0.6903646 0.5648437 0.0265625 0.0312500
2 0.3885417 0.8742188 0.0229167 0.0406250
5 0.5544271 0.4593750 0.0223958 0.0312500
3 0.6515625 0.3667969 0.0291667 0.0320312
5 0.6437500 0.5695313 0.0260417 0.0328125
2 0.5088542 0.3398438 0.0177083 0.0375000
5 0.7002604 0.6832031 0.0213542 0.0226562
0 0.5309896 0.4410156 0.0286458 0.0304687
1 0.5932292 0.6136719 0.0270833 0.0164063
3 0.4007812 0.6167969 0.0276042 0.0320312
4 0.4536458 0.5402344 0.0312500 0.0226562
1 0.6765625 0.7035156 0.0281250 0.0289063
2 0.5611979 0.6613281 0.0317708 0.0257812
5 0.6075521 0.4773438 0.0296875 0.0250000
0 0.4218750 0.7972656 0.0218750 0.0273438
2 0.5020833 0.3246094 0.0302083 0.0273438
3 0.4653646 0.1746094 0.0296875 0.0226562
0 0.5203125 0.8347656 0.0250000 0.0226562
5 0.6151042 0.8042969 0.0125000 0.0476562
1 0.6755208 0.3691406 0.0156250 0.0195312
1 0.5460938 0.8230469 0.0161458 0.0460938
5 0.6861979 0.4441406 0.0161458 0.0335937
5 0.5421875 0.7996094 0.0281250 0.0226562
0 0.5778646 0.5957031 0.0296875 0.0289063
2 0.6111979 0.5203125 0.0192708 0.0484375
5 0.6911458 0.3699219 0.0312500 0.0242188
2 0.6497396 0.8824219 0.0296875 0.0226562
1 0.6132812 0.3921875 0.0161458 0.0437500
0 0.5757813 0.5042969 0.0286458 0.0164063
3 0.4473958 0.3617187 0.0166667 0.0281250
2 0.6111979 0.3695312 0.0234375 0.0234375
0 0.3697917 0.2394531 0.0281250 0.0195312
3 0.5557292 0.8230469 0.0312500 0.0210938
1 0.4882812 0.5421875 0.0234375 0.0234375
4 0.5315104 0.3656250 0.0213542 0.0375000
2 0.4625000 0.7632813 0.0187500 0.0406250
0 0.5458333 0.5195312 0.0250000 0.0203125
5 0.4070313 0.7824219 0.0161458 0.0195312
2 0.4257812 0.5847656 0.0151042 0.0210938
2 0.5653646 0.5343750 0.0296875 0.0218750
0 0.6367188 0.3996094 0.0192708 0.0289063
1 0.4820313 0.1171875 0.0182292 0.0218750
3 0.6169271 0.4777344 0.0234375 0.0273438
4 0.3302083 0.4953125 0.0145833 0.0406250
5 0.6632813 0.7316406 0.0286458 0.0210938
5 0.3388021 0.2265625 0.0151042 0.0453125
3 0.6200521 0.3464844 0.0286458 0.0195312
5 0.4572917 0.5734375 0.0218750 0.0203125
5 0.3960938 0.5480469 0.0140625 0.0320312
2 0.6770833 0.2695312 0.0302083 0.0296875
1 0.2854167 0.2761719 0.0166667 0.0398437
4 0.4492188 0.0871094 0.0255208 0.0273438
3 0.4026042 0.6582031 0.0145833 0.0179687
2 0.5424479 0.7027344 0.0151042 0.0429688
1 0.5697917 0.6519531 0.0302083 0.0210938
6 0.6536458 0.6656250 0.0281250 0.0312500
9 0.3984375 0.5308594 0.0187500 0.0351562
8 0.5398437 0.3480469 0.0307292 0.0304687
9 0.5643229 0.3230469 0.0213542 0.0398437
