4 0.6289062 0.4132812 0.0265625 0.0187500
1 0.5932292 0.3257813 0.0260417 0.0203125
4 0.4338542 0.5742188 0.0229167 0.0265625
0 0.2690104 0.2933594 0.0223958 0.0320312
0 0.5432292 0.5820312 0.0250000 0.0250000
5 0.6554688 0.2136719 0.0182292 0.0398437
2 0.5697917 0.4550781 0.0197917 0.0257812
4 0.5424479 0.5476562 0.0213542 0.0265625
1 0.5536458 0.5027344 0.0218750 0.0195312
0 0.5359375 0.4332031 0.0250000 0.0195312
2 0.4375000 0.5765625 0.0239583 0.0359375
4 0.6736979 0.5269531 0.0171875 0.0367188
1 0.6002604 0.8425781 0.0234375 0.0179687
0 0.5072917 0.5578125 0.0135417 0.0187500
4 0.4924479 0.6085938 0.0192708 0.0406250
5 0.5367188 0.2804687 0.0244792 0.0281250
2 0.2231771 0.5316406 0.0265625 0.0273438
3 0.6781250 0.3390625 0.0260417 0.0218750
4 0.6406250 0.5898438 0.0145833 0.0375000
3 0.4531250 0.7988281 0.0250000 0.0257812
2 0.5164062 0.1492188 0.0265625 0.0203125
2 0.4458333 0.2890625 0.0197917 0.0375000
2 0.4442708 0.5414062 0.0260417 0.0281250
4 0.4846354 0.9687500 0.0255208 0.0250000
3 0.4531250 0.6925781 0.0125000 0.0382813
1 0.6210938 0.6863281 0.0234375 0.0179687
10 0.3182292 0.3949219 0.0239583 0.0226562
9 0.5736979 0.3867188 0.0265625 0.0265625
