2 0.4854167 0.1335938 0.0895833 0.0734375
3 0.6179687 0.6269531 0.0838542 0.0742188
0 0.6768229 0.4402344 0.0682292 0.1085938
4 0.6841146 0.4203125 0.0765625 0.0890625
5 0.5591146 0.5523438 0.0901042 0.1171875
4 0.2875000 0.5484375 0.0750000 0.1390625
4 0.4286458 0.9035156 0.0843750 0.0851563
3 0.4416667 0.3894531 0.1020833 0.0710937
5 0.6143229 0.9406250 0.0807292 0.0703125
5 0.5500000 0.7285156 0.0520833 0.0851563
4 0.2635417 0.2406250 0.0989583 0.0593750
3 0.6489583 0.6125000 0.0958333 0.0671875
2 0.6283854 0.7550781 0.0578125 0.1414063
2 0.5789062 0.7804688 0.0494792 0.0890625
3 0.3520833 0.5726562 0.0802083 0.0890625
4 0.5682292 0.0667969 0.0875000 0.0882813
0 0.2729167 0.2609375 0.0791667 0.0625000
0 0.5203125 0.7683594 0.0656250 0.0851563
0 0.3742187 0.2625000 0.1005208 0.0875000
2 0.6276042 0.5011719 0.0937500 0.1164063
2 0.2502604 0.3593750 0.0682292 0.1125000
2 0.2531250 0.4015625 0.0427083 0.1359375
2 0.5385417 0.4351563 0.1000000 0.0656250
8 0.3742187 0.7453125 0.1067708 0.1453125
6 0.3661458 0.5292969 0.0989583 0.0945312
