3 0.6161458 0.3855469 0.0625000 0.0429688
4 0.5098958 0.2941406 0.0437500 0.0804688
4 0.3997396 0.4062500 0.0328125 0.0593750
4 0.5986979 0.6105469 0.0338542 0.0507812
1 0.5367188 0.4964844 0.0223958 0.0539063
1 0.4671875 0.4285156 0.0406250 0.0429688
5 0.3864583 0.5398437 0.0416667 0.0531250
0 0.5984375 0.2390625 0.0250000 0.0406250
3 0.5776042 0.2601562 0.0677083 0.0562500
0 0.3895833 0.4097656 0.0354167 0.0835937
1 0.5731771 0.6515625 0.0515625 0.0593750
2 0.7000000 0.3785156 0.0364583 0.0835937
2 0.4604167 0.7179688 0.0531250 0.0718750
1 0.7630208 0.6058594 0.0541667 0.0835937
5 0.4309896 0.6242188 0.0682292 0.0578125
0 0.5682292 0.4742188 0.0416667 0.0781250
1 0.6833333 0.2824219 0.0375000 0.0804688
5 0.4236979 0.5527344 0.0473958 0.0601563
2 0.5755208 0.2507813 0.0572917 0.0687500
1 0.7317708 0.3371094 0.0531250 0.0445313
5 0.5322917 0.3460937 0.0364583 0.1062500
3 0.5888021 0.3726563 0.0328125 0.1015625
0 0.5585938 0.4917969 0.0598958 0.0476562
4 0.5434896 0.6992188 0.0286458 0.0718750
1 0.3471354 0.8886719 0.0296875 0.0992187
4 0.5622396 0.4359375 0.0515625 0.0828125
0 0.6229167 0.2410156 0.0552083 0.0695313
3 0.4601562 0.5046875 0.0546875 0.0734375
4 0.6130208 0.7496094 0.0687500 0.0492187
1 0.2354167 0.5113281 0.0666667 0.0476562
3 0.5007812 0.2507813 0.0401042 0.0984375
0 0.6385417 0.4718750 0.0364583 0.0953125
4 0.6005208 0.5960937 0.0645833 0.0453125
1 0.3179688 0.5539063 0.0651042 0.0437500
0 0.6919271 0.6960937 0.0473958 0.0671875
1 0.4161458 0.5500000 0.0604167 0.0437500
0 0.6320313 0.5316406 0.0630208 0.0460938
3 0.3309896 0.9417969 0.0630208 0.0460938
1 0.2955729 0.5570312 0.0463542 0.0546875
0 0.7145833 0.7324219 0.0666667 0.0539063
4 0.5080729 0.6199219 0.0651042 0.0554687
1 0.5468750 0.4863281 0.0614583 0.0507812
5 0.5406250 0.7191406 0.0500000 0.0382813
4 0.5059896 0.5621094 0.0473958 0.0710937
1 0.5395833 0.6289062 0.0489583 0.0593750
2 0.5968750 0.8589844 0.0510417 0.0664062
1 0.6768229 0.2839844 0.0598958 0.0664062
0 0.5343750 0.1105469 0.0468750 0.0726563
4 0.4049479 0.9199219 0.0317708 0.0742188
4 0.3958333 0.7867188 0.0395833 0.0421875
8 0.5736979 0.5402344 0.0369792 0.0648438
10 0.5028646 0.5167969 0.0380208 0.0851563
11 0.5544271 0.3230469 0.0557292 0.0632812
10 0.5822917 0.6773438 0.0437500 0.0984375
7 0.5536458 0.8773437 0.0479167 0.0890625
8 0.3630208 0.5156250 0.0447917 0.0843750
8 0.4286458 0.3359375 0.0562500 0.0656250
10 0.6322917 0.7574219 0.0541667 0.0945312
11 0.5721354 0.4628906 0.0421875 0.0820312
7 0.3723958 0.8640625 0.0395833 0.0640625
8 0.6401042 0.3777344 0.0656250 0.0632812
6 0.6205729 0.3550781 0.0588542 0.0742188
11 0.4044271 0.4015625 0.0453125 0.0625000
10 0.4526042 0.7500000 0.0656250 0.0640625
6 0.6023437 0.5503906 0.0494792 0.0664062
