4 0.4078125 0.3785156 0.0614583 0.0492187
1 0.2838542 0.2320312 0.0395833 0.0921875
0 0.4335938 0.6468750 0.0526042 0.0656250
4 0.3401042 0.4835937 0.0364583 0.0515625
5 0.3500000 0.6671875 0.0260417 0.0406250
4 0.5591146 0.5300781 0.0557292 0.0523438
5 0.4007812 0.6652344 0.0578125 0.0476562
1 0.5940104 0.7406250 0.0307292 0.0906250
2 0.4304688 0.5695313 0.0317708 0.0703125
1 0.4101562 0.4820313 0.0567708 0.0359375
1 0.6372396 0.4605469 0.0463542 0.0601563
1 0.5671875 0.5679688 0.0343750 0.0765625
3 0.4958333 0.4441406 0.0510417 0.0382813
2 0.6611979 0.5421875 0.0473958 0.0718750
4 0.6552083 0.7500000 0.0343750 0.0484375
1 0.4156250 0.7613281 0.0458333 0.0570312
1 0.7700521 0.3070312 0.0567708 0.0515625
5 0.7432292 0.3812500 0.0541667 0.0390625
1 0.4554687 0.1062500 0.0390625 0.0750000
0 0.4992187 0.4781250 0.0484375 0.0437500
0 0.5080729 0.4015625 0.0494792 0.0375000
1 0.5736979 0.2621094 0.0598958 0.0351562
1 0.3567708 0.5144531 0.0500000 0.0445313
0 0.6567708 0.7429687 0.0625000 0.0437500
3 0.6630208 0.2539062 0.0468750 0.0546875
1 0.6684896 0.1703125 0.0588542 0.0468750
0 0.3244792 0.3062500 0.0364583 0.0625000
5 0.7091146 0.6667969 0.0286458 0.0851563
1 0.7578125 0.5343750 0.0406250 0.0453125
1 0.4671875 0.2843750 0.0291667 0.0765625
4 0.5453125 0.1402344 0.0406250 0.0648438
1 0.3328125 0.7132812 0.0406250 0.0765625
3 0.6182292 0.3109375 0.0604167 0.0437500
3 0.5057292 0.6726562 0.0541667 0.0703125
1 0.6380208 0.5398437 0.0354167 0.0781250
1 0.7216146 0.5167969 0.0546875 0.0382813
1 0.7153646 0.6949219 0.0484375 0.0601563
4 0.4494792 0.5410156 0.0447917 0.0554687
1 0.4343750 0.7472656 0.0364583 0.0679687
3 0.6000000 0.5964844 0.0447917 0.0445313
4 0.3380208 0.3078125 0.0562500 0.0531250
0 0.3364583 0.6312500 0.0593750 0.0453125
2 0.5622396 0.2781250 0.0598958 0.0343750
3 0.3132813 0.2097656 0.0546875 0.0476562
0 0.6049479 0.2730469 0.0578125 0.0492187
3 0.2533854 0.3886719 0.0369792 0.0695313
4 0.5283854 0.6027344 0.0526042 0.0320312
0 0.3270833 0.7250000 0.0572917 0.0390625
4 0.5924479 0.5636719 0.0484375 0.0429688
4 0.6932292 0.5734375 0.0333333 0.0484375
3 0.6153646 0.1953125 0.0546875 0.0453125
5 0.5250000 0.6207031 0.0489583 0.0460938
2 0.5424479 0.6175781 0.0390625 0.0851563
2 0.6645833 0.4667969 0.0270833 0.0445313
0 0.2807292 0.7183594 0.0572917 0.0539063
1 0.5940104 0.5574219 0.0505208 0.0429688
1 0.5424479 0.5359375 0.0265625 0.0703125
4 0.7335938 0.6289062 0.0557292 0.0500000
5 0.7203125 0.7546875 0.0562500 0.0437500
0 0.5343750 0.5691406 0.0562500 0.0429688
0 0.7192708 0.3695312 0.0270833 0.0453125
4 0.5286458 0.3078125 0.0385417 0.0609375
3 0.7270833 0.4949219 0.0270833 0.0492187
2 0.6453125 0.6058594 0.0614583 0.0476562
1 0.5867187 0.4179688 0.0557292 0.0671875
0 0.6351562 0.5007812 0.0557292 0.0578125
2 0.5138021 0.3945312 0.0265625 0.0656250
5 0.6085938 0.2519531 0.0286458 0.0914062
2 0.3945312 0.5417969 0.0578125 0.0492187
1 0.2875000 0.0957031 0.0364583 0.0460938
7 0.5903646 0.3433594 0.0588542 0.0742188
6 0.4742188 0.5714844 0.0505208 0.0851563
10 0.5541667 0.6371094 0.0447917 0.0757812
8 0.5908854 0.7968750 0.0526042 0.0531250
7 0.5757813 0.3332031 0.0338542 0.0742188
8 0.5192708 0.5746094 0.0447917 0.0820312
