3 0.5023437 0.2468750 0.0213542 0.0296875
0 0.3770833 0.3347656 0.0166667 0.0507812
0 0.4671875 0.7398438 0.0187500 0.0375000
1 0.5388021 0.4035156 0.0348958 0.0367188
4 0.6947917 0.5554687 0.0354167 0.0234375
0 0.7101563 0.2710938 0.0401042 0.0312500
0 0.4882812 0.6527344 0.0192708 0.0523438
2 0.4023438 0.9433594 0.0223958 0.0617188
1 0.3765625 0.4062500 0.0291667 0.0281250
5 0.5575521 0.2296875 0.0338542 0.0359375
0 0.7468750 0.5210938 0.0156250 0.0390625
5 0.5893229 0.7628906 0.0192708 0.0257812
2 0.4718750 0.2105469 0.0260417 0.0554687
4 0.5364583 0.1078125 0.0322917 0.0421875
0 0.5492187 0.7398438 0.0380208 0.0375000
3 0.4924479 0.7460938 0.0234375 0.0296875
5 0.6184896 0.4496094 0.0276042 0.0429688
3 0.7809896 0.6355469 0.0234375 0.0304687
1 0.4390625 0.4832031 0.0364583 0.0226562
5 0.5742188 0.6566406 0.0317708 0.0257812
5 0.3546875 0.6195312 0.0312500 0.0437500
4 0.4361979 0.6109375 0.0223958 0.0562500
4 0.5614583 0.2210938 0.0250000 0.0406250
1 0.3747396 0.6871094 0.0390625 0.0304687
3 0.6664062 0.3054688 0.0401042 0.0312500
5 0.5804687 0.3367188 0.0203125 0.0343750
5 0.3781250 0.1570313 0.0187500 0.0406250
5 0.5770833 0.5644531 0.0260417 0.0367188
5 0.3898437 0.3019531 0.0192708 0.0523438
1 0.4182292 0.7050781 0.0208333 0.0523438
4 0.4755208 0.4347656 0.0218750 0.0523438
8 0.5585938 0.8011719 0.0348958 0.0445313
6 0.6026042 0.6347656 0.0333333 0.0460938
10 0.5895833 0.4613281 0.0333333 0.0320312
8 0.4713542 0.5390625 0.0322917 0.0484375
11 0.5330729 0.2500000 0.0286458 0.0500000
9 0.5500000 0.4570312 0.0364583 0.0343750
7 0.5856771 0.4980469 0.0255208 0.0320312
6 0.5263021 0.3167969 0.0338542 0.0335937
8 0.4700521 0.2835937 0.0244792 0.0546875
6 0.4075521 0.6234375 0.0255208 0.0562500
8 0.4653646 0.5980469 0.0286458 0.0304687
10 0.5057292 0.4152344 0.0343750 0.0507812
8 0.4716146 0.8777344 0.0223958 0.0398437
10 0.4140625 0.7031250 0.0312500 0.0406250
