5 0.4479167 0.6394531 0.0218750 0.0492187
2 0.4091146 0.5378906 0.0234375 0.0367188
4 0.5229167 0.4121094 0.0343750 0.0351562
0 0.7617188 0.5785156 0.0182292 0.0367188
2 0.6554688 0.1832031 0.0203125 0.0585938
1 0.5138021 0.6273437 0.0307292 0.0343750
2 0.3937500 0.5894531 0.0187500 0.0539063
4 0.5924479 0.4761719 0.0390625 0.0257812
4 0.5080729 0.5175781 0.0296875 0.0242188
3 0.3903646 0.5347656 0.0140625 0.0335937
0 0.4864583 0.4429688 0.0291667 0.0281250
2 0.6104167 0.6578125 0.0343750 0.0328125
5 0.5908854 0.6519531 0.0359375 0.0289063
3 0.7286458 0.7027344 0.0343750 0.0304687
5 0.6729167 0.3328125 0.0218750 0.0578125
4 0.5578125 0.5375000 0.0354167 0.0281250
0 0.4164062 0.4238281 0.0276042 0.0398437
2 0.6286458 0.3753906 0.0395833 0.0257812
4 0.5013021 0.2621094 0.0182292 0.0492187
4 0.2416667 0.6242188 0.0270833 0.0437500
2 0.3395833 0.8582031 0.0385417 0.0226562
3 0.6018229 0.7996094 0.0328125 0.0257812
3 0.4492188 0.6648437 0.0338542 0.0296875
3 0.5010417 0.6484375 0.0250000 0.0593750
5 0.4414062 0.6578125 0.0328125 0.0312500
4 0.5455729 0.4597656 0.0203125 0.0507812
1 0.5213542 0.5312500 0.0333333 0.0343750
4 0.4963542 0.1832031 0.0364583 0.0257812
2 0.6338542 0.4253906 0.0385417 0.0289063
0 0.4799479 0.6375000 0.0338542 0.0421875
2 0.2721354 0.3710938 0.0380208 0.0343750
1 0.4106771 0.5175781 0.0234375 0.0242188
1 0.5851563 0.7089844 0.0369792 0.0304687
0 0.4619792 0.5640625 0.0354167 0.0250000
4 0.5854167 0.6234375 0.0354167 0.0265625
3 0.3744792 0.2941406 0.0364583 0.0335937
2 0.4408854 0.3160156 0.0307292 0.0304687
4 0.4492188 0.7175781 0.0130208 0.0320312
3 0.5466146 0.5843750 0.0171875 0.0312500
1 0.4976563 0.3218750 0.0359375 0.0312500
0 0.6630208 0.4933594 0.0375000 0.0273438
2 0.6408854 0.4839844 0.0380208 0.0242188
1 0.4833333 0.2464844 0.0343750 0.0226562
4 0.6531250 0.3914063 0.0291667 0.0328125
11 0.6039062 0.3363281 0.0338542 0.0320312
7 0.7083333 0.7769531 0.0218750 0.0523438
9 0.5901042 0.4636719 0.0302083 0.0492187
11 0.6028646 0.3085938 0.0328125 0.0343750
8 0.3497396 0.5117188 0.0328125 0.0343750
7 0.6671875 0.6007813 0.0312500 0.0546875
8 0.5544271 0.4417969 0.0223958 0.0507812
7 0.5104167 0.6257812 0.0333333 0.0437500
8 0.4768229 0.4960938 0.0223958 0.0500000
6 0.4286458 0.2339844 0.0229167 0.0523438
9 0.6781250 0.3878906 0.0333333 0.0414062
8 0.3638021 0.4246094 0.0255208 0.0398437
7 0.6028646 0.3656250 0.0307292 0.0328125
