5 0.6658854 0.3906250 0.0338542 0.0265625
3 0.6867188 0.6890625 0.0359375 0.0250000
0 0.5218750 0.8332031 0.0239583 0.0273438
5 0.5593750 0.6011719 0.0208333 0.0335937
0 0.3401042 0.4496094 0.0333333 0.0273438
4 0.3578125 0.6105469 0.0166667 0.0242188
5 0.6890625 0.6933594 0.0364583 0.0289063
4 0.4372396 0.4773438 0.0244792 0.0515625
5 0.6500000 0.8207031 0.0364583 0.0273438
4 0.6367188 0.6093750 0.0348958 0.0296875
0 0.5203125 0.7941406 0.0187500 0.0570312
1 0.5442708 0.7953125 0.0229167 0.0500000
3 0.3997396 0.5628906 0.0244792 0.0210938
0 0.4796875 0.6078125 0.0333333 0.0312500
4 0.4794271 0.4968750 0.0171875 0.0328125
4 0.5994792 0.8300781 0.0354167 0.0195312
1 0.5989583 0.1683594 0.0375000 0.0335937
1 0.7294271 0.7125000 0.0213542 0.0343750
2 0.5716146 0.4035156 0.0171875 0.0242188
4 0.3382812 0.5464844 0.0161458 0.0351562
8 0.5278646 0.4417969 0.0369792 0.0398437
7 0.6117187 0.8789062 0.0223958 0.0515625
8 0.3804688 0.3558594 0.0244792 0.0523438
11 0.6343750 0.5726562 0.0333333 0.0328125
7 0.3179688 0.4625000 0.0213542 0.0437500
7 0.4528646 0.6195312 0.0203125 0.0437500
10 0.5835938 0.1468750 0.0234375 0.0531250
6 0.5088542 0.8300781 0.0270833 0.0335937
8 0.5942708 0.3500000 0.0343750 0.0343750
6 0.6914062 0.6722656 0.0234375 0.0320312
7 0.3085938 0.3429687 0.0234375 0.0531250
9 0.7067708 0.5308594 0.0375000 0.0398437
11 0.6265625 0.8566406 0.0302083 0.0492187
7 0.5135417 0.5363281 0.0218750 0.0523438
6 0.3705729 0.5175781 0.0348958 0.0351562
7 0.5510417 0.4054687 0.0291667 0.0468750
6 0.5940104 0.8390625 0.0276042 0.0500000
11 0.3421875 0.1035156 0.0229167 0.0460938
10 0.6041667 0.4234375 0.0354167 0.0421875
