2 0.5921875 0.1386719 0.0208333 0.0195312
2 0.4726562 0.8242188 0.0130208 0.0359375
1 0.5664062 0.3367188 0.0130208 0.0218750
0 0.5015625 0.2328125 0.0114583 0.0171875
5 0.3932292 0.2828125 0.0125000 0.0187500
5 0.3807292 0.8031250 0.0125000 0.0359375
3 0.6346354 0.3925781 0.0130208 0.0335937
1 0.6718750 0.3449219 0.0239583 0.0195312
3 0.3197917 0.4968750 0.0125000 0.0171875
0 0.5445313 0.6078125 0.0130208 0.0218750
4 0.6434896 0.5656250 0.0151042 0.0187500
1 0.7098958 0.6871094 0.0239583 0.0179687
5 0.4098958 0.6082031 0.0197917 0.0226562
2 0.4403646 0.7824219 0.0203125 0.0195312
4 0.6572917 0.7636719 0.0218750 0.0117188
0 0.5812500 0.5207031 0.0145833 0.0304687
5 0.5312500 0.4171875 0.0135417 0.0234375
4 0.5625000 0.5781250 0.0229167 0.0203125
2 0.5408854 0.8292969 0.0234375 0.0210938
0 0.4817708 0.1703125 0.0135417 0.0312500
4 0.3539062 0.1144531 0.0223958 0.0164063
1 0.5067708 0.5636719 0.0166667 0.0195312
1 0.4291667 0.5273438 0.0239583 0.0171875
1 0.3585937 0.2949219 0.0213542 0.0179687
4 0.7763021 0.4015625 0.0223958 0.0234375
0 0.3255208 0.7988281 0.0229167 0.0179687
0 0.4367187 0.5382813 0.0109375 0.0218750
0 0.3817708 0.5539063 0.0208333 0.0265625
3 0.4164062 0.3679688 0.0213542 0.0140625
2 0.6598958 0.3921875 0.0229167 0.0171875
0 0.4085937 0.6542969 0.0119792 0.0257812
3 0.4359375 0.8195313 0.0229167 0.0281250
5 0.5153646 0.7210937 0.0151042 0.0171875
2 0.5778646 0.2972656 0.0203125 0.0242188
2 0.3361979 0.1664063 0.0130208 0.0281250
0 0.5190104 0.7199219 0.0213542 0.0273438
0 0.3796875 0.7539062 0.0135417 0.0203125
4 0.6140625 0.4121094 0.0208333 0.0242188
2 0.5515625 0.7937500 0.0177083 0.0328125
2 0.6072917 0.5496094 0.0135417 0.0351562
1 0.5645833 0.7226562 0.0187500 0.0171875
3 0.5302083 0.5289063 0.0250000 0.0171875
3 0.5325521 0.5085937 0.0182292 0.0171875
4 0.4065104 0.7097656 0.0151042 0.0273438
1 0.4268229 0.4914062 0.0119792 0.0156250
0 0.2708333 0.4609375 0.0135417 0.0343750
1 0.7369792 0.7039062 0.0208333 0.0171875
10 0.5505208 0.7628906 0.0135417 0.0320312
11 0.4476562 0.4644531 0.0203125 0.0195312
11 0.4440104 0.7296875 0.0182292 0.0359375
8 0.5796875 0.4460938 0.0187500 0.0312500
8 0.6882812 0.4808594 0.0213542 0.0210938
8 0.2408854 0.4769531 0.0182292 0.0289063
7 0.5419271 0.5414062 0.0203125 0.0281250
11 0.6294271 0.6160156 0.0203125 0.0242188
6 0.4835937 0.3878906 0.0203125 0.0195312
8 0.6638021 0.3742187 0.0234375 0.0234375
10 0.6695313 0.3960938 0.0203125 0.0250000
8 0.5080729 0.6328125 0.0223958 0.0265625
10 0.2820313 0.6308594 0.0234375 0.0242188
11 0.5500000 0.5261719 0.0156250 0.0242188
11 0.5458333 0.6101562 0.0177083 0.0250000
10 0.4505208 0.4390625 0.0145833 0.0281250
11 0.3989583 0.1218750 0.0229167 0.0234375
9 0.6020833 0.5406250 0.0250000 0.0234375
