5 0.4549479 0.0070313 0.0203125 0.0140625
4 0.5210938 0.4527344 0.0151042 0.0289063
4 0.6171875 0.4433594 0.0250000 0.0148437
4 0.5299479 0.4953125 0.0140625 0.0281250
1 0.7221354 0.4304688 0.0213542 0.0281250
4 0.4828125 0.5222656 0.0135417 0.0429688
3 0.3390625 0.5433594 0.0135417 0.0429688
3 0.6013021 0.3039062 0.0286458 0.0203125
1 0.3541667 0.2554688 0.0260417 0.0218750
5 0.7877604 0.4878906 0.0265625 0.0210938
0 0.6330729 0.3105469 0.0119792 0.0335937
2 0.4765625 0.5832031 0.0281250 0.0195312
3 0.6791667 0.2285156 0.0250000 0.0226562
2 0.5583333 0.3144531 0.0114583 0.0304687
0 0.6750000 0.3644531 0.0270833 0.0195312
3 0.5763021 0.4765625 0.0203125 0.0343750
5 0.4187500 0.8316406 0.0197917 0.0179687
4 0.6434896 0.5457031 0.0255208 0.0210938
1 0.1929687 0.5433594 0.0234375 0.0289063
2 0.7197917 0.3503906 0.0197917 0.0320312
2 0.5643229 0.7480469 0.0265625 0.0257812
2 0.5244792 0.7605469 0.0145833 0.0382813
5 0.4088542 0.6148438 0.0208333 0.0343750
0 0.3507812 0.5433594 0.0192708 0.0367188
0 0.5265625 0.5988281 0.0250000 0.0242188
0 0.3960938 0.5980469 0.0276042 0.0179687
1 0.7885417 0.7691406 0.0291667 0.0195312
2 0.3664062 0.2359375 0.0171875 0.0359375
0 0.4744792 0.2781250 0.0156250 0.0437500
5 0.2382812 0.4937500 0.0276042 0.0234375
10 0.3958333 0.5000000 0.0166667 0.0281250
11 0.4153646 0.5347656 0.0161458 0.0367188
11 0.8018229 0.5332031 0.0255208 0.0257812
8 0.5226563 0.2539062 0.0182292 0.0406250
6 0.7229167 0.5066406 0.0218750 0.0351562
10 0.5114583 0.2382812 0.0270833 0.0265625
9 0.3859375 0.4871094 0.0239583 0.0304687
6 0.6562500 0.8046875 0.0239583 0.0375000
10 0.5510417 0.1613281 0.0270833 0.0367188
9 0.6257812 0.5871094 0.0151042 0.0242188
7 0.4838542 0.5394531 0.0156250 0.0289063
