1 0.6591146 0.4382813 0.0401042 0.0375000
2 0.6278646 0.7339844 0.0244792 0.0539063
0 0.5192708 0.3417969 0.0447917 0.0320312
5 0.6492187 0.3191406 0.0442708 0.0585938
3 0.4971354 0.5949219 0.0348958 0.0476562
4 0.3934896 0.4121094 0.0369792 0.0523438
3 0.7986979 0.4265625 0.0380208 0.0578125
1 0.3179688 0.6136719 0.0338542 0.0382813
3 0.7031250 0.5074219 0.0416667 0.0429688
5 0.4955729 0.6363281 0.0432292 0.0476562
3 0.5148438 0.1250000 0.0463542 0.0468750
2 0.4109375 0.1507813 0.0437500 0.0406250
0 0.4773438 0.2851562 0.0328125 0.0687500
5 0.4898438 0.6062500 0.0255208 0.0828125
1 0.5213542 0.9179688 0.0354167 0.0625000
5 0.4802083 0.6101562 0.0239583 0.0359375
3 0.3747396 0.5441406 0.0463542 0.0304687
11 0.4895833 0.6597656 0.0437500 0.0429688
8 0.2947917 0.2953125 0.0364583 0.0625000
10 0.4182292 0.3484375 0.0395833 0.0703125
7 0.4799479 0.2445313 0.0442708 0.0625000
11 0.3822917 0.2101562 0.0385417 0.0468750
8 0.4114583 0.5460938 0.0479167 0.0468750
7 0.5299479 0.9441406 0.0317708 0.0664062
9 0.6671875 0.5515625 0.0458333 0.0500000
6 0.4471354 0.3695312 0.0411458 0.0406250
6 0.3453125 0.3878906 0.0427083 0.0414062
10 0.3557292 0.2066406 0.0270833 0.0632812
8 0.4981771 0.2898438 0.0432292 0.0546875
9 0.5140625 0.7867188 0.0437500 0.0421875
7 0.6575521 0.3003906 0.0432292 0.0429688
8 0.3484375 0.7312500 0.0479167 0.0609375
6 0.5786458 0.1734375 0.0364583 0.0437500
11 0.6614583 0.3746094 0.0312500 0.0523438
7 0.3817708 0.3722656 0.0322917 0.0695313
9 0.6166667 0.3574219 0.0416667 0.0445313
9 0.2776042 0.1632812 0.0479167 0.0515625
