2 0.3190104 0.7265625 0.0598958 0.0406250
2 0.7026042 0.4906250 0.0406250 0.0328125
0 0.6593750 0.5886719 0.0552083 0.0523438
0 0.5335937 0.5878906 0.0494792 0.0414062
0 0.6627604 0.3804688 0.0338542 0.0859375
5 0.8033854 0.4175781 0.0536458 0.0585938
1 0.6919271 0.1636719 0.0411458 0.0460938
4 0.3044271 0.3351562 0.0567708 0.0375000
8 0.5192708 0.3132813 0.0364583 0.0750000
9 0.7166667 0.3023438 0.0520833 0.0593750
6 0.6960937 0.3167969 0.0338542 0.0757812
8 0.5460938 0.7007813 0.0536458 0.0687500
10 0.6664062 0.5496094 0.0505208 0.0492187
9 0.4091146 0.1921875 0.0494792 0.0703125
8 0.3190104 0.3718750 0.0557292 0.0546875
9 0.6604167 0.3921875 0.0322917 0.0593750
6 0.4375000 0.7144531 0.0385417 0.0804688
