0 0.7432292 0.3675781 0.0635417 0.0492187
5 0.5213542 0.1812500 0.0510417 0.0671875
1 0.6583333 0.4074219 0.0572917 0.0523438
3 0.3783854 0.3546875 0.0578125 0.0375000
3 0.4651042 0.7386719 0.0406250 0.0664062
5 0.5354167 0.3746094 0.0302083 0.0429688
1 0.4658854 0.1824219 0.0640625 0.0398437
4 0.3125000 0.8371094 0.0385417 0.0367188
5 0.2369792 0.6207031 0.0427083 0.0789062
5 0.5093750 0.4613281 0.0520833 0.0460938
4 0.6770833 0.4996094 0.0302083 0.0632812
2 0.5106771 0.5226563 0.0546875 0.0375000
2 0.8091146 0.4878906 0.0630208 0.0648438
3 0.5401042 0.5894531 0.0281250 0.0335937
1 0.7750000 0.2730469 0.0343750 0.0726563
4 0.6096354 0.6718750 0.0598958 0.0437500
1 0.3229167 0.5601563 0.0260417 0.0484375
5 0.4429688 0.3324219 0.0359375 0.0945312
1 0.5406250 0.5792969 0.0354167 0.0414062
0 0.6539063 0.7617188 0.0328125 0.0515625
0 0.6463542 0.4402344 0.0510417 0.0382813
0 0.5057292 0.7050781 0.0500000 0.0460938
4 0.4468750 0.4195313 0.0604167 0.0421875
5 0.3562500 0.4660156 0.0458333 0.0882813
0 0.4559896 0.1878906 0.0505208 0.0539063
0 0.2989583 0.6281250 0.0343750 0.0531250
2 0.6140625 0.8140625 0.0604167 0.0421875
2 0.6148438 0.2980469 0.0463542 0.0601563
1 0.4643229 0.6527344 0.0578125 0.0476562
2 0.7002604 0.5339844 0.0619792 0.0367188
0 0.4023438 0.6941406 0.0265625 0.0867187
8 0.5153646 0.2382812 0.0536458 0.0531250
9 0.8182292 0.5765625 0.0531250 0.0703125
6 0.2367188 0.4140625 0.0484375 0.0640625
8 0.2929688 0.2851562 0.0453125 0.0812500
9 0.2947917 0.6886719 0.0375000 0.0820312
6 0.6255208 0.5613281 0.0500000 0.0789062
11 0.4744792 0.5964844 0.0364583 0.0695313
8 0.5309896 0.1601562 0.0473958 0.0687500
6 0.5669271 0.8648438 0.0338542 0.0562500
9 0.6869792 0.1531250 0.0562500 0.0671875
10 0.2609375 0.5566406 0.0520833 0.0679687
9 0.5367188 0.5417969 0.0588542 0.0648438
7 0.4315104 0.4949219 0.0515625 0.0523438
9 0.5419271 0.4593750 0.0494792 0.0531250
6 0.4794271 0.7718750 0.0359375 0.0843750
7 0.3497396 0.1464844 0.0359375 0.0820312
