0 0.2552083 0.6894531 0.0333333 0.0289063
1 0.7143229 0.5738281 0.0151042 0.0273438
5 0.6296875 0.3804688 0.0197917 0.0468750
0 0.6213542 0.6664062 0.0322917 0.0234375
2 0.6411458 0.3406250 0.0229167 0.0265625
3 0.5369792 0.4519531 0.0270833 0.0242188
2 0.4109375 0.6644531 0.0187500 0.0492187
4 0.4505208 0.5519531 0.0291667 0.0210938
4 0.5182292 0.2902344 0.0281250 0.0320312
0 0.4388021 0.6039062 0.0182292 0.0250000
0 0.6171875 0.4902344 0.0281250 0.0226562
5 0.5226563 0.7625000 0.0307292 0.0218750
5 0.6484375 0.3328125 0.0177083 0.0421875
1 0.4098958 0.6378906 0.0156250 0.0492187
5 0.3138021 0.7195312 0.0317708 0.0250000
5 0.6799479 0.7921875 0.0328125 0.0234375
2 0.6031250 0.7679687 0.0354167 0.0296875
4 0.3492188 0.2390625 0.0338542 0.0234375
3 0.4697917 0.2734375 0.0229167 0.0281250
5 0.7046875 0.5460938 0.0114583 0.0250000
0 0.5500000 0.2480469 0.0208333 0.0382813
0 0.4841146 0.5488281 0.0255208 0.0210938
5 0.3359375 0.4125000 0.0322917 0.0296875
3 0.5166667 0.5906250 0.0343750 0.0234375
1 0.5591146 0.4605469 0.0296875 0.0257812
3 0.6950521 0.3972656 0.0244792 0.0242188
1 0.6361979 0.4179688 0.0182292 0.0296875
5 0.6205729 0.5371094 0.0317708 0.0398437
2 0.3117187 0.6003906 0.0307292 0.0195312
3 0.4325521 0.6535156 0.0192708 0.0273438
0 0.5901042 0.5718750 0.0291667 0.0265625
2 0.6138021 0.3242188 0.0213542 0.0250000
4 0.4250000 0.3636719 0.0218750 0.0429688
5 0.4557292 0.4371094 0.0239583 0.0242188
4 0.5914063 0.4246094 0.0171875 0.0273438
5 0.5856771 0.2960937 0.0151042 0.0375000
0 0.4257812 0.6972656 0.0296875 0.0242188
4 0.4520833 0.4238281 0.0322917 0.0226562
2 0.5479167 0.1230469 0.0333333 0.0257812
1 0.5591146 0.8160156 0.0234375 0.0335937
1 0.6981771 0.1937500 0.0286458 0.0250000
10 0.5335937 0.7238281 0.0296875 0.0289063
7 0.4406250 0.1617187 0.0291667 0.0343750
7 0.2005208 0.4792969 0.0260417 0.0445313
8 0.5815104 0.3351562 0.0276042 0.0390625
11 0.6992188 0.4968750 0.0286458 0.0421875
8 0.5666667 0.5953125 0.0291667 0.0453125
8 0.6497396 0.6789063 0.0296875 0.0296875
8 0.5908854 0.4445312 0.0328125 0.0406250
8 0.5442708 0.5714844 0.0312500 0.0382813
