2 0.5062500 0.3796875 0.0604167 0.0718750
3 0.5156250 0.5347656 0.0635417 0.0742188
5 0.7369792 0.2218750 0.0406250 0.1125000
4 0.6651042 0.5121094 0.0541667 0.0617188
1 0.6596354 0.3593750 0.0536458 0.1062500
0 0.4669271 0.3386719 0.0546875 0.0820312
1 0.6830729 0.3433594 0.0776042 0.0539063
1 0.4375000 0.3082031 0.0354167 0.0570312
2 0.4903646 0.6699219 0.0640625 0.0789062
5 0.4122396 0.2246094 0.0380208 0.1242188
2 0.7218750 0.3292969 0.0812500 0.0742188
2 0.4791667 0.2214844 0.0395833 0.1195313
1 0.5122396 0.8468750 0.0432292 0.1203125
5 0.5791667 0.6000000 0.0885417 0.0593750
2 0.5117188 0.5007812 0.0609375 0.0765625
2 0.4721354 0.2683594 0.0369792 0.0523438
2 0.3500000 0.2128906 0.0916667 0.0632812
3 0.5468750 0.3335938 0.0739583 0.0484375
0 0.4981771 0.6687500 0.0776042 0.0687500
5 0.3486979 0.7906250 0.0494792 0.0953125
1 0.6932292 0.8457031 0.0791667 0.0539063
1 0.7234375 0.4519531 0.0645833 0.0742188
5 0.4140625 0.3093750 0.0562500 0.0765625
2 0.6973958 0.7371094 0.0843750 0.0648438
5 0.7151042 0.1867187 0.0812500 0.0562500
1 0.5463542 0.3988281 0.0718750 0.0820312
2 0.2192708 0.5199219 0.0770833 0.0929688
1 0.6166667 0.4332031 0.0750000 0.0554687
4 0.5421875 0.4960938 0.0437500 0.0453125
3 0.5783854 0.5800781 0.0546875 0.1226562
1 0.5046875 0.6441406 0.0770833 0.0632812
1 0.5528646 0.2402344 0.0744792 0.0882813
3 0.7458333 0.3617187 0.0510417 0.1031250
1 0.5354167 0.2804687 0.0458333 0.1093750
0 0.5921875 0.2625000 0.0833333 0.0546875
0 0.4458333 0.6472656 0.0645833 0.0757812
3 0.5312500 0.8359375 0.0614583 0.0484375
5 0.5591146 0.7808594 0.0557292 0.0820312
2 0.4937500 0.3726563 0.0447917 0.0468750
1 0.5765625 0.8285156 0.0500000 0.0960938
5 0.6708333 0.4167969 0.0572917 0.0835937
0 0.6377604 0.4289062 0.0765625 0.0625000
0 0.3755208 0.6214844 0.0447917 0.0898438
1 0.4765625 0.4019531 0.0885417 0.0742188
2 0.5708333 0.8425781 0.0468750 0.1226562
0 0.4195313 0.7960938 0.0484375 0.0890625
0 0.7111979 0.5843750 0.0755208 0.0578125
3 0.6742187 0.4023438 0.0557292 0.0687500
6 0.4947917 0.6000000 0.0708333 0.0796875
11 0.5059896 0.6304688 0.0567708 0.0781250
10 0.4450521 0.2019531 0.0640625 0.1132812
8 0.4455729 0.5972656 0.0578125 0.0882813
11 0.5432292 0.4613281 0.0781250 0.0867187
8 0.5333333 0.7160156 0.0541667 0.1242188
11 0.5651042 0.3093750 0.0770833 0.1000000
6 0.7036458 0.6593750 0.0697917 0.0703125
6 0.5622396 0.6515625 0.0755208 0.0734375
11 0.6283854 0.9484375 0.0536458 0.1015625
11 0.5111979 0.2562500 0.0786458 0.1171875
6 0.4153646 0.4171875 0.0786458 0.0765625
8 0.5687500 0.0769531 0.0770833 0.1320312
10 0.6869792 0.4359375 0.0750000 0.0781250
10 0.5257812 0.6320313 0.0713542 0.0859375
6 0.5872396 0.9285156 0.0786458 0.1210938
8 0.5695313 0.6976562 0.0609375 0.0734375
9 0.5997396 0.4710937 0.0734375 0.0703125
7 0.4809896 0.4421875 0.0536458 0.1265625
6 0.5695313 0.4273438 0.0734375 0.0718750
