5 0.6346354 0.6328125 0.0151042 0.0281250
1 0.3747396 0.5976562 0.0203125 0.0250000
3 0.2757812 0.2207031 0.0203125 0.0179687
5 0.6393229 0.5027344 0.0244792 0.0164063
0 0.5614583 0.4714844 0.0135417 0.0382813
3 0.5302083 0.5980469 0.0229167 0.0148437
2 0.7299479 0.3445313 0.0203125 0.0281250
3 0.5403646 0.3468750 0.0151042 0.0343750
2 0.5036458 0.4296875 0.0156250 0.0328125
3 0.7135417 0.5753906 0.0250000 0.0179687
1 0.4937500 0.8371094 0.0156250 0.0179687
1 0.5888021 0.6789063 0.0140625 0.0343750
7 0.4054687 0.6414062 0.0255208 0.0234375
7 0.4083333 0.3546875 0.0197917 0.0312500
10 0.5291667 0.6132812 0.0166667 0.0359375
11 0.5476562 0.2269531 0.0234375 0.0257812
8 0.4158854 0.6203125 0.0192708 0.0359375
9 0.7903646 0.6542969 0.0244792 0.0335937
7 0.3234375 0.6226563 0.0177083 0.0312500
6 0.3606771 0.3796875 0.0244792 0.0312500
11 0.4377604 0.6824219 0.0213542 0.0320312
6 0.5572917 0.5964844 0.0156250 0.0351562
9 0.3611979 0.5773438 0.0213542 0.0218750
6 0.5666667 0.5515625 0.0239583 0.0265625
