5 0.4679687 0.4644531 0.0369792 0.0273438
1 0.5966146 0.7906250 0.0328125 0.0484375
2 0.3953125 0.1226562 0.0395833 0.0328125
5 0.3367188 0.4425781 0.0421875 0.0335937
3 0.5549479 0.3687500 0.0463542 0.0343750
5 0.4716146 0.6296875 0.0286458 0.0578125
2 0.5403646 0.4621094 0.0421875 0.0398437
3 0.3119792 0.3753906 0.0427083 0.0335937
0 0.6296875 0.7980469 0.0437500 0.0335937
3 0.6330729 0.4367187 0.0390625 0.0296875
0 0.3059896 0.7984375 0.0401042 0.0359375
3 0.5460938 0.5003906 0.0359375 0.0429688
3 0.6856771 0.4445312 0.0307292 0.0593750
0 0.3778646 0.3941406 0.0338542 0.0460938
3 0.6736979 0.1464844 0.0432292 0.0289063
5 0.3044271 0.2480469 0.0192708 0.0601563
2 0.4822917 0.7726563 0.0427083 0.0312500
5 0.3427083 0.3933594 0.0406250 0.0289063
1 0.3705729 0.1117188 0.0348958 0.0406250
5 0.5632812 0.7976562 0.0244792 0.0328125
4 0.3861979 0.5750000 0.0192708 0.0484375
4 0.3960938 0.3707031 0.0432292 0.0289063
0 0.4460938 0.4652344 0.0317708 0.0273438
1 0.2841146 0.6660156 0.0276042 0.0351562
0 0.3330729 0.3253906 0.0453125 0.0398437
1 0.4572917 0.5855469 0.0177083 0.0570312
5 0.4143229 0.1984375 0.0286458 0.0328125
5 0.4276042 0.5488281 0.0458333 0.0351562
0 0.5195312 0.6039062 0.0265625 0.0625000
5 0.6255208 0.6992188 0.0479167 0.0328125
5 0.4307292 0.5902344 0.0468750 0.0367188
2 0.6867188 0.5152344 0.0453125 0.0304687
4 0.3015625 0.7644531 0.0177083 0.0648438
0 0.5856771 0.7195312 0.0296875 0.0328125
4 0.5455729 0.7953125 0.0421875 0.0218750
0 0.3403646 0.2347656 0.0192708 0.0382813
0 0.6106771 0.3730469 0.0442708 0.0320312
5 0.5440104 0.3367188 0.0276042 0.0671875
2 0.5062500 0.3601563 0.0291667 0.0390625
5 0.6546875 0.3871094 0.0375000 0.0320312
4 0.4192708 0.3003906 0.0229167 0.0460938
5 0.7486979 0.4750000 0.0432292 0.0359375
4 0.4828125 0.7761719 0.0229167 0.0585938
2 0.7312500 0.5121094 0.0291667 0.0664062
2 0.5585938 0.6804687 0.0369792 0.0265625
0 0.6052083 0.7605469 0.0447917 0.0304687
5 0.4031250 0.3089844 0.0250000 0.0507812
4 0.5218750 0.7710938 0.0395833 0.0515625
2 0.4601562 0.5316406 0.0348958 0.0335937
3 0.4000000 0.3863281 0.0302083 0.0351562
3 0.2921875 0.2335937 0.0437500 0.0328125
1 0.3734375 0.3328125 0.0395833 0.0406250
2 0.7382812 0.7058594 0.0411458 0.0382813
2 0.6520833 0.7035156 0.0197917 0.0382813
2 0.4848958 0.9363281 0.0385417 0.0476562
5 0.2921875 0.2632813 0.0406250 0.0421875
5 0.3791667 0.6632813 0.0229167 0.0359375
3 0.5932292 0.3230469 0.0250000 0.0726563
4 0.6908854 0.4398437 0.0203125 0.0421875
2 0.4750000 0.5105469 0.0406250 0.0382813
1 0.6338542 0.3476562 0.0364583 0.0421875
2 0.4317708 0.4601562 0.0197917 0.0281250
1 0.6486979 0.7625000 0.0432292 0.0343750
1 0.7351562 0.3914063 0.0307292 0.0515625
2 0.3596354 0.5164062 0.0255208 0.0437500
3 0.7158854 0.4519531 0.0453125 0.0351562
5 0.5914063 0.3429687 0.0296875 0.0421875
4 0.6484375 0.5199219 0.0437500 0.0289063
10 0.5721354 0.2664063 0.0244792 0.0562500
11 0.5278646 0.8585938 0.0421875 0.0546875
9 0.6111979 0.2269531 0.0380208 0.0445313
6 0.2963542 0.8511719 0.0416667 0.0414062
7 0.5570312 0.6917969 0.0390625 0.0445313
11 0.3257813 0.4691406 0.0276042 0.0570312
11 0.6455729 0.6136719 0.0369792 0.0367188
8 0.4109375 0.2089844 0.0416667 0.0445313
11 0.6059896 0.5039062 0.0411458 0.0406250
7 0.4265625 0.4929688 0.0427083 0.0421875
11 0.4734375 0.6433594 0.0312500 0.0460938
8 0.3127604 0.3289063 0.0286458 0.0640625
10 0.4552083 0.7921875 0.0281250 0.0625000
11 0.4841146 0.5046875 0.0338542 0.0484375
11 0.5567708 0.1437500 0.0291667 0.0656250
