5 0.5848958 0.3175781 0.0156250 0.0273438
3 0.3445313 0.5832031 0.0223958 0.0195312
3 0.6171875 0.6449219 0.0218750 0.0226562
2 0.6734375 0.7457031 0.0260417 0.0257812
2 0.4968750 0.7257813 0.0177083 0.0203125
4 0.5033854 0.7125000 0.0192708 0.0203125
5 0.5317708 0.2265625 0.0239583 0.0281250
5 0.5653646 0.3714844 0.0151042 0.0351562
3 0.5367188 0.8035156 0.0171875 0.0304687
2 0.5697917 0.7511719 0.0166667 0.0382813
0 0.4031250 0.6980469 0.0229167 0.0210938
2 0.6341146 0.2382812 0.0171875 0.0218750
2 0.4450521 0.4238281 0.0192708 0.0242188
2 0.6658854 0.8523437 0.0234375 0.0187500
3 0.5664062 0.5789062 0.0255208 0.0203125
4 0.4125000 0.6187500 0.0218750 0.0250000
4 0.6031250 0.2507813 0.0125000 0.0375000
4 0.6369792 0.5539063 0.0260417 0.0140625
4 0.5200521 0.2253906 0.0119792 0.0226562
4 0.3664062 0.6199219 0.0130208 0.0242188
3 0.5635417 0.9222656 0.0156250 0.0195312
2 0.5643229 0.7898437 0.0234375 0.0218750
4 0.6494792 0.5128906 0.0239583 0.0257812
4 0.6013021 0.4203125 0.0171875 0.0328125
0 0.3140625 0.5359375 0.0177083 0.0265625
3 0.6440104 0.2890625 0.0192708 0.0359375
5 0.6179687 0.5875000 0.0109375 0.0234375
2 0.2710938 0.4132812 0.0276042 0.0218750
4 0.2640625 0.2246094 0.0145833 0.0351562
1 0.5158854 0.6156250 0.0213542 0.0375000
0 0.7091146 0.4460938 0.0244792 0.0171875
1 0.5304688 0.6390625 0.0244792 0.0156250
0 0.4809896 0.2636719 0.0182292 0.0351562
3 0.5286458 0.4105469 0.0114583 0.0226562
5 0.5265625 0.8214844 0.0260417 0.0242188
4 0.3940104 0.5144531 0.0161458 0.0210938
1 0.4809896 0.6472656 0.0182292 0.0226562
0 0.5218750 0.5515625 0.0250000 0.0250000
3 0.6971354 0.7675781 0.0286458 0.0226562
0 0.5705729 0.6683594 0.0234375 0.0304687
2 0.5765625 0.6847656 0.0239583 0.0195312
0 0.6013021 0.8011719 0.0255208 0.0242188
0 0.6057292 0.1542969 0.0208333 0.0257812
5 0.4674479 0.6949219 0.0203125 0.0242188
5 0.7682292 0.6296875 0.0197917 0.0218750
0 0.4536458 0.7312500 0.0166667 0.0406250
2 0.5794271 0.3292969 0.0255208 0.0257812
0 0.5104167 0.0406250 0.0166667 0.0359375
2 0.6049479 0.6906250 0.0182292 0.0328125
1 0.5859375 0.5531250 0.0187500 0.0328125
0 0.5309896 0.2031250 0.0119792 0.0250000
4 0.7526042 0.3957031 0.0187500 0.0257812
5 0.5552083 0.1636719 0.0208333 0.0382813
2 0.5747396 0.2613281 0.0213542 0.0382813
1 0.6809896 0.6457031 0.0171875 0.0242188
0 0.6864583 0.4019531 0.0239583 0.0179687
3 0.6497396 0.4722656 0.0244792 0.0273438
5 0.5375000 0.4664063 0.0208333 0.0250000
2 0.4958333 0.7843750 0.0135417 0.0312500
2 0.7190104 0.6136719 0.0151042 0.0335937
5 0.4718750 0.4277344 0.0166667 0.0273438
4 0.5807292 0.3601563 0.0218750 0.0296875
4 0.5114583 0.7296875 0.0145833 0.0406250
4 0.5164062 0.7042969 0.0182292 0.0304687
3 0.7046875 0.4636719 0.0291667 0.0179687
3 0.6135417 0.2507813 0.0208333 0.0218750
5 0.3908854 0.4800781 0.0182292 0.0289063
1 0.7807292 0.5777344 0.0270833 0.0242188
3 0.4455729 0.2089844 0.0286458 0.0226562
5 0.7281250 0.4003906 0.0197917 0.0289063
3 0.5744792 0.6703125 0.0270833 0.0203125
0 0.6692708 0.2785156 0.0218750 0.0273438
0 0.2992187 0.6863281 0.0130208 0.0195312
0 0.5177083 0.1875000 0.0197917 0.0234375
0 0.7307292 0.3230469 0.0270833 0.0210938
2 0.6570312 0.6542969 0.0223958 0.0289063
4 0.4450521 0.2714844 0.0182292 0.0289063
0 0.5153646 0.5925781 0.0140625 0.0257812
10 0.3968750 0.2468750 0.0197917 0.0343750
