2 0.5835938 0.2734375 0.0244792 0.0234375
5 0.2973958 0.4695313 0.0291667 0.0234375
4 0.4669271 0.2710938 0.0171875 0.0375000
2 0.6395833 0.4781250 0.0260417 0.0203125
5 0.7125000 0.3488281 0.0270833 0.0210938
5 0.5888021 0.2398437 0.0223958 0.0250000
1 0.3013021 0.6117187 0.0276042 0.0250000
5 0.4437500 0.1460937 0.0229167 0.0281250
2 0.5955729 0.2519531 0.0161458 0.0335937
2 0.6778646 0.7875000 0.0244792 0.0281250
5 0.3747396 0.3136719 0.0161458 0.0273438
1 0.5296875 0.4007812 0.0281250 0.0265625
5 0.6026042 0.4890625 0.0250000 0.0281250
3 0.3382812 0.2910156 0.0130208 0.0195312
2 0.6411458 0.4171875 0.0250000 0.0250000
2 0.3296875 0.6875000 0.0177083 0.0390625
1 0.7057292 0.3765625 0.0218750 0.0250000
1 0.4557292 0.5980469 0.0270833 0.0242188
2 0.6841146 0.6281250 0.0255208 0.0250000
0 0.6309896 0.7410156 0.0276042 0.0242188
2 0.7072917 0.5289063 0.0156250 0.0234375
0 0.4111979 0.8601562 0.0171875 0.0421875
4 0.6479167 0.4976563 0.0239583 0.0234375
5 0.5973958 0.5351562 0.0260417 0.0187500
2 0.5322917 0.4054687 0.0166667 0.0437500
5 0.4309896 0.8148437 0.0276042 0.0187500
1 0.4820313 0.2964844 0.0276042 0.0257812
1 0.3510417 0.5003906 0.0229167 0.0226562
1 0.3776042 0.4128906 0.0156250 0.0242188
1 0.5867187 0.7007813 0.0161458 0.0343750
1 0.5390625 0.7746094 0.0156250 0.0335937
3 0.2971354 0.6457031 0.0192708 0.0351562
1 0.3174479 0.2156250 0.0151042 0.0421875
2 0.7703125 0.6339844 0.0302083 0.0226562
0 0.2796875 0.6031250 0.0229167 0.0281250
11 0.5622396 0.3679688 0.0192708 0.0250000
6 0.5872396 0.6335937 0.0182292 0.0281250
8 0.4528646 0.1257813 0.0234375 0.0296875
10 0.4924479 0.5089844 0.0182292 0.0351562
11 0.6166667 0.7902344 0.0250000 0.0398437
10 0.5723958 0.3683594 0.0177083 0.0367188
8 0.4640625 0.3863281 0.0177083 0.0289063
10 0.5703125 0.5164062 0.0270833 0.0343750
7 0.7054687 0.2683594 0.0255208 0.0273438
11 0.3906250 0.2792969 0.0260417 0.0335937
10 0.7216146 0.2910156 0.0234375 0.0257812
6 0.6773438 0.5671875 0.0244792 0.0375000
11 0.5127604 0.2183594 0.0192708 0.0382813
8 0.3744792 0.5652344 0.0208333 0.0320312
6 0.7463542 0.5898438 0.0229167 0.0375000
