5 0.5273438 0.6078125 0.1286458 0.0828125
3 0.6825521 0.5738281 0.1151042 0.1070312
1 0.4265625 0.3812500 0.1125000 0.0734375
3 0.7820312 0.4964844 0.1098958 0.1195313
3 0.3406250 0.4964844 0.1135417 0.0976562
2 0.7109375 0.2683594 0.0604167 0.1820313
4 0.4143229 0.4429688 0.0921875 0.1281250
1 0.4315104 0.2132813 0.0557292 0.1109375
3 0.4890625 0.8781250 0.0614583 0.1765625
0 0.2760417 0.7898437 0.1229167 0.0781250
10 0.3109375 0.4726562 0.1083333 0.1531250
6 0.7658854 0.5281250 0.1244792 0.1515625
9 0.5861979 0.6183594 0.0859375 0.1179687
6 0.4924479 0.9593750 0.0723958 0.0796875
6 0.4911458 0.1832031 0.1145833 0.1414063
8 0.6372396 0.6636719 0.0734375 0.1679688
6 0.6052083 0.1648438 0.1041667 0.1046875
9 0.4046875 0.7207031 0.1177083 0.1164063
6 0.6072917 0.7257813 0.0927083 0.1890625
9 0.3388021 0.6273437 0.0890625 0.1843750
9 0.3250000 0.2597656 0.1270833 0.1773437
9 0.7591146 0.6070313 0.1203125 0.1265625
