4 0.6286458 0.7847656 0.0427083 0.0492187
5 0.6513021 0.1945312 0.0484375 0.0500000
3 0.4299479 0.4558594 0.0328125 0.0601563
2 0.4471354 0.1433594 0.0442708 0.0742188
0 0.7091146 0.6359375 0.0432292 0.0359375
3 0.5054688 0.1109375 0.0526042 0.0437500
4 0.5726562 0.7527344 0.0307292 0.0382813
0 0.4445312 0.8183594 0.0307292 0.0726563
0 0.7799479 0.2925781 0.0369792 0.0710937
2 0.5911458 0.6417969 0.0541667 0.0398437
0 0.4950521 0.7386719 0.0317708 0.0367188
5 0.6572917 0.8027344 0.0427083 0.0523438
5 0.2273438 0.4113281 0.0432292 0.0570312
1 0.4486979 0.3277344 0.0526042 0.0414062
3 0.4953125 0.6503906 0.0500000 0.0304687
6 0.6822917 0.7089844 0.0562500 0.0648438
9 0.4169271 0.6527344 0.0442708 0.0695313
8 0.7158854 0.4796875 0.0473958 0.0687500
10 0.7135417 0.6246094 0.0416667 0.0476562
10 0.5591146 0.5816406 0.0348958 0.0664062
9 0.7177083 0.2597656 0.0468750 0.0476562
8 0.2674479 0.2300781 0.0432292 0.0617188
11 0.2911458 0.8582031 0.0322917 0.0742188
6 0.3247396 0.6816406 0.0307292 0.0460938
6 0.6455729 0.7769531 0.0515625 0.0539063
10 0.6593750 0.5726562 0.0489583 0.0468750
6 0.4026042 0.6746094 0.0510417 0.0539063
8 0.4778646 0.5468750 0.0317708 0.0625000
6 0.5760417 0.5097656 0.0406250 0.0523438
10 0.3473958 0.7890625 0.0322917 0.0718750
10 0.3921875 0.7566406 0.0416667 0.0507812
7 0.5997396 0.8578125 0.0338542 0.0796875
