5 0.4718750 0.6453125 0.0458333 0.0453125
3 0.7411458 0.5859375 0.0593750 0.0531250
1 0.3307292 0.6878906 0.0625000 0.0726563
9 0.6617188 0.7105469 0.0630208 0.0898438
11 0.3632812 0.5265625 0.0401042 0.0687500
6 0.5679688 0.7046875 0.0557292 0.0765625
6 0.3270833 0.7414063 0.0614583 0.0718750
11 0.3679688 0.4789062 0.0609375 0.0796875
9 0.5708333 0.6570312 0.0510417 0.0937500
9 0.5843750 0.3515625 0.0583333 0.0687500
8 0.3518229 0.6960937 0.0609375 0.0750000
7 0.3963542 0.3167969 0.0395833 0.0789062
9 0.6695313 0.2066406 0.0619792 0.0601563
7 0.7333333 0.2132813 0.0604167 0.0781250
8 0.6473958 0.7003906 0.0520833 0.0695313
7 0.5361979 0.7070312 0.0651042 0.0875000
6 0.5911458 0.3031250 0.0572917 0.0656250
