3 0.3856771 0.4945312 0.0807292 0.0687500
0 0.4619792 0.6148438 0.0447917 0.1000000
4 0.2885417 0.2437500 0.0354167 0.1187500
0 0.7484375 0.4910156 0.0750000 0.0726563
4 0.3815104 0.5914063 0.0848958 0.0750000
10 0.5161458 0.2812500 0.0541667 0.1156250
11 0.6390625 0.6582031 0.0531250 0.0742188
8 0.3786458 0.4796875 0.0531250 0.1218750
11 0.3416667 0.5332031 0.0802083 0.0773438
7 0.3354167 0.4687500 0.0760417 0.0796875
10 0.3898437 0.4714844 0.0713542 0.0695313
7 0.5578125 0.3355469 0.0468750 0.1085938
11 0.5171875 0.7667969 0.0781250 0.0960938
7 0.6778646 0.2152344 0.0713542 0.0773438
11 0.3674479 0.4574219 0.0755208 0.0742188
6 0.6643229 0.3718750 0.0546875 0.1046875
10 0.6640625 0.4164062 0.0479167 0.1046875
11 0.6015625 0.4574219 0.0718750 0.0820312
6 0.5148438 0.7292969 0.0515625 0.1164063
7 0.6065104 0.7449219 0.0598958 0.0679687
9 0.4085937 0.6652344 0.0484375 0.1007813
11 0.7296875 0.7460938 0.0770833 0.0765625
8 0.6460938 0.5667969 0.0838542 0.0804688
10 0.4526042 0.3320312 0.0812500 0.1109375
10 0.6343750 0.5511719 0.0656250 0.0726563
