3 0.3817708 0.5449219 0.0229167 0.0757812
1 0.5372396 0.1730469 0.0276042 0.0320312
3 0.7565104 0.4222656 0.0286458 0.0585938
2 0.3575521 0.7816406 0.0265625 0.0398437
4 0.3940104 0.7902344 0.0390625 0.0632812
1 0.5934896 0.2921875 0.0515625 0.0359375
0 0.6317708 0.3679688 0.0500000 0.0343750
3 0.6617188 0.5562500 0.0484375 0.0406250
4 0.3010417 0.3453125 0.0479167 0.0453125
3 0.5057292 0.1320312 0.0343750 0.0437500
9 0.4296875 0.6285156 0.0447917 0.0492187
11 0.5638021 0.5585938 0.0380208 0.0406250
11 0.5468750 0.4667969 0.0427083 0.0429688
9 0.2979167 0.4070313 0.0333333 0.0562500
10 0.3114583 0.6531250 0.0447917 0.0546875
11 0.7458333 0.4589844 0.0447917 0.0429688
7 0.7104167 0.7851562 0.0458333 0.0437500
7 0.5927083 0.8402344 0.0437500 0.0492187
7 0.4479167 0.1691406 0.0416667 0.0570312
7 0.6291667 0.3839844 0.0458333 0.0492187
6 0.3309896 0.7175781 0.0369792 0.0601563
11 0.3234375 0.5343750 0.0489583 0.0500000
7 0.3575521 0.8910156 0.0463542 0.0460938
7 0.4638021 0.3890625 0.0286458 0.0515625
11 0.4359375 0.7203125 0.0479167 0.0500000
10 0.5559896 0.2218750 0.0359375 0.0421875
7 0.5296875 0.6738281 0.0302083 0.0679687
