4 0.4127604 0.8359375 0.0286458 0.0453125
1 0.6580729 0.5738281 0.0369792 0.0289063
0 0.6802083 0.5718750 0.0343750 0.0234375
1 0.4468750 0.1847656 0.0166667 0.0289063
3 0.5059896 0.3359375 0.0213542 0.0546875
3 0.4380208 0.5285156 0.0395833 0.0257812
4 0.6828125 0.2218750 0.0343750 0.0437500
4 0.4445312 0.6449219 0.0213542 0.0414062
4 0.3906250 0.6746094 0.0197917 0.0507812
3 0.4026042 0.4816406 0.0187500 0.0460938
11 0.2804687 0.4843750 0.0276042 0.0437500
11 0.6190104 0.3269531 0.0255208 0.0539063
11 0.7755208 0.4328125 0.0343750 0.0375000
9 0.3674479 0.4933594 0.0244792 0.0539063
