0 0.2195313 0.6800781 0.0203125 0.0617188
5 0.6671875 0.6253906 0.0375000 0.0210938
0 0.5205729 0.8566406 0.0338542 0.0460938
5 0.5476562 0.4832031 0.0380208 0.0304687
4 0.5580729 0.5714844 0.0380208 0.0335937
2 0.5158854 0.5976562 0.0130208 0.0312500
5 0.5005208 0.4507813 0.0260417 0.0468750
3 0.3799479 0.5585938 0.0359375 0.0281250
4 0.3830729 0.5445313 0.0317708 0.0343750
2 0.4395833 0.4203125 0.0354167 0.0234375
4 0.5888021 0.5777344 0.0390625 0.0367188
11 0.5226563 0.8148437 0.0338542 0.0406250
9 0.4583333 0.3687500 0.0343750 0.0343750
6 0.5609375 0.2261719 0.0354167 0.0414062
7 0.6981771 0.5156250 0.0307292 0.0546875
10 0.3875000 0.4218750 0.0375000 0.0546875
9 0.4335938 0.4765625 0.0390625 0.0562500
10 0.6929688 0.6734375 0.0234375 0.0484375
6 0.5721354 0.4855469 0.0348958 0.0367188
8 0.6007813 0.3675781 0.0359375 0.0445313
6 0.3203125 0.6105469 0.0343750 0.0429688
8 0.3075521 0.6933594 0.0369792 0.0382813
6 0.7658854 0.5695313 0.0369792 0.0375000
8 0.3552083 0.5757813 0.0395833 0.0390625
9 0.6273437 0.3082031 0.0369792 0.0367188
8 0.7895833 0.3910156 0.0281250 0.0523438
8 0.5307292 0.9105469 0.0364583 0.0367188
