0 0.5432292 0.5742188 0.0791667 0.1968750
5 0.7794271 0.6250000 0.1276042 0.0890625
0 0.8169271 0.7390625 0.0848958 0.1468750
4 0.3348958 0.5242187 0.1062500 0.1171875
1 0.3710938 0.6296875 0.0890625 0.0937500
4 0.6726562 0.5265625 0.1276042 0.1375000
1 0.2695312 0.6574219 0.0588542 0.1585938
5 0.6898437 0.4792969 0.0734375 0.1617187
2 0.6828125 0.4175781 0.1197917 0.1132812
1 0.2466146 0.5695313 0.1140625 0.1125000
0 0.3929687 0.7000000 0.0890625 0.1062500
3 0.3989583 0.9000000 0.0989583 0.1140625
1 0.6065104 0.1304687 0.1234375 0.0906250
2 0.3726563 0.9113281 0.0880208 0.1742188
1 0.3645833 0.1214844 0.1333333 0.0945312
1 0.6666667 0.2695312 0.1322917 0.1203125
1 0.4520833 0.1179687 0.1020833 0.1187500
4 0.3083333 0.8453125 0.0541667 0.1531250
0 0.6351562 0.7378906 0.0609375 0.1726563
0 0.5226563 0.5820312 0.0463542 0.1890625
1 0.4252604 0.6859375 0.0942708 0.0875000
11 0.2859375 0.7882813 0.0979167 0.1828125
10 0.5361979 0.6855469 0.0776042 0.1476562
9 0.5080729 0.9410156 0.0765625 0.1164063
7 0.2916667 0.4742188 0.1145833 0.1421875
7 0.5260417 0.3949219 0.1041667 0.1039063
6 0.6002604 0.7343750 0.1130208 0.1218750
11 0.5385417 0.6582031 0.0833333 0.1570313
