4 0.5583333 0.5984375 0.0177083 0.0312500
4 0.4385417 0.5382813 0.0135417 0.0359375
1 0.6023437 0.2613281 0.0171875 0.0210938
4 0.7338542 0.5832031 0.0270833 0.0179687
1 0.6231771 0.7500000 0.0119792 0.0203125
1 0.5153646 0.5093750 0.0140625 0.0406250
3 0.3273437 0.3070312 0.0286458 0.0171875
4 0.6750000 0.6765625 0.0291667 0.0250000
3 0.5304688 0.7125000 0.0161458 0.0406250
5 0.6744792 0.2519531 0.0197917 0.0414062
5 0.5802083 0.4003906 0.0312500 0.0242188
1 0.6018229 0.5484375 0.0223958 0.0187500
0 0.4619792 0.7179688 0.0291667 0.0218750
5 0.5286458 0.2203125 0.0135417 0.0234375
0 0.2958333 0.6644531 0.0197917 0.0367188
1 0.3223958 0.4800781 0.0177083 0.0257812
0 0.6109375 0.2488281 0.0250000 0.0179687
5 0.4072917 0.2757812 0.0145833 0.0296875
2 0.6520833 0.2960937 0.0270833 0.0281250
0 0.5695313 0.6175781 0.0119792 0.0398437
2 0.3992188 0.1164063 0.0161458 0.0421875
4 0.4903646 0.8191406 0.0276042 0.0210938
1 0.5885417 0.3542969 0.0270833 0.0226562
1 0.6638021 0.7109375 0.0286458 0.0203125
1 0.3843750 0.2562500 0.0156250 0.0312500
4 0.6789063 0.4441406 0.0213542 0.0304687
1 0.5531250 0.8179688 0.0156250 0.0265625
4 0.5809896 0.7769531 0.0296875 0.0195312
3 0.5611979 0.7234375 0.0286458 0.0250000
5 0.8125000 0.5621094 0.0260417 0.0195312
3 0.6161458 0.1597656 0.0135417 0.0414062
0 0.5518229 0.6644531 0.0192708 0.0414062
1 0.7447917 0.6132812 0.0218750 0.0359375
1 0.2835937 0.4414062 0.0171875 0.0421875
0 0.6184896 0.8171875 0.0244792 0.0218750
4 0.4046875 0.7714844 0.0166667 0.0226562
3 0.4531250 0.4125000 0.0125000 0.0250000
8 0.6265625 0.6140625 0.0250000 0.0343750
7 0.3731771 0.4550781 0.0255208 0.0257812
9 0.3466146 0.5683594 0.0192708 0.0414062
9 0.4572917 0.4542969 0.0239583 0.0304687
7 0.4216146 0.6289062 0.0244792 0.0390625
6 0.6625000 0.4843750 0.0166667 0.0328125
8 0.3148437 0.5933594 0.0296875 0.0289063
10 0.4330729 0.2078125 0.0234375 0.0343750
11 0.4674479 0.4636719 0.0244792 0.0335937
6 0.5031250 0.7710938 0.0187500 0.0390625
8 0.4419271 0.3910156 0.0192708 0.0367188
7 0.2078125 0.6335937 0.0208333 0.0390625
11 0.6231771 0.3613281 0.0276042 0.0257812
8 0.4226563 0.5714844 0.0276042 0.0304687
