4 0.2861979 0.3937500 0.0255208 0.0468750
5 0.6812500 0.7050781 0.0666667 0.0382813
4 0.5984375 0.3003906 0.0645833 0.0429688
4 0.4554687 0.1355469 0.0338542 0.1132812
5 0.4153646 0.8238281 0.0546875 0.0679687
5 0.5057292 0.4222656 0.0687500 0.0507812
1 0.6320313 0.7644531 0.0744792 0.0523438
4 0.5916667 0.4386719 0.0354167 0.0679687
3 0.3984375 0.6324219 0.0687500 0.0523438
4 0.4468750 0.5464844 0.0333333 0.0507812
1 0.7479167 0.3371094 0.0479167 0.0601563
5 0.6851563 0.7246094 0.0682292 0.0648438
1 0.4356771 0.7718750 0.0328125 0.0781250
3 0.4200521 0.2601562 0.0411458 0.0531250
3 0.5817708 0.8675781 0.0312500 0.0664062
0 0.5791667 0.3574219 0.0593750 0.0601563
0 0.4611979 0.6347656 0.0463542 0.0601563
1 0.3515625 0.0660156 0.0270833 0.0914062
3 0.5677083 0.2648437 0.0510417 0.0906250
1 0.5947917 0.4765625 0.0614583 0.0421875
2 0.2929688 0.6617188 0.0317708 0.0656250
5 0.8200521 0.3453125 0.0619792 0.0515625
0 0.5023437 0.8671875 0.0359375 0.0546875
1 0.5153646 0.2410156 0.0411458 0.0914062
4 0.6578125 0.4589844 0.0333333 0.0601563
1 0.5411458 0.5753906 0.0406250 0.1117188
4 0.7997396 0.7152344 0.0630208 0.0601563
2 0.6843750 0.6375000 0.0729167 0.0562500
4 0.5307292 0.5164062 0.0552083 0.0515625
0 0.4044271 0.4625000 0.0630208 0.0453125
0 0.2606771 0.3441406 0.0609375 0.0726563
3 0.6080729 0.5777344 0.0609375 0.0710937
8 0.7375000 0.2808594 0.0656250 0.0632812
9 0.5351562 0.1996094 0.0557292 0.0804688
10 0.6263021 0.8105469 0.0526042 0.1054688
7 0.4635417 0.8019531 0.0583333 0.1023437
11 0.7143229 0.5796875 0.0515625 0.0625000
9 0.4390625 0.2105469 0.0604167 0.0601563
10 0.4721354 0.3718750 0.0682292 0.1046875
8 0.2296875 0.5519531 0.0645833 0.0960938
6 0.4203125 0.2296875 0.0416667 0.0671875
7 0.2947917 0.4648438 0.0666667 0.0640625
7 0.5947917 0.4460938 0.0572917 0.0562500
11 0.6679688 0.6070313 0.0630208 0.0859375
11 0.5789062 0.4007812 0.0536458 0.0765625
6 0.4476562 0.7003906 0.0484375 0.0976562
9 0.4197917 0.8308594 0.0593750 0.0742188
8 0.3023438 0.4246094 0.0401042 0.0757812
8 0.5700521 0.2761719 0.0651042 0.0648438
10 0.6416667 0.8363281 0.0458333 0.1007813
6 0.5500000 0.5878906 0.0614583 0.0601563
8 0.6596354 0.6929688 0.0651042 0.0734375
