3 0.4932292 0.3820312 0.0229167 0.0187500
2 0.4091146 0.7250000 0.0234375 0.0171875
1 0.5075521 0.7187500 0.0171875 0.0171875
4 0.4575521 0.1738281 0.0234375 0.0164063
2 0.4145833 0.7687500 0.0156250 0.0343750
4 0.3924479 0.4515625 0.0244792 0.0171875
4 0.5981771 0.3378906 0.0171875 0.0257812
1 0.4390625 0.5820312 0.0187500 0.0171875
4 0.4057292 0.8082031 0.0104167 0.0164063
2 0.4450521 0.6144531 0.0192708 0.0164063
4 0.4971354 0.3269531 0.0223958 0.0148437
5 0.6880208 0.3910156 0.0260417 0.0242188
5 0.2848958 0.4421875 0.0197917 0.0203125
3 0.4463542 0.7792969 0.0104167 0.0210938
3 0.5533854 0.4910156 0.0213542 0.0148437
5 0.5851563 0.2714844 0.0244792 0.0226562
0 0.4697917 0.8808594 0.0197917 0.0273438
5 0.5585938 0.3363281 0.0213542 0.0226562
3 0.3846354 0.4101562 0.0151042 0.0171875
5 0.4242187 0.7988281 0.0140625 0.0320312
2 0.3651042 0.3957031 0.0197917 0.0179687
1 0.4802083 0.4058594 0.0239583 0.0179687
5 0.5757813 0.4371094 0.0109375 0.0304687
1 0.3778646 0.9257812 0.0223958 0.0187500
0 0.2375000 0.6191406 0.0177083 0.0273438
8 0.4606771 0.3363281 0.0234375 0.0273438
6 0.3828125 0.6546875 0.0177083 0.0296875
7 0.5101562 0.7996094 0.0213542 0.0257812
11 0.8039063 0.3765625 0.0223958 0.0296875
7 0.3820312 0.8628906 0.0223958 0.0304687
9 0.5885417 0.3726563 0.0208333 0.0250000
9 0.3065104 0.4367187 0.0203125 0.0343750
9 0.6630208 0.4582031 0.0197917 0.0351562
10 0.3273437 0.4785156 0.0223958 0.0210938
10 0.5768229 0.3011719 0.0213542 0.0304687
8 0.6203125 0.4429688 0.0229167 0.0281250
9 0.6744792 0.3402344 0.0229167 0.0226562
6 0.4414062 0.3570313 0.0140625 0.0296875
10 0.7127604 0.3730469 0.0213542 0.0210938
10 0.6132812 0.4644531 0.0171875 0.0242188
11 0.5429688 0.3957031 0.0151042 0.0335937
10 0.6033854 0.4933594 0.0140625 0.0304687
8 0.6651042 0.5078125 0.0156250 0.0234375
