3 0.4302083 0.2003906 0.0239583 0.0351562
0 0.4096354 0.6171875 0.0338542 0.0359375
4 0.5013021 0.6097656 0.0505208 0.0398437
5 0.5239583 0.8652344 0.0281250 0.0507812
1 0.4760417 0.3027344 0.0510417 0.0414062
1 0.4976563 0.3308594 0.0317708 0.0648438
3 0.6690104 0.5867187 0.0515625 0.0421875
2 0.7770833 0.6117187 0.0322917 0.0687500
4 0.6440104 0.5718750 0.0484375 0.0468750
4 0.3658854 0.4507813 0.0213542 0.0562500
5 0.2731771 0.6230469 0.0244792 0.0695313
2 0.3153646 0.4867187 0.0359375 0.0484375
3 0.5989583 0.7718750 0.0479167 0.0546875
0 0.7651042 0.4898438 0.0291667 0.0546875
0 0.6242188 0.2585938 0.0192708 0.0734375
5 0.4937500 0.1562500 0.0270833 0.0734375
5 0.4135417 0.5421875 0.0291667 0.0640625
3 0.4510417 0.9871094 0.0239583 0.0242188
0 0.4289062 0.6875000 0.0276042 0.0796875
2 0.5325521 0.6496094 0.0453125 0.0492187
0 0.4747396 0.8179688 0.0369792 0.0765625
2 0.5375000 0.5542969 0.0322917 0.0648438
5 0.2815104 0.1472656 0.0463542 0.0492187
1 0.6455729 0.5625000 0.0411458 0.0328125
3 0.4539063 0.3644531 0.0234375 0.0476562
4 0.5890625 0.1121094 0.0229167 0.0664062
0 0.5369792 0.4445312 0.0479167 0.0437500
4 0.6833333 0.7355469 0.0468750 0.0351562
1 0.5804687 0.6015625 0.0328125 0.0421875
5 0.6718750 0.5960937 0.0489583 0.0421875
5 0.6328125 0.6269531 0.0520833 0.0351562
2 0.5419271 0.7519531 0.0515625 0.0367188
2 0.5645833 0.2445313 0.0343750 0.0765625
2 0.5273438 0.6410156 0.0494792 0.0335937
5 0.6322917 0.5031250 0.0291667 0.0359375
1 0.5885417 0.2308594 0.0479167 0.0492187
3 0.4166667 0.3582031 0.0260417 0.0335937
5 0.5690104 0.6390625 0.0338542 0.0671875
5 0.2677083 0.2578125 0.0489583 0.0359375
1 0.5958333 0.4082031 0.0302083 0.0476562
1 0.3869792 0.6675781 0.0208333 0.0726563
1 0.2403646 0.6917969 0.0348958 0.0445313
3 0.6320313 0.1730469 0.0473958 0.0414062
5 0.7309896 0.2019531 0.0182292 0.0726563
4 0.7729167 0.6644531 0.0385417 0.0382813
1 0.4429688 0.4632812 0.0359375 0.0437500
5 0.2460938 0.4464844 0.0473958 0.0367188
0 0.2270833 0.6523438 0.0395833 0.0578125
2 0.4367187 0.5195312 0.0557292 0.0453125
0 0.5348958 0.2210938 0.0447917 0.0468750
3 0.3830729 0.4285156 0.0411458 0.0460938
3 0.4976563 0.3597656 0.0442708 0.0429688
5 0.6015625 0.6050781 0.0500000 0.0320312
0 0.5080729 0.2218750 0.0255208 0.0687500
8 0.4713542 0.2054688 0.0437500 0.0437500
6 0.6541667 0.2257812 0.0468750 0.0484375
9 0.5143229 0.1730469 0.0411458 0.0726563
9 0.3856771 0.5824219 0.0317708 0.0757812
7 0.4432292 0.6542969 0.0302083 0.0710937
