1 0.4098958 0.4925781 0.0145833 0.0351562
2 0.6395833 0.8644531 0.0281250 0.0257812
3 0.5700521 0.4488281 0.0317708 0.0226562
3 0.6942708 0.2421875 0.0281250 0.0203125
2 0.6794271 0.7644531 0.0223958 0.0304687
2 0.5289063 0.6972656 0.0296875 0.0210938
4 0.6656250 0.6593750 0.0166667 0.0421875
2 0.7260417 0.6750000 0.0291667 0.0250000
5 0.6856771 0.6042969 0.0317708 0.0226562
5 0.3458333 0.2355469 0.0135417 0.0210938
0 0.4401042 0.6562500 0.0197917 0.0265625
2 0.4664063 0.3207031 0.0223958 0.0398437
11 0.3700521 0.7546875 0.0286458 0.0296875
10 0.7372396 0.5328125 0.0276042 0.0312500
10 0.4130208 0.8410156 0.0281250 0.0367188
8 0.2789063 0.7652344 0.0286458 0.0289063
6 0.4203125 0.8257813 0.0187500 0.0359375
10 0.5796875 0.1246094 0.0197917 0.0382813
11 0.3192708 0.6929688 0.0281250 0.0312500
11 0.6088542 0.6308594 0.0197917 0.0445313
8 0.4278646 0.6359375 0.0234375 0.0265625
9 0.5213542 0.3558594 0.0218750 0.0320312
9 0.4661458 0.7917969 0.0291667 0.0335937
10 0.6919271 0.6464844 0.0307292 0.0351562
8 0.3932292 0.1929687 0.0208333 0.0437500
8 0.4958333 0.3304687 0.0260417 0.0359375
