2 0.3098958 0.1679688 0.0489583 0.0343750
2 0.4065104 0.6347656 0.0234375 0.0460938
0 0.8606771 0.4238281 0.0390625 0.0664062
5 0.5148438 0.4207031 0.0494792 0.0320312
4 0.2924479 0.2214844 0.0463542 0.0304687
2 0.7203125 0.3339844 0.0447917 0.0414062
2 0.5304688 0.6109375 0.0526042 0.0375000
0 0.3674479 0.3628906 0.0255208 0.0367188
3 0.7437500 0.3476562 0.0312500 0.0437500
4 0.6804687 0.6117187 0.0432292 0.0484375
0 0.3716146 0.2445313 0.0276042 0.0765625
5 0.7192708 0.6359375 0.0364583 0.0437500
5 0.3244792 0.8742188 0.0395833 0.0625000
0 0.5346354 0.8464844 0.0411458 0.0367188
1 0.5531250 0.1925781 0.0385417 0.0632812
5 0.3401042 0.3195312 0.0291667 0.0656250
3 0.3658854 0.6082031 0.0536458 0.0367188
0 0.4559896 0.6617188 0.0411458 0.0468750
5 0.6216146 0.8089844 0.0276042 0.0570312
0 0.6054688 0.7363281 0.0515625 0.0367188
0 0.4419271 0.3800781 0.0359375 0.0710937
3 0.6583333 0.4132812 0.0218750 0.0609375
2 0.5609375 0.4847656 0.0468750 0.0460938
5 0.4692708 0.5343750 0.0406250 0.0343750
5 0.6578125 0.5367188 0.0447917 0.0515625
1 0.4838542 0.7828125 0.0312500 0.0484375
0 0.5606771 0.4398437 0.0494792 0.0359375
5 0.6372396 0.5023437 0.0432292 0.0609375
5 0.5869792 0.7605469 0.0218750 0.0460938
3 0.4192708 0.3128906 0.0447917 0.0523438
0 0.7778646 0.8003906 0.0505208 0.0304687
0 0.4539063 0.3964844 0.0255208 0.0695313
5 0.6911458 0.2996094 0.0250000 0.0320312
5 0.3781250 0.4832031 0.0468750 0.0320312
0 0.3520833 0.5714844 0.0416667 0.0320312
1 0.7044271 0.3324219 0.0380208 0.0492187
0 0.7911458 0.4253906 0.0416667 0.0507812
0 0.3205729 0.4468750 0.0276042 0.0468750
5 0.6833333 0.6367188 0.0364583 0.0500000
4 0.5151042 0.6937500 0.0343750 0.0265625
5 0.5213542 0.7960938 0.0458333 0.0453125
1 0.3843750 0.3292969 0.0229167 0.0554687
1 0.6583333 0.1816406 0.0447917 0.0367188
3 0.6781250 0.2777344 0.0489583 0.0320312
2 0.6492187 0.7695312 0.0463542 0.0375000
5 0.3317708 0.5996094 0.0250000 0.0804688
0 0.5895833 0.2367188 0.0510417 0.0328125
0 0.8153646 0.4964844 0.0307292 0.0445313
1 0.5346354 0.6031250 0.0411458 0.0437500
1 0.6177083 0.6761719 0.0364583 0.0585938
1 0.5252604 0.0335937 0.0317708 0.0484375
1 0.4966146 0.4046875 0.0234375 0.0671875
1 0.5742188 0.7734375 0.0307292 0.0375000
3 0.4255208 0.3066406 0.0208333 0.0710937
0 0.4765625 0.5261719 0.0385417 0.0429688
1 0.4638021 0.7953125 0.0223958 0.0328125
0 0.5572917 0.3703125 0.0260417 0.0687500
0 0.3351562 0.4105469 0.0453125 0.0523438
3 0.6007813 0.2636719 0.0453125 0.0585938
9 0.5466146 0.4644531 0.0317708 0.0742188
10 0.4278646 0.4503906 0.0286458 0.0429688
10 0.5234375 0.5058594 0.0416667 0.0414062
6 0.5270833 0.5421875 0.0385417 0.0609375
7 0.4614583 0.3304687 0.0447917 0.0468750
11 0.3010417 0.5003906 0.0458333 0.0445313
