5 0.5299479 0.6257812 0.0265625 0.0187500
3 0.4398437 0.1968750 0.0213542 0.0437500
1 0.7388021 0.3253906 0.0151042 0.0476562
0 0.5518229 0.5234375 0.0276042 0.0203125
4 0.5861979 0.5859375 0.0265625 0.0437500
3 0.3039062 0.3914063 0.0286458 0.0203125
5 0.5369792 0.6417969 0.0291667 0.0195312
4 0.6661458 0.5261719 0.0312500 0.0257812
0 0.5020833 0.2566406 0.0291667 0.0289063
0 0.4747396 0.6089844 0.0140625 0.0257812
1 0.5348958 0.5792969 0.0166667 0.0414062
2 0.6953125 0.4417969 0.0135417 0.0460938
2 0.4848958 0.9316406 0.0250000 0.0320312
0 0.5838542 0.8035156 0.0208333 0.0398437
3 0.3158854 0.3726563 0.0276042 0.0312500
2 0.7546875 0.3468750 0.0239583 0.0421875
2 0.4356771 0.4992187 0.0255208 0.0203125
5 0.3468750 0.5148438 0.0312500 0.0187500
5 0.5523438 0.8406250 0.0317708 0.0218750
1 0.5080729 0.6675781 0.0286458 0.0195312
1 0.6471354 0.8179688 0.0307292 0.0218750
1 0.3260417 0.8250000 0.0322917 0.0265625
0 0.4643229 0.5550781 0.0182292 0.0460938
0 0.6703125 0.6410156 0.0135417 0.0226562
5 0.7252604 0.6718750 0.0161458 0.0468750
4 0.4893229 0.1191406 0.0203125 0.0414062
2 0.4750000 0.1070312 0.0208333 0.0437500
0 0.7385417 0.7921875 0.0239583 0.0265625
4 0.5981771 0.8910156 0.0255208 0.0351562
4 0.5747396 0.2234375 0.0317708 0.0203125
0 0.3695312 0.1890625 0.0255208 0.0343750
1 0.5750000 0.0980469 0.0281250 0.0382813
3 0.5057292 0.1339844 0.0312500 0.0195312
4 0.6054688 0.6398438 0.0140625 0.0343750
2 0.3403646 0.7183594 0.0203125 0.0492187
2 0.3453125 0.6644531 0.0322917 0.0242188
2 0.4955729 0.8539062 0.0151042 0.0437500
2 0.6500000 0.1261719 0.0156250 0.0460938
5 0.4213542 0.5199219 0.0312500 0.0242188
5 0.3643229 0.5933594 0.0286458 0.0195312
3 0.7078125 0.5859375 0.0291667 0.0296875
5 0.6700521 0.6500000 0.0213542 0.0359375
1 0.4354167 0.3132813 0.0177083 0.0234375
0 0.4888021 0.3992188 0.0296875 0.0234375
1 0.4489583 0.5847656 0.0302083 0.0226562
5 0.4710937 0.1687500 0.0265625 0.0296875
0 0.5388021 0.5160156 0.0244792 0.0335937
3 0.4078125 0.6441406 0.0145833 0.0242188
4 0.2572917 0.4625000 0.0114583 0.0234375
4 0.5041667 0.1457031 0.0177083 0.0210938
5 0.5750000 0.4402344 0.0166667 0.0398437
4 0.5281250 0.4457031 0.0322917 0.0226562
2 0.5622396 0.4859375 0.0244792 0.0234375
2 0.6869792 0.4441406 0.0302083 0.0226562
1 0.4848958 0.5636719 0.0302083 0.0210938
5 0.3411458 0.6242188 0.0197917 0.0250000
1 0.6151042 0.8554688 0.0239583 0.0234375
1 0.2679687 0.4203125 0.0348958 0.0296875
3 0.4445312 0.3847656 0.0171875 0.0460938
1 0.5299479 0.2546875 0.0328125 0.0218750
2 0.2151042 0.6777344 0.0166667 0.0445313
1 0.6375000 0.6527344 0.0333333 0.0257812
1 0.4986979 0.5378906 0.0213542 0.0210938
2 0.4151042 0.1429688 0.0177083 0.0453125
4 0.6182292 0.7058594 0.0291667 0.0289063
3 0.4799479 0.7796875 0.0192708 0.0343750
0 0.4713542 0.8230469 0.0281250 0.0226562
3 0.6614583 0.7484375 0.0302083 0.0296875
0 0.5684896 0.9839844 0.0171875 0.0304687
5 0.3895833 0.5585938 0.0239583 0.0328125
11 0.6614583 0.5027344 0.0281250 0.0273438
10 0.7026042 0.2316406 0.0302083 0.0304687
