0 0.5471354 0.1910156 0.0296875 0.0632812
2 0.4890625 0.3023438 0.0208333 0.0375000
2 0.5692708 0.6289062 0.0447917 0.0343750
1 0.5338542 0.3125000 0.0406250 0.0390625
3 0.5658854 0.4707031 0.0255208 0.0460938
1 0.5518229 0.6769531 0.0411458 0.0273438
1 0.2484375 0.3871094 0.0468750 0.0382813
2 0.5169271 0.5828125 0.0296875 0.0265625
4 0.3986979 0.5613281 0.0421875 0.0257812
4 0.6901042 0.4535156 0.0281250 0.0585938
4 0.4304688 0.3996094 0.0401042 0.0570312
2 0.7776042 0.3183594 0.0343750 0.0585938
4 0.5505208 0.2699219 0.0208333 0.0460938
4 0.5713542 0.3808594 0.0291667 0.0539063
4 0.6562500 0.1476562 0.0250000 0.0406250
0 0.5645833 0.3519531 0.0354167 0.0445313
5 0.7018229 0.4117188 0.0411458 0.0328125
2 0.5138021 0.5429688 0.0223958 0.0390625
3 0.6567708 0.4621094 0.0447917 0.0367188
1 0.4593750 0.5949219 0.0281250 0.0554687
3 0.3755208 0.5203125 0.0281250 0.0375000
3 0.2903646 0.1425781 0.0223958 0.0664062
1 0.6054688 0.3863281 0.0234375 0.0523438
2 0.6299479 0.7156250 0.0411458 0.0359375
0 0.5690104 0.4171875 0.0453125 0.0312500
3 0.4914062 0.4371094 0.0348958 0.0554687
1 0.4812500 0.4179688 0.0427083 0.0421875
0 0.3825521 0.4789062 0.0442708 0.0406250
2 0.5648437 0.4902344 0.0432292 0.0320312
3 0.6294271 0.4949219 0.0390625 0.0351562
0 0.6020833 0.5710937 0.0260417 0.0421875
1 0.5937500 0.6449219 0.0447917 0.0351562
11 0.4908854 0.8726563 0.0307292 0.0640625
6 0.3658854 0.4527344 0.0401042 0.0476562
7 0.6700521 0.5898438 0.0432292 0.0468750
11 0.6208333 0.7496094 0.0260417 0.0398437
7 0.5343750 0.0691406 0.0437500 0.0554687
10 0.4223958 0.4105469 0.0291667 0.0539063
9 0.6531250 0.5976562 0.0385417 0.0375000
10 0.6627604 0.2613281 0.0380208 0.0554687
8 0.4877604 0.1261719 0.0421875 0.0539063
10 0.5645833 0.5679688 0.0427083 0.0609375
9 0.4994792 0.5652344 0.0260417 0.0585938
11 0.6390625 0.5886719 0.0447917 0.0570312
6 0.6578125 0.4695313 0.0437500 0.0437500
9 0.7580729 0.7398438 0.0380208 0.0406250
