5 0.3914063 0.6953125 0.0151042 0.0203125
2 0.4510417 0.4750000 0.0260417 0.0234375
0 0.5632812 0.4917969 0.0276042 0.0179687
3 0.7125000 0.4414062 0.0270833 0.0234375
5 0.6250000 0.4886719 0.0229167 0.0242188
3 0.5294271 0.5648437 0.0119792 0.0343750
5 0.4700521 0.4875000 0.0192708 0.0312500
0 0.4791667 0.3503906 0.0260417 0.0179687
4 0.4143229 0.6445312 0.0192708 0.0281250
3 0.6536458 0.2476562 0.0239583 0.0250000
3 0.5828125 0.4257812 0.0187500 0.0296875
2 0.4947917 0.2968750 0.0250000 0.0234375
0 0.4020833 0.6839844 0.0166667 0.0273438
0 0.6138021 0.4507813 0.0213542 0.0265625
1 0.4877604 0.4886719 0.0192708 0.0195312
2 0.6033854 0.6179687 0.0192708 0.0187500
2 0.3838542 0.3472656 0.0250000 0.0164063
1 0.5835938 0.4718750 0.0265625 0.0234375
1 0.4835937 0.8257813 0.0244792 0.0265625
5 0.4869792 0.5316406 0.0239583 0.0164063
0 0.3455729 0.3812500 0.0276042 0.0203125
2 0.4338542 0.5777344 0.0250000 0.0179687
0 0.2625000 0.5242187 0.0145833 0.0328125
3 0.4932292 0.5000000 0.0208333 0.0234375
2 0.4648438 0.7183594 0.0182292 0.0367188
1 0.6372396 0.3972656 0.0130208 0.0242188
3 0.4700521 0.8195313 0.0244792 0.0187500
3 0.5140625 0.6656250 0.0135417 0.0343750
0 0.4177083 0.3187500 0.0239583 0.0203125
1 0.6158854 0.1015625 0.0223958 0.0218750
3 0.3078125 0.5816406 0.0177083 0.0195312
3 0.5088542 0.6265625 0.0218750 0.0265625
2 0.6627604 0.3414063 0.0276042 0.0218750
1 0.2854167 0.6781250 0.0250000 0.0171875
2 0.5041667 0.7312500 0.0156250 0.0343750
4 0.4958333 0.2574219 0.0187500 0.0335937
3 0.4544271 0.6445312 0.0244792 0.0187500
4 0.5018229 0.4582031 0.0171875 0.0367188
2 0.5929688 0.1695312 0.0234375 0.0203125
1 0.5210938 0.7925781 0.0244792 0.0257812
4 0.3690104 0.6628906 0.0151042 0.0367188
2 0.4875000 0.8476562 0.0177083 0.0203125
2 0.5125000 0.5707031 0.0239583 0.0257812
9 0.4445312 0.7324219 0.0234375 0.0257812
6 0.5929688 0.5066406 0.0151042 0.0242188
11 0.7000000 0.6777344 0.0239583 0.0273438
9 0.5151042 0.8281250 0.0177083 0.0343750
6 0.3265625 0.5917969 0.0156250 0.0367188
8 0.4466146 0.3242188 0.0223958 0.0421875
9 0.6018229 0.4996094 0.0234375 0.0320312
11 0.5364583 0.3718750 0.0239583 0.0281250
11 0.4247396 0.2359375 0.0203125 0.0296875
