2 0.6309896 0.4398437 0.0796875 0.0578125
3 0.5817708 0.1953125 0.0697917 0.0671875
0 0.6875000 0.6109375 0.0500000 0.1328125
2 0.2166667 0.3222656 0.0510417 0.1039063
1 0.5403646 0.5796875 0.0526042 0.1062500
4 0.6401042 0.4125000 0.0947917 0.0828125
5 0.5505208 0.2296875 0.0437500 0.0703125
2 0.3791667 0.5011719 0.0989583 0.0742188
2 0.4054687 0.4308594 0.0713542 0.1101562
4 0.5088542 0.6300781 0.0677083 0.0585938
3 0.4718750 0.7281250 0.0854167 0.0796875
5 0.7346354 0.2882812 0.0598958 0.0734375
5 0.5604167 0.8605469 0.0802083 0.0789062
5 0.7007813 0.5011719 0.0505208 0.0554687
2 0.4851563 0.5703125 0.0661458 0.1171875
2 0.3414063 0.3093750 0.0786458 0.0828125
3 0.6973958 0.5593750 0.0656250 0.1140625
2 0.6059896 0.2804687 0.0484375 0.1515625
5 0.5906250 0.3757813 0.0427083 0.0531250
2 0.4453125 0.3933594 0.0468750 0.0757812
3 0.2940104 0.3269531 0.0463542 0.1289062
0 0.5541667 0.5792969 0.0614583 0.0695313
0 0.6179687 0.2734375 0.0505208 0.0625000
1 0.5505208 0.8242188 0.0343750 0.1281250
4 0.6640625 0.5562500 0.0572917 0.1062500
1 0.5679688 0.7917969 0.0505208 0.1226562
5 0.5692708 0.2914062 0.0541667 0.0593750
3 0.5096354 0.7175781 0.0703125 0.0835937
3 0.3369792 0.6972656 0.0802083 0.0757812
2 0.6406250 0.3355469 0.0770833 0.0679687
0 0.5591146 0.2031250 0.0526042 0.0703125
4 0.4203125 0.3921875 0.0791667 0.0593750
2 0.2460938 0.1761719 0.0484375 0.1179687
3 0.7583333 0.6035156 0.0947917 0.0679687
5 0.3388021 0.1433594 0.0807292 0.0851563
4 0.5273438 0.4757812 0.0807292 0.0593750
4 0.6244792 0.3195312 0.0468750 0.1125000
2 0.5468750 0.7550781 0.0843750 0.0835937
3 0.5398437 0.4871094 0.0651042 0.0867187
2 0.6622396 0.8148437 0.0359375 0.0968750
5 0.4481771 0.0429688 0.0640625 0.0859375
0 0.6130208 0.9253906 0.0656250 0.1164063
3 0.5361979 0.2617188 0.0453125 0.1328125
0 0.7132812 0.5296875 0.0619792 0.0968750
4 0.7377604 0.6613281 0.0807292 0.0742188
2 0.6643229 0.8398438 0.0734375 0.0609375
5 0.6348958 0.1226562 0.0833333 0.0578125
3 0.5351562 0.4113281 0.0880208 0.0617188
4 0.4471354 0.2140625 0.0473958 0.1109375
2 0.3877604 0.4851563 0.0786458 0.1015625
1 0.5664062 0.3906250 0.0557292 0.1218750
2 0.4908854 0.6597656 0.0869792 0.0632812
1 0.3424479 0.7785156 0.0401042 0.1023437
4 0.4802083 0.7324219 0.0395833 0.1273438
1 0.6611979 0.5207031 0.0932292 0.0664062
4 0.5257812 0.1886719 0.0838542 0.0929688
1 0.6880208 0.3652344 0.0822917 0.0679687
5 0.3723958 0.5855469 0.0510417 0.0835937
1 0.4268229 0.3492188 0.0598958 0.0562500
4 0.4427083 0.7546875 0.0770833 0.0578125
5 0.2867188 0.6601562 0.0744792 0.1062500
1 0.5783854 0.5347656 0.0609375 0.0664062
4 0.6236979 0.5890625 0.0755208 0.1000000
0 0.5072917 0.1570313 0.0854167 0.0937500
5 0.3796875 0.8722656 0.0458333 0.1382812
0 0.6322917 0.1824219 0.0916667 0.0679687
2 0.5447917 0.2769531 0.0614583 0.0726563
4 0.3877604 0.7570313 0.0515625 0.1187500
11 0.5591146 0.5128906 0.0703125 0.0742188
7 0.3002604 0.7832031 0.0838542 0.0804688
8 0.1807292 0.4378906 0.0822917 0.0945312
11 0.4492188 0.7507812 0.0880208 0.1031250
7 0.4492188 0.4722656 0.0911458 0.0898438
8 0.4299479 0.6683594 0.0515625 0.0960938
6 0.6718750 0.3128906 0.0906250 0.1351563
11 0.7911458 0.6082031 0.0802083 0.1179687
9 0.5273438 0.4976563 0.0734375 0.0796875
6 0.4812500 0.5890625 0.0500000 0.0734375
10 0.2231771 0.3972656 0.0776042 0.1132812
9 0.7614583 0.1230469 0.0822917 0.0835937
8 0.3229167 0.3886719 0.0583333 0.1335938
