1 0.5182292 0.8074219 0.0218750 0.0460938
1 0.5757813 0.6535156 0.0203125 0.0210938
5 0.6666667 0.2589844 0.0208333 0.0226562
5 0.7591146 0.6378906 0.0348958 0.0257812
3 0.5213542 0.3089844 0.0229167 0.0273438
5 0.4669271 0.4269531 0.0286458 0.0382813
4 0.6395833 0.3066406 0.0354167 0.0226562
2 0.6791667 0.6250000 0.0322917 0.0312500
1 0.3039062 0.2550781 0.0348958 0.0257812
1 0.5541667 0.3820312 0.0208333 0.0343750
4 0.5575521 0.4414062 0.0223958 0.0328125
0 0.6408854 0.5464844 0.0265625 0.0382813
3 0.6049479 0.6515625 0.0223958 0.0234375
3 0.4963542 0.3152344 0.0166667 0.0242188
0 0.5799479 0.2808594 0.0182292 0.0210938
1 0.6294271 0.4558594 0.0171875 0.0460938
2 0.4979167 0.3644531 0.0208333 0.0523438
1 0.5786458 0.4984375 0.0239583 0.0375000
5 0.3546875 0.5187500 0.0239583 0.0218750
2 0.7500000 0.5257812 0.0333333 0.0218750
1 0.5364583 0.6261719 0.0281250 0.0351562
2 0.2596354 0.5433594 0.0203125 0.0273438
4 0.5010417 0.8546875 0.0208333 0.0515625
0 0.5432292 0.3324219 0.0239583 0.0273438
2 0.5343750 0.9371094 0.0229167 0.0414062
3 0.6440104 0.6894531 0.0317708 0.0320312
5 0.5450521 0.8394531 0.0203125 0.0273438
5 0.3005208 0.1371094 0.0354167 0.0273438
1 0.5924479 0.6156250 0.0276042 0.0421875
3 0.3635417 0.1816406 0.0322917 0.0210938
3 0.4945312 0.6746094 0.0328125 0.0289063
0 0.6927083 0.6421875 0.0291667 0.0328125
3 0.5585938 0.7171875 0.0296875 0.0234375
5 0.5018229 0.5628906 0.0317708 0.0226562
1 0.4604167 0.5179687 0.0218750 0.0281250
0 0.3789062 0.3000000 0.0307292 0.0234375
2 0.4075521 0.3066406 0.0213542 0.0429688
0 0.3208333 0.2109375 0.0322917 0.0250000
3 0.7380208 0.4019531 0.0333333 0.0242188
1 0.6466146 0.7542969 0.0203125 0.0351562
5 0.3713542 0.1304687 0.0250000 0.0312500
5 0.3507812 0.5406250 0.0338542 0.0281250
1 0.5622396 0.3542969 0.0203125 0.0382813
5 0.6598958 0.3066406 0.0145833 0.0367188
0 0.5984375 0.6105469 0.0312500 0.0414062
2 0.4979167 0.1886719 0.0239583 0.0476562
0 0.3617187 0.6007813 0.0192708 0.0203125
3 0.4890625 0.8464844 0.0156250 0.0523438
5 0.5541667 0.3566406 0.0322917 0.0273438
11 0.5140625 0.4304688 0.0364583 0.0453125
10 0.5804687 0.5031250 0.0307292 0.0468750
11 0.3023438 0.3011719 0.0276042 0.0460938
10 0.5479167 0.6031250 0.0270833 0.0343750
6 0.4992187 0.4562500 0.0223958 0.0484375
6 0.3356771 0.5136719 0.0328125 0.0460938
8 0.3455729 0.1515625 0.0276042 0.0343750
7 0.2833333 0.2859375 0.0322917 0.0421875
11 0.4617188 0.8890625 0.0223958 0.0484375
11 0.6026042 0.5066406 0.0302083 0.0351562
