3 0.5671875 0.2957031 0.0145833 0.0414062
5 0.6299479 0.3410156 0.0192708 0.0289063
2 0.4713542 0.1796875 0.0135417 0.0359375
3 0.5505208 0.7652344 0.0156250 0.0179687
4 0.3973958 0.2980469 0.0145833 0.0242188
2 0.6723958 0.6667969 0.0218750 0.0257812
1 0.6656250 0.4914062 0.0104167 0.0343750
0 0.5651042 0.6371094 0.0177083 0.0273438
5 0.5390625 0.5339844 0.0239583 0.0148437
1 0.5802083 0.6234375 0.0250000 0.0171875
5 0.7158854 0.5304688 0.0276042 0.0203125
5 0.2606771 0.3660156 0.0265625 0.0210938
3 0.5989583 0.6398438 0.0239583 0.0187500
4 0.3736979 0.2207031 0.0244792 0.0164063
4 0.7398438 0.6531250 0.0255208 0.0187500
4 0.4549479 0.5593750 0.0161458 0.0328125
4 0.6526042 0.3785156 0.0218750 0.0257812
2 0.5640625 0.4390625 0.0197917 0.0250000
4 0.4424479 0.5632812 0.0140625 0.0218750
2 0.5606771 0.4312500 0.0171875 0.0187500
10 0.3919271 0.3132813 0.0223958 0.0218750
9 0.7966146 0.2484375 0.0234375 0.0281250
9 0.6039062 0.7222656 0.0223958 0.0242188
6 0.5807292 0.6714844 0.0166667 0.0242188
11 0.4148438 0.6765625 0.0234375 0.0343750
7 0.4828125 0.4496094 0.0218750 0.0257812
9 0.4536458 0.4523437 0.0177083 0.0234375
10 0.5664062 0.1718750 0.0192708 0.0265625
7 0.5414062 0.4425781 0.0203125 0.0273438
7 0.4872396 0.4167969 0.0255208 0.0273438
