2 0.7083333 0.3910156 0.0531250 0.0460938
0 0.3453125 0.5566406 0.0510417 0.0367188
5 0.7351562 0.7121094 0.0536458 0.0445313
1 0.4549479 0.1156250 0.0359375 0.0671875
2 0.5541667 0.5613281 0.0312500 0.0617188
1 0.4377604 0.1449219 0.0526042 0.0476562
4 0.5700521 0.4375000 0.0546875 0.0359375
0 0.4497396 0.5984375 0.0401042 0.0671875
5 0.4093750 0.1816406 0.0531250 0.0335937
1 0.5286458 0.5839844 0.0416667 0.0789062
4 0.4622396 0.3312500 0.0307292 0.0656250
0 0.6213542 0.2984375 0.0437500 0.0390625
4 0.5109375 0.7042969 0.0541667 0.0429688
0 0.6562500 0.3296875 0.0520833 0.0484375
2 0.7138021 0.5828125 0.0546875 0.0406250
0 0.4479167 0.7761719 0.0281250 0.0445313
0 0.5580729 0.3847656 0.0390625 0.0601563
2 0.7067708 0.4179688 0.0541667 0.0390625
1 0.5281250 0.8062500 0.0385417 0.0796875
0 0.5059896 0.1914062 0.0359375 0.0515625
4 0.6541667 0.3335938 0.0552083 0.0390625
2 0.5846354 0.6925781 0.0369792 0.0773438
5 0.4484375 0.7574219 0.0312500 0.0460938
5 0.3070312 0.6093750 0.0369792 0.0734375
1 0.4911458 0.5503906 0.0343750 0.0804688
0 0.3744792 0.5507812 0.0562500 0.0375000
4 0.7539062 0.6109375 0.0307292 0.0750000
1 0.5770833 0.4312500 0.0531250 0.0421875
3 0.4492188 0.3058594 0.0536458 0.0367188
3 0.4656250 0.4812500 0.0250000 0.0421875
3 0.3236979 0.5566406 0.0463542 0.0773438
3 0.5684896 0.3304687 0.0546875 0.0500000
3 0.5658854 0.6335937 0.0369792 0.0546875
3 0.4377604 0.3875000 0.0453125 0.0421875
0 0.4601562 0.8191406 0.0546875 0.0351562
3 0.6445312 0.5671875 0.0546875 0.0359375
1 0.4252604 0.6957031 0.0296875 0.0617188
3 0.4466146 0.3183594 0.0453125 0.0414062
3 0.7260417 0.4796875 0.0541667 0.0500000
5 0.3401042 0.5066406 0.0291667 0.0726563
2 0.7067708 0.5316406 0.0625000 0.0429688
2 0.5786458 0.7195312 0.0447917 0.0562500
1 0.7369792 0.2285156 0.0406250 0.0523438
0 0.6664062 0.6000000 0.0463542 0.0515625
0 0.6445312 0.5906250 0.0598958 0.0562500
2 0.3700521 0.6765625 0.0442708 0.0687500
3 0.2625000 0.4347656 0.0458333 0.0507812
3 0.4981771 0.5234375 0.0380208 0.0640625
0 0.6429687 0.4781250 0.0619792 0.0437500
0 0.6799479 0.5390625 0.0526042 0.0359375
2 0.6354167 0.6242188 0.0375000 0.0421875
0 0.5075521 0.3820312 0.0463542 0.0578125
5 0.6927083 0.3441406 0.0552083 0.0429688
2 0.4539063 0.7367187 0.0557292 0.0406250
2 0.4585938 0.4625000 0.0411458 0.0468750
0 0.5770833 0.7589844 0.0489583 0.0601563
2 0.5632812 0.6742187 0.0401042 0.0671875
5 0.3833333 0.2710938 0.0541667 0.0375000
3 0.5791667 0.4207031 0.0468750 0.0726563
1 0.4958333 0.4167969 0.0281250 0.0773438
5 0.2632813 0.2347656 0.0588542 0.0367188
4 0.6325521 0.7386719 0.0421875 0.0367188
3 0.4104167 0.5527344 0.0437500 0.0445313
11 0.5390625 0.9273438 0.0458333 0.0796875
11 0.4445312 0.4011719 0.0401042 0.0539063
8 0.7789063 0.7949219 0.0484375 0.0507812
7 0.6041667 0.4648438 0.0385417 0.0562500
11 0.4289062 0.2292969 0.0338542 0.0773438
11 0.6502604 0.4140625 0.0505208 0.0500000
10 0.5489583 0.4367187 0.0333333 0.0703125
10 0.6500000 0.4484375 0.0354167 0.0796875
7 0.7348958 0.4800781 0.0562500 0.0554687
8 0.7283854 0.5296875 0.0401042 0.0812500
10 0.2513021 0.5601563 0.0401042 0.0671875
