0 0.7145833 0.7535156 0.0250000 0.0429688
0 0.3843750 0.6500000 0.0291667 0.0250000
2 0.7244792 0.4039063 0.0291667 0.0328125
5 0.5304688 0.5515625 0.0265625 0.0265625
2 0.5760417 0.6273437 0.0187500 0.0406250
4 0.5570312 0.6144531 0.0161458 0.0210938
5 0.6304688 0.6820312 0.0317708 0.0234375
4 0.2705729 0.5988281 0.0307292 0.0226562
3 0.6671875 0.8707031 0.0270833 0.0179687
5 0.5184896 0.1136719 0.0244792 0.0289063
3 0.4005208 0.5535156 0.0260417 0.0273438
5 0.3773437 0.3480469 0.0203125 0.0210938
3 0.5802083 0.8164062 0.0281250 0.0218750
3 0.5098958 0.3171875 0.0250000 0.0265625
1 0.5401042 0.7230469 0.0281250 0.0210938
5 0.2916667 0.4531250 0.0239583 0.0328125
0 0.6557292 0.3460937 0.0312500 0.0250000
2 0.7234375 0.3867188 0.0177083 0.0421875
4 0.7018229 0.5609375 0.0234375 0.0203125
3 0.3244792 0.5765625 0.0166667 0.0468750
5 0.4419271 0.7417969 0.0182292 0.0414062
0 0.4049479 0.3980469 0.0234375 0.0273438
3 0.6843750 0.3835938 0.0281250 0.0203125
5 0.5854167 0.5945312 0.0333333 0.0234375
3 0.3981771 0.3250000 0.0161458 0.0343750
1 0.5041667 0.3878906 0.0218750 0.0210938
4 0.5885417 0.7167969 0.0229167 0.0257812
4 0.4994792 0.3000000 0.0250000 0.0218750
5 0.6348958 0.8109375 0.0302083 0.0218750
5 0.5143229 0.5433594 0.0171875 0.0492187
2 0.4744792 0.2246094 0.0281250 0.0351562
1 0.4877604 0.7703125 0.0140625 0.0234375
3 0.5546875 0.4500000 0.0333333 0.0234375
4 0.5598958 0.3722656 0.0239583 0.0164063
2 0.5059896 0.6675781 0.0171875 0.0335937
1 0.6080729 0.8324219 0.0171875 0.0210938
3 0.5190104 0.3515625 0.0182292 0.0171875
1 0.6432292 0.6593750 0.0177083 0.0468750
1 0.5523438 0.3937500 0.0161458 0.0296875
0 0.3138021 0.6550781 0.0286458 0.0226562
4 0.6770833 0.2015625 0.0229167 0.0359375
2 0.3671875 0.6453125 0.0229167 0.0343750
8 0.4161458 0.4199219 0.0229167 0.0304687
11 0.7372396 0.7265625 0.0307292 0.0375000
6 0.3114583 0.6011719 0.0208333 0.0414062
8 0.5979167 0.5847656 0.0218750 0.0445313
6 0.5484375 0.4132812 0.0260417 0.0296875
6 0.6450521 0.6750000 0.0213542 0.0375000
7 0.6164063 0.4351563 0.0296875 0.0296875
6 0.5101562 0.8632812 0.0213542 0.0484375
9 0.3104167 0.6402344 0.0322917 0.0320312
7 0.4184896 0.5921875 0.0276042 0.0312500
9 0.4226563 0.4800781 0.0296875 0.0304687
11 0.4148438 0.2843750 0.0182292 0.0281250
10 0.5971354 0.3062500 0.0276042 0.0312500
10 0.4325521 0.8964844 0.0276042 0.0414062
10 0.5031250 0.7722656 0.0302083 0.0476562
7 0.6322917 0.4242187 0.0218750 0.0421875
7 0.4651042 0.5941406 0.0239583 0.0304687
