1 0.5221354 0.7257813 0.0171875 0.0453125
0 0.3924479 0.7152344 0.0140625 0.0179687
0 0.3382812 0.3625000 0.0151042 0.0421875
2 0.4705729 0.5531250 0.0276042 0.0265625
4 0.4721354 0.5558594 0.0244792 0.0320312
2 0.4302083 0.1460937 0.0229167 0.0187500
4 0.6773438 0.4144531 0.0130208 0.0335937
4 0.4546875 0.1246094 0.0197917 0.0273438
3 0.6713542 0.4605469 0.0250000 0.0289063
3 0.3294271 0.5917969 0.0286458 0.0242188
1 0.6062500 0.5527344 0.0145833 0.0304687
3 0.7096354 0.6046875 0.0223958 0.0265625
2 0.5856771 0.7457031 0.0223958 0.0304687
2 0.4143229 0.1515625 0.0213542 0.0343750
2 0.6567708 0.7382812 0.0177083 0.0250000
4 0.5700521 0.5101562 0.0265625 0.0218750
0 0.6596354 0.5062500 0.0255208 0.0218750
5 0.5776042 0.8191406 0.0260417 0.0242188
3 0.4591146 0.4550781 0.0192708 0.0398437
4 0.5697917 0.5527344 0.0208333 0.0195312
2 0.3278646 0.8320312 0.0130208 0.0343750
0 0.5924479 0.4738281 0.0296875 0.0226562
1 0.6242188 0.3753906 0.0119792 0.0398437
3 0.5065104 0.5601563 0.0244792 0.0234375
2 0.3260417 0.0847656 0.0229167 0.0304687
5 0.5536458 0.5769531 0.0250000 0.0195312
4 0.3192708 0.4480469 0.0197917 0.0179687
4 0.4539063 0.3042969 0.0286458 0.0257812
0 0.6236979 0.4613281 0.0234375 0.0289063
5 0.6320313 0.5175781 0.0119792 0.0226562
2 0.3916667 0.7863281 0.0208333 0.0242188
3 0.2684896 0.6972656 0.0307292 0.0179687
0 0.4877604 0.8253906 0.0192708 0.0195312
2 0.3416667 0.2218750 0.0197917 0.0218750
3 0.3705729 0.4066406 0.0130208 0.0226562
2 0.5054688 0.4941406 0.0255208 0.0195312
5 0.4924479 0.4890625 0.0244792 0.0218750
3 0.3182292 0.3914063 0.0104167 0.0421875
3 0.6210938 0.5156250 0.0307292 0.0218750
0 0.4755208 0.5738281 0.0156250 0.0226562
1 0.5226563 0.2109375 0.0234375 0.0343750
4 0.5916667 0.5769531 0.0239583 0.0289063
3 0.3651042 0.2792969 0.0125000 0.0210938
4 0.5515625 0.4035156 0.0260417 0.0242188
2 0.6335937 0.3886719 0.0234375 0.0320312
5 0.4244792 0.6777344 0.0239583 0.0289063
3 0.2908854 0.5031250 0.0286458 0.0218750
1 0.6341146 0.8515625 0.0203125 0.0375000
5 0.6424479 0.6531250 0.0286458 0.0234375
11 0.5645833 0.2843750 0.0166667 0.0375000
7 0.5015625 0.6273437 0.0166667 0.0375000
11 0.2453125 0.5593750 0.0270833 0.0375000
10 0.6799479 0.2421875 0.0223958 0.0359375
10 0.5700521 0.2593750 0.0255208 0.0250000
10 0.4013021 0.8996094 0.0234375 0.0242188
8 0.4979167 0.5910156 0.0166667 0.0351562
8 0.7132812 0.6042969 0.0255208 0.0304687
6 0.4304688 0.7574219 0.0265625 0.0273438
9 0.6403646 0.6589844 0.0296875 0.0351562
8 0.3812500 0.7093750 0.0270833 0.0265625
8 0.4380208 0.5621094 0.0250000 0.0257812
9 0.6945313 0.7976562 0.0276042 0.0359375
8 0.5197917 0.6101562 0.0177083 0.0312500
11 0.5395833 0.6812500 0.0187500 0.0375000
10 0.4484375 0.5957031 0.0177083 0.0289063
11 0.7161458 0.4175781 0.0187500 0.0289063
7 0.5781250 0.3636719 0.0260417 0.0257812
10 0.6851563 0.4187500 0.0286458 0.0281250
