4 0.6544271 0.4250000 0.0828125 0.0656250
0 0.6481771 0.2386719 0.0473958 0.0726563
1 0.6356771 0.3031250 0.0776042 0.0546875
2 0.7752604 0.6457031 0.0401042 0.0960938
4 0.6096354 0.2203125 0.0317708 0.1031250
4 0.3286458 0.8027344 0.0697917 0.0851563
3 0.5356771 0.7640625 0.0546875 0.1281250
5 0.5567708 0.2589844 0.0812500 0.0601563
5 0.5013021 0.7871094 0.0494792 0.0695313
10 0.4179688 0.1179687 0.0734375 0.0734375
11 0.6742187 0.7582031 0.0776042 0.0976562
6 0.3231771 0.3730469 0.0526042 0.1226562
10 0.5755208 0.6855469 0.0750000 0.0820312
6 0.4513021 0.3230469 0.0557292 0.0789062
6 0.2088542 0.4679687 0.0812500 0.0906250
6 0.4057292 0.3332031 0.0583333 0.1117188
8 0.3585937 0.8363281 0.0692708 0.1210938
