5 0.2940104 0.3167969 0.1682292 0.1148437
1 0.6523438 0.6527344 0.1713542 0.1320312
3 0.5138021 0.4773438 0.1390625 0.0890625
2 0.7263021 0.8414063 0.1703125 0.1093750
1 0.6083333 0.6535156 0.1739583 0.1132812
5 0.4078125 0.8730469 0.1270833 0.2148438
4 0.4541667 0.7808594 0.1833333 0.1304687
0 0.4776042 0.4582031 0.1187500 0.2289063
5 0.3182292 0.6078125 0.0979167 0.2687500
2 0.2320312 0.4390625 0.1328125 0.1796875
4 0.5601563 0.5105469 0.0911458 0.2351563
3 0.4867187 0.2437500 0.1505208 0.2328125
0 0.5028646 0.6273437 0.1223958 0.2375000
3 0.2742188 0.2992187 0.1609375 0.1500000
2 0.3989583 0.9085937 0.1104167 0.1812500
8 0.1872396 0.3855469 0.1567708 0.1523438
10 0.3171875 0.1816406 0.1020833 0.2445313
