5 0.6562500 0.8984375 0.0520833 0.0437500
4 0.5802083 0.3910156 0.0281250 0.0367188
4 0.5747396 0.7843750 0.0526042 0.0375000
5 0.7005208 0.6410156 0.0510417 0.0507812
0 0.4864583 0.3906250 0.0437500 0.0421875
2 0.4677083 0.4996094 0.0281250 0.0742188
1 0.6335937 0.6113281 0.0546875 0.0351562
2 0.3885417 0.7472656 0.0572917 0.0539063
8 0.5333333 0.3546875 0.0531250 0.0625000
6 0.5669271 0.5667969 0.0526042 0.0570312
8 0.5570312 0.4031250 0.0484375 0.0843750
9 0.3252604 0.4511719 0.0463542 0.0445313
9 0.6916667 0.7167969 0.0437500 0.0492187
7 0.7447917 0.2562500 0.0468750 0.0468750
8 0.6028646 0.8664063 0.0411458 0.0812500
9 0.5510417 0.5167969 0.0500000 0.0507812
9 0.6559896 0.3652344 0.0515625 0.0523438
8 0.6747396 0.6640625 0.0369792 0.0562500
7 0.3526042 0.6554688 0.0437500 0.0468750
8 0.4838542 0.5679688 0.0458333 0.0562500
11 0.2731771 0.4519531 0.0505208 0.0570312
8 0.3286458 0.7750000 0.0416667 0.0546875
6 0.6239583 0.5554687 0.0468750 0.0468750
11 0.5677083 0.8230469 0.0468750 0.0492187
9 0.2770833 0.6085938 0.0500000 0.0578125
9 0.4179688 0.2097656 0.0338542 0.0632812
10 0.2781250 0.6859375 0.0322917 0.0687500
