4 0.3552083 0.2410156 0.0125000 0.0382813
3 0.5221354 0.7007813 0.0244792 0.0265625
5 0.3682292 0.7445312 0.0104167 0.0406250
2 0.4421875 0.8636719 0.0187500 0.0367188
4 0.5968750 0.6652344 0.0270833 0.0179687
2 0.6820312 0.2949219 0.0203125 0.0320312
3 0.5338542 0.4250000 0.0208333 0.0203125
5 0.4062500 0.3898437 0.0250000 0.0203125
5 0.4596354 0.9753906 0.0151042 0.0320312
4 0.5028646 0.4851563 0.0130208 0.0343750
5 0.5437500 0.7027344 0.0125000 0.0351562
0 0.6721354 0.4750000 0.0255208 0.0203125
1 0.4028646 0.6359375 0.0119792 0.0187500
2 0.2414062 0.5175781 0.0244792 0.0257812
2 0.4945312 0.7851562 0.0151042 0.0375000
1 0.4320312 0.6089844 0.0140625 0.0242188
0 0.6255208 0.5722656 0.0145833 0.0195312
9 0.2611979 0.4351563 0.0255208 0.0296875
11 0.4554687 0.2695312 0.0203125 0.0296875
