2 0.5440104 0.4742188 0.0203125 0.0234375
4 0.6867188 0.3785156 0.0234375 0.0195312
2 0.7179688 0.6675781 0.0244792 0.0195312
4 0.5841146 0.5421875 0.0234375 0.0171875
5 0.6382813 0.6761719 0.0213542 0.0164063
0 0.3403646 0.6761719 0.0119792 0.0335937
3 0.6666667 0.3382812 0.0145833 0.0359375
2 0.6742187 0.3257813 0.0234375 0.0218750
1 0.5986979 0.8519531 0.0098958 0.0210938
2 0.3255208 0.2761719 0.0208333 0.0195312
5 0.5382813 0.7648438 0.0140625 0.0265625
2 0.4822917 0.9796875 0.0156250 0.0312500
5 0.3817708 0.3414063 0.0125000 0.0171875
0 0.4260417 0.4511719 0.0229167 0.0148437
4 0.4395833 0.6175781 0.0197917 0.0226562
2 0.3473958 0.4031250 0.0114583 0.0187500
4 0.5953125 0.3945312 0.0104167 0.0328125
5 0.5929688 0.3382812 0.0234375 0.0171875
0 0.3494792 0.6878906 0.0104167 0.0320312
0 0.5223958 0.4292969 0.0114583 0.0382813
0 0.4554687 0.7265625 0.0182292 0.0171875
0 0.6213542 0.7449219 0.0239583 0.0148437
2 0.6406250 0.6179687 0.0177083 0.0203125
2 0.6296875 0.2136719 0.0177083 0.0289063
0 0.6296875 0.8003906 0.0239583 0.0179687
4 0.3325521 0.4710937 0.0234375 0.0140625
4 0.6664062 0.6507812 0.0234375 0.0156250
2 0.6596354 0.6851563 0.0223958 0.0171875
0 0.6197917 0.4453125 0.0208333 0.0171875
3 0.6369792 0.4199219 0.0208333 0.0304687
5 0.5268229 0.8496094 0.0151042 0.0304687
3 0.4528646 0.2839844 0.0234375 0.0164063
2 0.6434896 0.4593750 0.0098958 0.0171875
0 0.3705729 0.5101562 0.0119792 0.0265625
1 0.3908854 0.1281250 0.0130208 0.0359375
2 0.4776042 0.0683594 0.0125000 0.0351562
5 0.6375000 0.5402344 0.0114583 0.0195312
4 0.4752604 0.5761719 0.0151042 0.0367188
2 0.7015625 0.5242187 0.0250000 0.0203125
3 0.7265625 0.5316406 0.0260417 0.0148437
0 0.5338542 0.3351562 0.0114583 0.0281250
4 0.6414062 0.3996094 0.0130208 0.0273438
2 0.5653646 0.3847656 0.0203125 0.0210938
5 0.4468750 0.6425781 0.0239583 0.0179687
0 0.3541667 0.8328125 0.0187500 0.0250000
1 0.5164062 0.5910156 0.0151042 0.0273438
5 0.4346354 0.5707031 0.0140625 0.0289063
3 0.7421875 0.2035156 0.0093750 0.0304687
1 0.5942708 0.8437500 0.0156250 0.0265625
10 0.3414063 0.2671875 0.0203125 0.0203125
11 0.5890625 0.3238281 0.0145833 0.0335937
9 0.5919271 0.8000000 0.0223958 0.0218750
8 0.2914062 0.2042969 0.0213542 0.0226562
10 0.6476563 0.5410156 0.0161458 0.0195312
11 0.4127604 0.5457031 0.0203125 0.0320312
8 0.5911458 0.6023437 0.0208333 0.0203125
8 0.4111979 0.3808594 0.0151042 0.0304687
8 0.4078125 0.5792969 0.0197917 0.0210938
9 0.4929688 0.7746094 0.0234375 0.0320312
8 0.6539063 0.3070312 0.0161458 0.0234375
9 0.5179687 0.4667969 0.0203125 0.0210938
11 0.5770833 0.2066406 0.0218750 0.0320312
8 0.4901042 0.4656250 0.0166667 0.0343750
11 0.6953125 0.3570313 0.0229167 0.0281250
