4 0.6265625 0.3414063 0.0135417 0.0156250
0 0.6643229 0.5734375 0.0234375 0.0140625
2 0.5174479 0.2941406 0.0234375 0.0195312
4 0.3664062 0.2734375 0.0234375 0.0125000
0 0.5257812 0.4933594 0.0140625 0.0382813
1 0.5398437 0.1648438 0.0130208 0.0343750
4 0.5283854 0.5062500 0.0119792 0.0234375
2 0.3710938 0.5882812 0.0182292 0.0296875
5 0.6122396 0.5949219 0.0182292 0.0195312
1 0.5674479 0.4496094 0.0098958 0.0210938
5 0.5223958 0.9214844 0.0135417 0.0382813
1 0.4187500 0.4007812 0.0145833 0.0265625
0 0.4247396 0.6531250 0.0161458 0.0171875
0 0.5039062 0.5964844 0.0244792 0.0148437
5 0.4843750 0.6347656 0.0114583 0.0320312
1 0.3934896 0.4222656 0.0213542 0.0273438
2 0.6320313 0.5945312 0.0255208 0.0218750
4 0.4812500 0.1542969 0.0125000 0.0179687
2 0.4218750 0.8308594 0.0156250 0.0335937
2 0.5973958 0.5140625 0.0229167 0.0281250
5 0.6934896 0.9507813 0.0255208 0.0187500
3 0.6257812 0.3433594 0.0234375 0.0179687
2 0.2356771 0.4394531 0.0244792 0.0195312
1 0.7117187 0.8031250 0.0192708 0.0218750
4 0.4361979 0.6000000 0.0213542 0.0156250
5 0.6546875 0.6730469 0.0177083 0.0257812
0 0.4794271 0.2031250 0.0234375 0.0156250
1 0.3666667 0.7187500 0.0145833 0.0328125
1 0.6195312 0.7867188 0.0151042 0.0375000
0 0.5934896 0.5773438 0.0213542 0.0265625
2 0.3466146 0.6773438 0.0255208 0.0250000
4 0.3992188 0.5324219 0.0255208 0.0226562
3 0.4817708 0.2699219 0.0229167 0.0179687
2 0.8080729 0.4390625 0.0265625 0.0203125
0 0.4546875 0.2304688 0.0125000 0.0234375
0 0.5369792 0.4171875 0.0218750 0.0171875
3 0.6986979 0.2640625 0.0234375 0.0171875
3 0.3869792 0.5949219 0.0135417 0.0304687
4 0.5562500 0.4097656 0.0218750 0.0164063
4 0.4356771 0.2636719 0.0130208 0.0335937
1 0.6653646 0.7281250 0.0234375 0.0234375
1 0.6562500 0.7683594 0.0166667 0.0164063
2 0.5023437 0.6261719 0.0109375 0.0289063
2 0.3414063 0.4242187 0.0223958 0.0218750
5 0.6270833 0.6042969 0.0239583 0.0164063
1 0.6583333 0.6437500 0.0177083 0.0296875
0 0.7322917 0.7847656 0.0270833 0.0179687
0 0.6546875 0.3886719 0.0260417 0.0195312
3 0.4575521 0.5324219 0.0213542 0.0289063
3 0.3575521 0.5039062 0.0234375 0.0187500
2 0.6635417 0.4941406 0.0270833 0.0195312
6 0.5981771 0.4496094 0.0234375 0.0242188
9 0.6911458 0.4210937 0.0239583 0.0234375
7 0.4468750 0.7484375 0.0166667 0.0281250
9 0.4570312 0.5816406 0.0161458 0.0320312
6 0.6187500 0.2035156 0.0208333 0.0242188
9 0.5559896 0.7457031 0.0151042 0.0226562
8 0.4473958 0.5480469 0.0239583 0.0242188
