4 0.4578125 0.7671875 0.0729167 0.0468750
0 0.5882812 0.3851562 0.0776042 0.0890625
1 0.2591146 0.6730469 0.0776042 0.0710937
5 0.6593750 0.3484375 0.0697917 0.0640625
1 0.3328125 0.6824219 0.0770833 0.0648438
4 0.3968750 0.8105469 0.0395833 0.1039063
3 0.6744792 0.8003906 0.0718750 0.0664062
0 0.7432292 0.2132813 0.0802083 0.0546875
0 0.6216146 0.2296875 0.0828125 0.0546875
3 0.6049479 0.9117188 0.0411458 0.1078125
5 0.6322917 0.5273438 0.0802083 0.0578125
1 0.7010417 0.4222656 0.0500000 0.1101562
2 0.5500000 0.2785156 0.0437500 0.0570312
3 0.7335938 0.6843750 0.0755208 0.0906250
2 0.7507812 0.2195313 0.0557292 0.0640625
2 0.7291667 0.5957031 0.0843750 0.0523438
4 0.5255208 0.4195313 0.0718750 0.0640625
0 0.4875000 0.4054687 0.0552083 0.0578125
4 0.5455729 0.6507812 0.0692708 0.0718750
4 0.4796875 0.6671875 0.0750000 0.0500000
1 0.5971354 0.1863281 0.0682292 0.0679687
5 0.6177083 0.1089844 0.0333333 0.0664062
1 0.4315104 0.2109375 0.0734375 0.0625000
0 0.6510417 0.8363281 0.0750000 0.0445313
1 0.7380208 0.4812500 0.0739583 0.0593750
5 0.7080729 0.4496094 0.0786458 0.0539063
3 0.7270833 0.6308594 0.0625000 0.1007813
4 0.5125000 0.2746094 0.0458333 0.0835937
2 0.7046875 0.4621094 0.0656250 0.0460938
3 0.5890625 0.3132813 0.0645833 0.0921875
1 0.6591146 0.2628906 0.0807292 0.0507812
0 0.4898438 0.5742188 0.0588542 0.0921875
0 0.5617188 0.8921875 0.0713542 0.0578125
0 0.3419271 0.3105469 0.0609375 0.1117188
4 0.8026042 0.5523438 0.0802083 0.0671875
5 0.5692708 0.2679687 0.0770833 0.0734375
0 0.4838542 0.2484375 0.0770833 0.0578125
1 0.6093750 0.4265625 0.0697917 0.0671875
0 0.6658854 0.6660156 0.0786458 0.0523438
5 0.4205729 0.6847656 0.0421875 0.1117188
1 0.3406250 0.4242187 0.0437500 0.0625000
0 0.4250000 0.4476562 0.0437500 0.1093750
3 0.3789062 0.5710937 0.0380208 0.0843750
1 0.5679688 0.4976563 0.0765625 0.0515625
4 0.3523438 0.5656250 0.0723958 0.0640625
2 0.5885417 0.6480469 0.0364583 0.0726563
1 0.2651042 0.6652344 0.0354167 0.0460938
3 0.4843750 0.7992187 0.0406250 0.0468750
4 0.4843750 0.2773438 0.0604167 0.0703125
1 0.6054688 0.7679687 0.0338542 0.0859375
3 0.3481771 0.6320313 0.0359375 0.0640625
4 0.4252604 0.6085938 0.0744792 0.0484375
4 0.4828125 0.9703125 0.0385417 0.0578125
0 0.6458333 0.7070312 0.0770833 0.0531250
3 0.6713542 0.3253906 0.0364583 0.0773438
2 0.5531250 0.8492188 0.0739583 0.0562500
5 0.6205729 0.4269531 0.0796875 0.0539063
0 0.5533854 0.3867188 0.0557292 0.1171875
4 0.6783854 0.6007813 0.0765625 0.0656250
1 0.5919271 0.3636719 0.0755208 0.0617188
1 0.4489583 0.5527344 0.0510417 0.1054688
3 0.5763021 0.5945312 0.0723958 0.0906250
4 0.6606771 0.5964844 0.0807292 0.0710937
2 0.6687500 0.6750000 0.0718750 0.0468750
5 0.6231771 0.6750000 0.0453125 0.0781250
3 0.5184896 0.4289062 0.0828125 0.0796875
4 0.6390625 0.1828125 0.0770833 0.0687500
2 0.5190104 0.7683594 0.0692708 0.0648438
8 0.4132812 0.4964844 0.0796875 0.0789062
6 0.7791667 0.8160156 0.0770833 0.0742188
10 0.6380208 0.8218750 0.0770833 0.0734375
9 0.5158854 0.6433594 0.0661458 0.0648438
11 0.5942708 0.6347656 0.0708333 0.0710937
10 0.5783854 0.5246094 0.0640625 0.0976562
11 0.3786458 0.1730469 0.0666667 0.0929688
6 0.3156250 0.8785156 0.0489583 0.0804688
9 0.7041667 0.2484375 0.0750000 0.0890625
6 0.2151042 0.5511719 0.0781250 0.1070312
8 0.6080729 0.5226563 0.0765625 0.0750000
6 0.6098958 0.4566406 0.0687500 0.0742188
8 0.6585937 0.6167969 0.0671875 0.0648438
8 0.2911458 0.1972656 0.0489583 0.1023437
11 0.4494792 0.2496094 0.0666667 0.0679687
10 0.6075521 0.3140625 0.0630208 0.1046875
11 0.7416667 0.5449219 0.0697917 0.0726563
7 0.3148437 0.5066406 0.0494792 0.1164063
10 0.6718750 0.7558594 0.0510417 0.1210938
11 0.5229167 0.1398437 0.0677083 0.1250000
