5 0.5145833 0.4511719 0.0156250 0.0367188
1 0.7218750 0.2851562 0.0187500 0.0375000
1 0.4109375 0.5171875 0.0156250 0.0343750
3 0.4937500 0.7898437 0.0218750 0.0187500
1 0.3302083 0.2558594 0.0145833 0.0351562
1 0.5953125 0.2351563 0.0125000 0.0312500
5 0.5388021 0.3785156 0.0182292 0.0195312
1 0.6526042 0.7687500 0.0250000 0.0312500
1 0.6609375 0.4597656 0.0187500 0.0304687
4 0.3020833 0.5789062 0.0260417 0.0265625
5 0.4703125 0.2320312 0.0166667 0.0406250
0 0.7750000 0.3472656 0.0260417 0.0226562
0 0.7716146 0.6785156 0.0234375 0.0304687
4 0.4705729 0.6242188 0.0130208 0.0234375
2 0.5674479 0.5035156 0.0140625 0.0226562
4 0.3286458 0.5839844 0.0260417 0.0179687
5 0.6986979 0.4117188 0.0265625 0.0281250
5 0.5927083 0.4894531 0.0197917 0.0398437
1 0.6479167 0.8171875 0.0229167 0.0156250
0 0.5408854 0.3003906 0.0286458 0.0226562
5 0.6135417 0.5507812 0.0125000 0.0296875
1 0.5255208 0.2617188 0.0135417 0.0187500
1 0.2963542 0.4203125 0.0125000 0.0171875
1 0.4875000 0.5972656 0.0156250 0.0289063
3 0.5822917 0.2640625 0.0208333 0.0218750
2 0.3981771 0.4714844 0.0130208 0.0335937
3 0.6208333 0.7226562 0.0135417 0.0234375
4 0.6890625 0.6878906 0.0250000 0.0273438
3 0.3778646 0.6437500 0.0234375 0.0312500
5 0.6955729 0.4191406 0.0265625 0.0179687
0 0.5752604 0.8703125 0.0171875 0.0437500
1 0.3401042 0.5050781 0.0270833 0.0164063
0 0.3536458 0.8570313 0.0125000 0.0281250
0 0.5226563 0.1875000 0.0255208 0.0187500
0 0.6018229 0.6347656 0.0213542 0.0273438
3 0.4513021 0.5792969 0.0140625 0.0195312
3 0.3291667 0.2972656 0.0270833 0.0210938
4 0.4843750 0.6070313 0.0239583 0.0187500
1 0.5705729 0.1531250 0.0109375 0.0359375
1 0.6726562 0.6421875 0.0223958 0.0281250
0 0.5768229 0.4804688 0.0296875 0.0218750
2 0.4505208 0.3007812 0.0208333 0.0296875
5 0.4515625 0.2281250 0.0187500 0.0296875
5 0.6096354 0.1390625 0.0265625 0.0187500
1 0.3921875 0.3210938 0.0156250 0.0359375
3 0.3674479 0.7761719 0.0151042 0.0351562
0 0.6127604 0.5218750 0.0255208 0.0171875
4 0.4393229 0.6070313 0.0244792 0.0187500
2 0.5072917 0.7281250 0.0135417 0.0421875
0 0.6028646 0.2953125 0.0255208 0.0171875
2 0.7320313 0.4031250 0.0151042 0.0375000
0 0.3895833 0.0992187 0.0135417 0.0421875
0 0.6942708 0.7453125 0.0260417 0.0281250
2 0.5776042 0.4046875 0.0260417 0.0203125
4 0.5726562 0.8855469 0.0140625 0.0351562
0 0.4497396 0.7796875 0.0130208 0.0343750
2 0.6195312 0.6582031 0.0161458 0.0273438
1 0.4169271 0.2785156 0.0234375 0.0320312
2 0.5567708 0.5449219 0.0177083 0.0179687
0 0.7812500 0.6292969 0.0239583 0.0257812
3 0.3065104 0.5328125 0.0276042 0.0265625
1 0.3289063 0.3117187 0.0171875 0.0312500
5 0.6937500 0.6910156 0.0177083 0.0210938
4 0.3872396 0.7007813 0.0182292 0.0312500
3 0.5700521 0.6410156 0.0192708 0.0195312
9 0.4317708 0.1613281 0.0197917 0.0367188
11 0.7484375 0.2628906 0.0218750 0.0367188
10 0.5088542 0.3414063 0.0270833 0.0265625
7 0.5317708 0.4281250 0.0239583 0.0265625
6 0.3473958 0.4078125 0.0260417 0.0250000
8 0.2770833 0.4328125 0.0250000 0.0265625
10 0.2677083 0.6351562 0.0270833 0.0281250
8 0.5716146 0.3882813 0.0234375 0.0234375
11 0.5687500 0.3882813 0.0270833 0.0312500
10 0.5325521 0.6648437 0.0265625 0.0406250
9 0.4174479 0.2835937 0.0234375 0.0250000
9 0.5880208 0.5343750 0.0250000 0.0328125
7 0.3627604 0.3390625 0.0192708 0.0328125
8 0.6872396 0.5054688 0.0192708 0.0281250
10 0.6145833 0.2691406 0.0166667 0.0226562
8 0.7372396 0.1816406 0.0265625 0.0257812
