4 0.5755208 0.7894531 0.0333333 0.0242188
3 0.3421875 0.7394531 0.0291667 0.0398437
2 0.2888021 0.6824219 0.0203125 0.0445313
4 0.6322917 0.6613281 0.0229167 0.0242188
5 0.5388021 0.7308594 0.0359375 0.0398437
2 0.3838542 0.2156250 0.0260417 0.0406250
3 0.3773437 0.5335937 0.0265625 0.0359375
2 0.5940104 0.5050781 0.0151042 0.0320312
4 0.5825521 0.7949219 0.0213542 0.0304687
5 0.6125000 0.1371094 0.0354167 0.0257812
1 0.4726562 0.3621094 0.0255208 0.0476562
5 0.6575521 0.4417969 0.0359375 0.0304687
5 0.4674479 0.6035156 0.0223958 0.0210938
5 0.4382813 0.7371094 0.0234375 0.0382813
5 0.6848958 0.4906250 0.0177083 0.0328125
3 0.3125000 0.6816406 0.0145833 0.0398437
0 0.6125000 0.3644531 0.0354167 0.0304687
1 0.4531250 0.5476562 0.0218750 0.0500000
1 0.3416667 0.2789063 0.0333333 0.0281250
0 0.6080729 0.6238281 0.0348958 0.0320312
1 0.3549479 0.1765625 0.0203125 0.0250000
4 0.5257812 0.6234375 0.0348958 0.0250000
2 0.5549479 0.7000000 0.0171875 0.0328125
2 0.5130208 0.3734375 0.0375000 0.0234375
0 0.3955729 0.6437500 0.0296875 0.0515625
0 0.5541667 0.8292969 0.0354167 0.0335937
5 0.5669271 0.7070312 0.0328125 0.0250000
2 0.6885417 0.2976563 0.0208333 0.0390625
5 0.5627604 0.3726563 0.0359375 0.0250000
0 0.4656250 0.6886719 0.0187500 0.0429688
0 0.7111979 0.2929688 0.0359375 0.0250000
3 0.6104167 0.7246094 0.0333333 0.0210938
5 0.2476562 0.5035156 0.0328125 0.0289063
5 0.4276042 0.2898438 0.0197917 0.0578125
0 0.6479167 0.5375000 0.0302083 0.0296875
3 0.3757813 0.7082031 0.0161458 0.0289063
2 0.4531250 0.3175781 0.0364583 0.0304687
1 0.3447917 0.5644531 0.0322917 0.0226562
2 0.5036458 0.3097656 0.0333333 0.0289063
2 0.4846354 0.3945312 0.0203125 0.0343750
2 0.5078125 0.5144531 0.0250000 0.0304687
0 0.6963542 0.6164063 0.0333333 0.0250000
0 0.6106771 0.4339844 0.0338542 0.0289063
5 0.5804687 0.2839844 0.0359375 0.0320312
5 0.4932292 0.3609375 0.0250000 0.0312500
2 0.4763021 0.2996094 0.0338542 0.0273438
5 0.7252604 0.5242187 0.0317708 0.0375000
5 0.6210938 0.6468750 0.0286458 0.0437500
0 0.4210937 0.4136719 0.0203125 0.0492187
0 0.5203125 0.6671875 0.0197917 0.0234375
1 0.5635417 0.6503906 0.0270833 0.0351562
1 0.7093750 0.2941406 0.0354167 0.0289063
3 0.5848958 0.2621094 0.0218750 0.0507812
2 0.5669271 0.3781250 0.0171875 0.0406250
10 0.4656250 0.5082031 0.0218750 0.0429688
11 0.7236979 0.3027344 0.0244792 0.0320312
6 0.6526042 0.6683594 0.0250000 0.0445313
6 0.5973958 0.6605469 0.0343750 0.0476562
6 0.3971354 0.3527344 0.0255208 0.0523438
8 0.5606771 0.4042969 0.0328125 0.0367188
11 0.6520833 0.1351563 0.0322917 0.0437500
6 0.3463542 0.6769531 0.0229167 0.0523438
9 0.6841146 0.4687500 0.0348958 0.0343750
8 0.2377604 0.2496094 0.0338542 0.0335937
