5 0.6268229 0.2785156 0.0817708 0.0617188
3 0.7544271 0.3996094 0.0567708 0.0726563
5 0.5476562 0.2203125 0.0796875 0.0625000
2 0.6513021 0.1664063 0.0401042 0.1218750
0 0.4260417 0.4472656 0.0406250 0.0679687
4 0.4570312 0.2542969 0.0567708 0.0960938
5 0.6515625 0.3410156 0.0729167 0.0570312
0 0.4117188 0.6250000 0.0401042 0.0671875
4 0.4651042 0.8085938 0.0572917 0.1203125
5 0.2557292 0.2910156 0.0385417 0.1242188
1 0.2057292 0.2968750 0.0437500 0.0921875
2 0.7442708 0.3980469 0.0604167 0.0820312
2 0.5742188 0.7246094 0.0578125 0.0914062
4 0.4437500 0.5546875 0.0395833 0.0781250
2 0.2632813 0.1507813 0.0567708 0.0562500
1 0.6562500 0.1734375 0.0802083 0.0531250
2 0.4562500 0.6367188 0.0364583 0.1062500
5 0.4731771 0.7250000 0.0526042 0.0984375
2 0.5171875 0.4851563 0.0708333 0.0515625
1 0.6765625 0.4164062 0.0343750 0.0546875
4 0.6872396 0.1582031 0.0828125 0.0570312
8 0.6195312 0.7000000 0.0734375 0.0875000
8 0.5411458 0.6683594 0.0781250 0.0929688
10 0.4447917 0.8757812 0.0479167 0.1062500
6 0.5575521 0.4191406 0.0765625 0.0757812
10 0.5666667 0.5136719 0.0770833 0.0742188
