5 0.5549479 0.6695313 0.0244792 0.0171875
4 0.3125000 0.4042969 0.0239583 0.0195312
0 0.6846354 0.2957031 0.0088542 0.0273438
4 0.5903646 0.3683594 0.0130208 0.0289063
1 0.3721354 0.7898437 0.0140625 0.0328125
4 0.4216146 0.3523438 0.0098958 0.0156250
5 0.2994792 0.4023438 0.0135417 0.0250000
2 0.6075521 0.6796875 0.0203125 0.0250000
2 0.5270833 0.6902344 0.0156250 0.0179687
0 0.4789062 0.2472656 0.0140625 0.0304687
4 0.6916667 0.2148438 0.0166667 0.0234375
4 0.6414062 0.6988281 0.0223958 0.0242188
2 0.5953125 0.5699219 0.0156250 0.0179687
4 0.5794271 0.2644531 0.0234375 0.0164063
5 0.4078125 0.6878906 0.0218750 0.0179687
2 0.3395833 0.8339844 0.0104167 0.0351562
5 0.3138021 0.6367188 0.0244792 0.0140625
0 0.5742188 0.6656250 0.0182292 0.0187500
4 0.5390625 0.5562500 0.0218750 0.0156250
0 0.5864583 0.6238281 0.0208333 0.0195312
3 0.5520833 0.5128906 0.0250000 0.0195312
0 0.4320312 0.2496094 0.0182292 0.0179687
0 0.3914063 0.2007812 0.0234375 0.0171875
0 0.5226563 0.5687500 0.0140625 0.0312500
5 0.4783854 0.2808594 0.0161458 0.0289063
5 0.5015625 0.7945313 0.0229167 0.0171875
3 0.7354167 0.3613281 0.0145833 0.0273438
5 0.6460938 0.4566406 0.0151042 0.0226562
2 0.5070313 0.6593750 0.0223958 0.0218750
3 0.2768229 0.1453125 0.0213542 0.0203125
5 0.4005208 0.3886719 0.0135417 0.0242188
5 0.5651042 0.2488281 0.0239583 0.0164063
1 0.4312500 0.7335938 0.0104167 0.0328125
3 0.4742188 0.7625000 0.0203125 0.0218750
2 0.4312500 0.1796875 0.0156250 0.0312500
4 0.6492187 0.6343750 0.0140625 0.0312500
5 0.6927083 0.2109375 0.0239583 0.0171875
3 0.6476563 0.6972656 0.0213542 0.0210938
5 0.4046875 0.1816406 0.0229167 0.0164063
4 0.3752604 0.4273438 0.0182292 0.0203125
2 0.4205729 0.2152344 0.0119792 0.0320312
4 0.6067708 0.5421875 0.0208333 0.0140625
1 0.3776042 0.4394531 0.0208333 0.0195312
0 0.4223958 0.5539063 0.0135417 0.0375000
3 0.3947917 0.8480469 0.0114583 0.0164063
0 0.7054687 0.8078125 0.0244792 0.0171875
2 0.4236979 0.3574219 0.0130208 0.0195312
0 0.6335937 0.1820313 0.0192708 0.0187500
4 0.4510417 0.7402344 0.0114583 0.0320312
11 0.7552083 0.3953125 0.0218750 0.0250000
8 0.6109375 0.7464844 0.0218750 0.0226562
8 0.7117187 0.3320312 0.0234375 0.0234375
9 0.4700521 0.3500000 0.0151042 0.0296875
8 0.3416667 0.5890625 0.0166667 0.0265625
6 0.6005208 0.6976562 0.0197917 0.0203125
10 0.4989583 0.2261719 0.0135417 0.0320312
11 0.5822917 0.5261719 0.0229167 0.0257812
8 0.5229167 0.3484375 0.0208333 0.0265625
8 0.3973958 0.2113281 0.0239583 0.0367188
8 0.6226563 0.3707031 0.0234375 0.0242188
8 0.6375000 0.3261719 0.0187500 0.0304687
6 0.8244792 0.5824219 0.0218750 0.0226562
7 0.7164063 0.3179688 0.0213542 0.0250000
6 0.6377604 0.2132813 0.0182292 0.0296875
