1 0.7148438 0.1496094 0.0161458 0.0664062
1 0.5364583 0.3914063 0.0218750 0.0421875
1 0.6536458 0.2980469 0.0302083 0.0351562
0 0.5557292 0.2128906 0.0427083 0.0445313
4 0.6447917 0.2644531 0.0489583 0.0398437
1 0.6028646 0.8097656 0.0296875 0.0476562
3 0.5148438 0.5523438 0.0390625 0.0484375
0 0.6385417 0.7808594 0.0468750 0.0398437
2 0.5479167 0.5804687 0.0229167 0.0671875
2 0.4703125 0.8210937 0.0427083 0.0359375
5 0.3062500 0.7601562 0.0500000 0.0390625
5 0.6494792 0.7496094 0.0270833 0.0414062
5 0.7317708 0.7132812 0.0447917 0.0312500
2 0.3960938 0.2523437 0.0255208 0.0281250
3 0.5406250 0.6378906 0.0343750 0.0304687
2 0.6184896 0.2363281 0.0328125 0.0539063
3 0.6697917 0.7250000 0.0291667 0.0734375
3 0.5216146 0.4226563 0.0328125 0.0421875
5 0.6244792 0.6386719 0.0395833 0.0335937
1 0.5067708 0.5031250 0.0468750 0.0390625
0 0.4111979 0.5683594 0.0276042 0.0429688
1 0.4716146 0.2660156 0.0453125 0.0289063
2 0.5835938 0.6691406 0.0348958 0.0601563
5 0.6682292 0.8199219 0.0322917 0.0570312
4 0.6291667 0.4675781 0.0291667 0.0289063
4 0.4627604 0.6953125 0.0255208 0.0703125
1 0.5213542 0.4160156 0.0343750 0.0492187
1 0.4304688 0.2421875 0.0234375 0.0484375
6 0.5309896 0.6511719 0.0276042 0.0414062
7 0.2955729 0.2464844 0.0307292 0.0695313
6 0.5640625 0.6855469 0.0427083 0.0539063
7 0.5382813 0.6875000 0.0411458 0.0468750
10 0.3507812 0.6179687 0.0401042 0.0625000
8 0.5611979 0.4839844 0.0338542 0.0585938
7 0.2770833 0.6039062 0.0458333 0.0437500
9 0.7401042 0.4527344 0.0416667 0.0429688
7 0.4934896 0.6855469 0.0453125 0.0523438
10 0.4596354 0.5054688 0.0265625 0.0593750
8 0.3401042 0.4492188 0.0375000 0.0453125
8 0.6877604 0.4726562 0.0442708 0.0531250
6 0.2903646 0.1980469 0.0453125 0.0523438
