2 0.5375000 0.5257812 0.0375000 0.0375000
3 0.7651042 0.7085938 0.0531250 0.0390625
3 0.6643229 0.9082031 0.0432292 0.0382813
4 0.6557292 0.5253906 0.0458333 0.0460938
3 0.3533854 0.3625000 0.0494792 0.0484375
2 0.5033854 0.2125000 0.0421875 0.0687500
0 0.7158854 0.7250000 0.0317708 0.0765625
0 0.6257812 0.5902344 0.0536458 0.0382813
0 0.5661458 0.4187500 0.0479167 0.0359375
5 0.6486979 0.2503906 0.0463542 0.0382813
4 0.6317708 0.8996094 0.0468750 0.0476562
0 0.5825521 0.7546875 0.0380208 0.0453125
3 0.5778646 0.1906250 0.0255208 0.0265625
5 0.5434896 0.6617188 0.0463542 0.0484375
5 0.3000000 0.4882812 0.0479167 0.0625000
2 0.5138021 0.6300781 0.0494792 0.0367188
1 0.4942708 0.4585938 0.0250000 0.0734375
4 0.5843750 0.6621094 0.0531250 0.0398437
2 0.6463542 0.1449219 0.0552083 0.0335937
3 0.5273438 0.2949219 0.0494792 0.0460938
4 0.5476562 0.5664062 0.0411458 0.0359375
2 0.6541667 0.4605469 0.0270833 0.0585938
1 0.3294271 0.4960938 0.0213542 0.0468750
0 0.3432292 0.5382813 0.0270833 0.0375000
0 0.5450521 0.4253906 0.0494792 0.0320312
3 0.4648438 0.1277344 0.0234375 0.0757812
3 0.5005208 0.8480469 0.0510417 0.0351562
4 0.6489583 0.6117187 0.0479167 0.0484375
1 0.6713542 0.2695312 0.0541667 0.0421875
2 0.4437500 0.3585937 0.0364583 0.0406250
0 0.5153646 0.7667969 0.0494792 0.0320312
1 0.7872396 0.7593750 0.0515625 0.0437500
0 0.5151042 0.2734375 0.0229167 0.0468750
5 0.6062500 0.9000000 0.0385417 0.0562500
5 0.3888021 0.6035156 0.0421875 0.0382813
0 0.3356771 0.1359375 0.0369792 0.0437500
5 0.5997396 0.4316406 0.0317708 0.0429688
0 0.4932292 0.3753906 0.0489583 0.0398437
0 0.6919271 0.5933594 0.0265625 0.0554687
1 0.6877604 0.2707031 0.0390625 0.0398437
2 0.6325521 0.6449219 0.0484375 0.0570312
4 0.5330729 0.3968750 0.0328125 0.0406250
5 0.4122396 0.6074219 0.0369792 0.0835937
5 0.4932292 0.3136719 0.0229167 0.0789062
0 0.4703125 0.3347656 0.0468750 0.0320312
3 0.6486979 0.6113281 0.0515625 0.0382813
5 0.4794271 0.1792969 0.0286458 0.0710937
11 0.3697917 0.4980469 0.0479167 0.0492187
8 0.3963542 0.1613281 0.0343750 0.0742188
8 0.5572917 0.7941406 0.0354167 0.0617188
11 0.4231771 0.3699219 0.0421875 0.0757812
11 0.4072917 0.3628906 0.0375000 0.0726563
6 0.6567708 0.3890625 0.0468750 0.0609375
11 0.7111979 0.5875000 0.0463542 0.0640625
8 0.6151042 0.5085937 0.0312500 0.0468750
6 0.5643229 0.3359375 0.0484375 0.0812500
8 0.3018229 0.4914062 0.0442708 0.0437500
