1 0.5984375 0.5574219 0.0239583 0.0226562
0 0.5049479 0.7101563 0.0255208 0.0203125
4 0.3929687 0.7363281 0.0151042 0.0320312
2 0.4734375 0.4269531 0.0260417 0.0195312
0 0.4989583 0.5312500 0.0229167 0.0218750
5 0.4736979 0.7218750 0.0140625 0.0359375
0 0.4705729 0.4218750 0.0265625 0.0218750
4 0.5427083 0.5554687 0.0239583 0.0234375
4 0.6335937 0.5445313 0.0140625 0.0390625
3 0.4755208 0.6472656 0.0125000 0.0304687
0 0.3403646 0.6984375 0.0171875 0.0343750
0 0.6005208 0.4179688 0.0239583 0.0203125
0 0.3687500 0.5441406 0.0208333 0.0351562
0 0.4054687 0.7050781 0.0192708 0.0289063
2 0.6695313 0.5562500 0.0203125 0.0203125
2 0.5437500 0.7023438 0.0270833 0.0203125
1 0.6867188 0.5730469 0.0265625 0.0195312
2 0.2942708 0.3847656 0.0197917 0.0289063
5 0.4333333 0.0058594 0.0125000 0.0117188
5 0.4802083 0.6875000 0.0197917 0.0265625
1 0.4434896 0.7550781 0.0276042 0.0242188
4 0.5718750 0.2894531 0.0239583 0.0226562
0 0.6114583 0.5566406 0.0104167 0.0164063
4 0.7054687 0.2507813 0.0151042 0.0375000
5 0.5299479 0.2339844 0.0130208 0.0414062
0 0.5549479 0.8894531 0.0265625 0.0195312
4 0.5088542 0.2640625 0.0239583 0.0187500
4 0.6278646 0.5152344 0.0265625 0.0195312
0 0.3390625 0.2164062 0.0166667 0.0359375
2 0.6184896 0.5781250 0.0244792 0.0171875
1 0.5177083 0.5851563 0.0156250 0.0203125
1 0.4247396 0.6488281 0.0213542 0.0226562
4 0.2054688 0.5386719 0.0213542 0.0195312
2 0.5973958 0.6214844 0.0250000 0.0242188
5 0.2752604 0.7710938 0.0140625 0.0375000
5 0.5700521 0.3687500 0.0255208 0.0171875
0 0.3018229 0.3859375 0.0130208 0.0312500
2 0.2916667 0.4265625 0.0250000 0.0281250
2 0.4601562 0.4781250 0.0255208 0.0187500
0 0.6690104 0.3773437 0.0119792 0.0359375
3 0.3828125 0.8039063 0.0125000 0.0234375
5 0.6315104 0.4542969 0.0213542 0.0242188
1 0.5645833 0.8378906 0.0239583 0.0242188
5 0.4750000 0.4371094 0.0250000 0.0210938
1 0.5645833 0.3640625 0.0229167 0.0156250
3 0.6005208 0.5214844 0.0135417 0.0414062
5 0.4239583 0.2953125 0.0104167 0.0187500
5 0.7007813 0.4308594 0.0265625 0.0257812
1 0.3140625 0.4925781 0.0281250 0.0226562
4 0.6583333 0.2929688 0.0218750 0.0203125
2 0.5880208 0.3218750 0.0250000 0.0203125
5 0.6523438 0.3199219 0.0265625 0.0195312
3 0.4052083 0.2003906 0.0125000 0.0398437
5 0.7151042 0.3718750 0.0250000 0.0265625
5 0.5234375 0.1460937 0.0145833 0.0218750
5 0.6138021 0.5195312 0.0286458 0.0218750
1 0.5716146 0.4851563 0.0140625 0.0296875
5 0.4570312 0.3996094 0.0265625 0.0226562
1 0.2684896 0.5996094 0.0244792 0.0195312
4 0.4815104 0.7152344 0.0244792 0.0257812
0 0.6658854 0.1183594 0.0140625 0.0273438
4 0.4809896 0.2027344 0.0130208 0.0414062
2 0.3143229 0.5453125 0.0276042 0.0234375
2 0.6208333 0.5671875 0.0250000 0.0265625
3 0.7630208 0.4410156 0.0156250 0.0382813
0 0.6505208 0.5605469 0.0156250 0.0304687
2 0.3132813 0.4410156 0.0234375 0.0164063
1 0.4606771 0.4886719 0.0213542 0.0273438
4 0.5971354 0.5816406 0.0151042 0.0273438
3 0.4895833 0.7121094 0.0093750 0.0367188
4 0.2690104 0.8191406 0.0192708 0.0195312
2 0.5031250 0.3027344 0.0260417 0.0210938
2 0.6432292 0.1468750 0.0250000 0.0203125
2 0.4640625 0.7542969 0.0156250 0.0210938
0 0.3929687 0.5292969 0.0255208 0.0195312
1 0.3036458 0.7687500 0.0135417 0.0281250
4 0.2838542 0.4285156 0.0229167 0.0226562
11 0.5786458 0.8464844 0.0166667 0.0335937
9 0.7458333 0.4734375 0.0229167 0.0250000
10 0.3361979 0.2027344 0.0171875 0.0398437
9 0.4328125 0.5085937 0.0260417 0.0250000
11 0.3286458 0.6316406 0.0208333 0.0304687
11 0.7330729 0.5316406 0.0234375 0.0320312
10 0.4731771 0.3187500 0.0223958 0.0265625
