5 0.7760417 0.2503906 0.0260417 0.0398437
3 0.2716146 0.3468750 0.0348958 0.0250000
1 0.7354167 0.4234375 0.0302083 0.0296875
4 0.5455729 0.7050781 0.0286458 0.0210938
0 0.5434896 0.8382812 0.0234375 0.0343750
5 0.5106771 0.3632812 0.0151042 0.0375000
0 0.3609375 0.5980469 0.0312500 0.0226562
0 0.6169271 0.4156250 0.0317708 0.0296875
1 0.5442708 0.3253906 0.0302083 0.0210938
3 0.5119792 0.9691406 0.0218750 0.0445313
0 0.6231771 0.2699219 0.0151042 0.0304687
2 0.4549479 0.2726562 0.0338542 0.0281250
0 0.4940104 0.6789063 0.0151042 0.0281250
4 0.4968750 0.7023438 0.0291667 0.0250000
5 0.6968750 0.2636719 0.0302083 0.0210938
4 0.4927083 0.7738281 0.0187500 0.0273438
1 0.5057292 0.7300781 0.0270833 0.0257812
4 0.5526042 0.5812500 0.0145833 0.0265625
5 0.6950521 0.3476562 0.0234375 0.0437500
4 0.5747396 0.3250000 0.0234375 0.0250000
4 0.5455729 0.5820312 0.0317708 0.0312500
2 0.4989583 0.6109375 0.0156250 0.0296875
0 0.4531250 0.3562500 0.0197917 0.0234375
3 0.7052083 0.1695312 0.0322917 0.0250000
0 0.3250000 0.4800781 0.0343750 0.0210938
1 0.5817708 0.7894531 0.0333333 0.0273438
5 0.5367188 0.3890625 0.0234375 0.0406250
5 0.5419271 0.3757813 0.0338542 0.0296875
4 0.6187500 0.4398437 0.0187500 0.0359375
3 0.4427083 0.4734375 0.0239583 0.0375000
3 0.5664062 0.6234375 0.0171875 0.0500000
3 0.4830729 0.3273437 0.0286458 0.0296875
0 0.6770833 0.3445313 0.0333333 0.0218750
4 0.5916667 0.6828125 0.0312500 0.0265625
5 0.4153646 0.8167969 0.0276042 0.0335937
4 0.6335937 0.4257812 0.0255208 0.0406250
3 0.4296875 0.8898438 0.0281250 0.0296875
1 0.6908854 0.7082031 0.0307292 0.0273438
6 0.5692708 0.1828125 0.0291667 0.0390625
6 0.5674479 0.2929688 0.0234375 0.0375000
8 0.6505208 0.2675781 0.0218750 0.0445313
8 0.6468750 0.7332031 0.0229167 0.0445313
9 0.6382813 0.5089844 0.0328125 0.0320312
7 0.8135417 0.5019531 0.0302083 0.0289063
11 0.6968750 0.6812500 0.0312500 0.0421875
6 0.2848958 0.3269531 0.0260417 0.0429688
6 0.2651042 0.7433594 0.0322917 0.0304687
8 0.5554687 0.5406250 0.0192708 0.0421875
9 0.4307292 0.8605469 0.0260417 0.0476562
9 0.4859375 0.4167969 0.0260417 0.0523438
6 0.5041667 0.5203125 0.0302083 0.0296875
10 0.5604167 0.3769531 0.0281250 0.0273438
7 0.6861979 0.4152344 0.0296875 0.0398437
7 0.4463542 0.3878906 0.0229167 0.0382813
11 0.4158854 0.3261719 0.0296875 0.0304687
6 0.6468750 0.5816406 0.0197917 0.0382813
8 0.5221354 0.3183594 0.0328125 0.0429688
