0 0.5273438 0.8496094 0.0151042 0.0429688
3 0.5861979 0.7164063 0.0203125 0.0328125
4 0.7341146 0.3707031 0.0255208 0.0351562
4 0.6429687 0.4023438 0.0223958 0.0328125
2 0.5445313 0.4800781 0.0151042 0.0257812
1 0.4669271 0.2285156 0.0276042 0.0210938
4 0.6598958 0.3433594 0.0166667 0.0460938
5 0.5747396 0.7312500 0.0161458 0.0359375
1 0.3088542 0.7929688 0.0281250 0.0218750
0 0.7184896 0.5148438 0.0328125 0.0218750
2 0.7145833 0.3515625 0.0281250 0.0234375
1 0.6890625 0.6910156 0.0260417 0.0382813
0 0.5989583 0.4949219 0.0250000 0.0382813
2 0.5455729 0.2898438 0.0192708 0.0390625
2 0.6736979 0.7015625 0.0151042 0.0343750
3 0.3372396 0.5832031 0.0119792 0.0210938
0 0.5023437 0.0691406 0.0223958 0.0398437
1 0.6625000 0.3722656 0.0218750 0.0257812
4 0.7145833 0.6824219 0.0281250 0.0195312
4 0.3692708 0.6250000 0.0197917 0.0437500
5 0.3195312 0.2480469 0.0203125 0.0335937
5 0.6408854 0.7214844 0.0276042 0.0273438
4 0.5937500 0.3953125 0.0208333 0.0343750
3 0.4210937 0.5937500 0.0151042 0.0312500
4 0.6468750 0.3292969 0.0239583 0.0210938
1 0.5174479 0.6648437 0.0255208 0.0343750
2 0.3486979 0.2265625 0.0171875 0.0203125
3 0.6088542 0.6460938 0.0250000 0.0312500
2 0.4765625 0.6808594 0.0208333 0.0226562
2 0.5911458 0.7550781 0.0208333 0.0304687
3 0.3216146 0.5996094 0.0140625 0.0226562
2 0.2502604 0.3664062 0.0192708 0.0406250
0 0.4976563 0.4863281 0.0234375 0.0242188
4 0.4348958 0.5042969 0.0125000 0.0257812
10 0.5687500 0.7468750 0.0250000 0.0250000
6 0.4507813 0.6054688 0.0203125 0.0312500
6 0.6093750 0.4605469 0.0187500 0.0398437
11 0.3497396 0.6410156 0.0286458 0.0304687
7 0.5729167 0.6527344 0.0281250 0.0289063
9 0.7135417 0.6402344 0.0187500 0.0398437
9 0.7229167 0.5464844 0.0177083 0.0257812
9 0.2489583 0.6070313 0.0197917 0.0265625
8 0.6833333 0.5437500 0.0260417 0.0406250
7 0.6127604 0.5449219 0.0276042 0.0273438
11 0.6947917 0.3500000 0.0260417 0.0250000
9 0.6627604 0.3472656 0.0276042 0.0273438
9 0.5138021 0.2761719 0.0192708 0.0382813
7 0.4697917 0.8257813 0.0260417 0.0328125
