1 0.4481771 0.8238281 0.0192708 0.0164063
1 0.5104167 0.5746094 0.0218750 0.0226562
5 0.4140625 0.3046875 0.0187500 0.0250000
1 0.5471354 0.1058594 0.0161458 0.0226562
5 0.6723958 0.3773437 0.0156250 0.0171875
3 0.4947917 0.2542969 0.0156250 0.0195312
5 0.5648437 0.2949219 0.0203125 0.0226562
3 0.4226563 0.5953125 0.0130208 0.0312500
5 0.6531250 0.2550781 0.0177083 0.0320312
1 0.4208333 0.6902344 0.0187500 0.0289063
3 0.4273438 0.3765625 0.0234375 0.0187500
5 0.5276042 0.6437500 0.0218750 0.0234375
0 0.6523438 0.3617187 0.0234375 0.0171875
1 0.4679687 0.3531250 0.0119792 0.0187500
1 0.3265625 0.8058594 0.0104167 0.0257812
3 0.4843750 0.3566406 0.0239583 0.0164063
4 0.5833333 0.7464844 0.0218750 0.0164063
0 0.6479167 0.4160156 0.0229167 0.0164063
3 0.3950521 0.1886719 0.0203125 0.0195312
3 0.4846354 0.2304688 0.0151042 0.0187500
3 0.3718750 0.2949219 0.0229167 0.0132812
4 0.3648438 0.2507813 0.0151042 0.0218750
0 0.5377604 0.5468750 0.0119792 0.0218750
1 0.5734375 0.2679687 0.0229167 0.0140625
5 0.5710937 0.8957031 0.0140625 0.0210938
3 0.5992188 0.5687500 0.0234375 0.0187500
2 0.6559896 0.4164062 0.0213542 0.0156250
3 0.5713542 0.4839844 0.0229167 0.0210938
4 0.7190104 0.5621094 0.0203125 0.0226562
5 0.7690104 0.6570312 0.0151042 0.0359375
3 0.4544271 0.6074219 0.0119792 0.0179687
1 0.6432292 0.6394531 0.0218750 0.0164063
1 0.6005208 0.1554687 0.0187500 0.0171875
1 0.4632812 0.5347656 0.0203125 0.0226562
2 0.4945312 0.6746094 0.0151042 0.0351562
3 0.5026042 0.0863281 0.0218750 0.0179687
1 0.3627604 0.0542969 0.0161458 0.0320312
1 0.5854167 0.3523438 0.0125000 0.0281250
5 0.5437500 0.7164063 0.0250000 0.0171875
3 0.4322917 0.4968750 0.0239583 0.0156250
4 0.5364583 0.6675781 0.0125000 0.0320312
4 0.7692708 0.4773438 0.0208333 0.0296875
4 0.7182292 0.3898437 0.0260417 0.0218750
1 0.4619792 0.8406250 0.0239583 0.0187500
0 0.3171875 0.6441406 0.0135417 0.0304687
5 0.5625000 0.3773437 0.0135417 0.0281250
3 0.6958333 0.4039063 0.0187500 0.0203125
4 0.2434896 0.3566406 0.0234375 0.0179687
4 0.7320313 0.4996094 0.0182292 0.0320312
5 0.5453125 0.5675781 0.0135417 0.0210938
0 0.4549479 0.5203125 0.0234375 0.0218750
2 0.6648437 0.6238281 0.0244792 0.0179687
0 0.3403646 0.7273437 0.0151042 0.0312500
2 0.4968750 0.4695313 0.0218750 0.0171875
4 0.4575521 0.3664062 0.0203125 0.0234375
6 0.4984375 0.7613281 0.0208333 0.0210938
8 0.5494792 0.7675781 0.0229167 0.0226562
7 0.6216146 0.3402344 0.0151042 0.0304687
6 0.5611979 0.8023438 0.0234375 0.0328125
7 0.4393229 0.4128906 0.0161458 0.0242188
