3 0.5510417 0.6261719 0.0291667 0.0789062
1 0.5820312 0.4542969 0.0213542 0.0648438
1 0.6257812 0.3472656 0.0286458 0.0351562
3 0.7013021 0.3085938 0.0557292 0.0375000
5 0.5057292 0.4898438 0.0468750 0.0375000
3 0.5085937 0.5789062 0.0536458 0.0359375
5 0.5330729 0.3953125 0.0307292 0.0500000
0 0.2812500 0.3496094 0.0531250 0.0351562
2 0.4187500 0.3207031 0.0416667 0.0695313
3 0.4015625 0.5558594 0.0406250 0.0382813
3 0.4455729 0.6191406 0.0453125 0.0445313
3 0.5302083 0.2550781 0.0510417 0.0429688
4 0.5570312 0.2632813 0.0401042 0.0359375
1 0.4768229 0.7949219 0.0463542 0.0585938
0 0.1815104 0.6269531 0.0432292 0.0382813
0 0.3786458 0.5527344 0.0531250 0.0398437
3 0.5635417 0.6937500 0.0479167 0.0500000
1 0.4026042 0.5457031 0.0489583 0.0429688
6 0.4007812 0.2226562 0.0494792 0.0484375
