0 0.3802083 0.5882812 0.0135417 0.0187500
5 0.4559896 0.2902344 0.0255208 0.0398437
2 0.6330729 0.3375000 0.0151042 0.0406250
1 0.4812500 0.1269531 0.0208333 0.0460938
3 0.6059896 0.7054687 0.0192708 0.0343750
1 0.5898438 0.3410156 0.0276042 0.0242188
2 0.5731771 0.5308594 0.0265625 0.0273438
0 0.4591146 0.7984375 0.0307292 0.0281250
2 0.3651042 0.4054687 0.0270833 0.0187500
5 0.6963542 0.8640625 0.0322917 0.0250000
4 0.5427083 0.3589844 0.0302083 0.0304687
9 0.3213542 0.2898438 0.0187500 0.0281250
8 0.4096354 0.3054688 0.0244792 0.0406250
11 0.4143229 0.5707031 0.0203125 0.0335937
10 0.5979167 0.3519531 0.0281250 0.0414062
8 0.7765625 0.3636719 0.0312500 0.0367188
7 0.5856771 0.2289063 0.0276042 0.0437500
8 0.6109375 0.3976562 0.0291667 0.0281250
7 0.3406250 0.1769531 0.0187500 0.0414062
10 0.7166667 0.2441406 0.0177083 0.0414062
