5 0.3098958 0.1019531 0.0510417 0.1085938
0 0.6963542 0.7023438 0.0333333 0.0671875
4 0.5867187 0.6296875 0.0880208 0.0750000
1 0.6210938 0.6527344 0.0932292 0.0945312
0 0.5406250 0.7558594 0.0541667 0.0632812
2 0.4687500 0.3308594 0.0562500 0.0664062
1 0.7437500 0.5289063 0.0739583 0.1375000
3 0.2377604 0.7203125 0.0984375 0.0671875
4 0.7039062 0.2542969 0.1057292 0.0679687
3 0.3317708 0.2964844 0.1083333 0.0820312
2 0.3143229 0.5609375 0.0463542 0.1125000
1 0.6169271 0.5628906 0.0963542 0.0960938
5 0.6354167 0.2941406 0.0979167 0.1054688
1 0.6796875 0.6292969 0.0916667 0.0867187
5 0.4703125 0.9644531 0.0947917 0.0695313
1 0.6013021 0.3667969 0.0994792 0.0679687
5 0.4515625 0.5910156 0.1010417 0.0789062
1 0.4986979 0.3695312 0.0828125 0.0734375
3 0.8023438 0.7566406 0.0421875 0.0992187
1 0.5812500 0.8027344 0.0885417 0.0679687
5 0.6424479 0.5937500 0.0838542 0.0703125
4 0.4283854 0.6628906 0.0505208 0.1101562
4 0.4343750 0.6382813 0.1052083 0.0921875
1 0.5210938 0.6800781 0.0630208 0.1289062
3 0.6127604 0.4273438 0.0911458 0.0656250
4 0.4294271 0.3570313 0.0953125 0.0765625
3 0.4815104 0.4429688 0.0776042 0.0828125
1 0.5653646 0.0554687 0.0609375 0.1109375
1 0.5994792 0.7214844 0.0906250 0.1226562
5 0.5768229 0.6339844 0.0880208 0.0632812
0 0.6210938 0.4562500 0.0901042 0.0750000
4 0.5882812 0.1593750 0.0453125 0.1437500
3 0.7315104 0.1843750 0.0953125 0.1203125
4 0.6265625 0.4179688 0.0760417 0.0734375
1 0.4963542 0.4398437 0.0458333 0.0906250
5 0.6390625 0.2917969 0.1010417 0.0773438
3 0.4757812 0.2863281 0.0890625 0.1273438
5 0.5419271 0.7296875 0.0963542 0.0640625
2 0.6364583 0.6648437 0.0906250 0.0734375
0 0.8091146 0.3160156 0.0796875 0.1023437
4 0.6919271 0.6843750 0.0869792 0.0859375
2 0.6440104 0.2082031 0.0911458 0.0679687
2 0.6559896 0.2835937 0.0890625 0.0718750
4 0.3361979 0.1648438 0.0869792 0.0656250
1 0.5713542 0.8691406 0.0520833 0.1117188
3 0.5614583 0.8265625 0.0937500 0.0937500
2 0.6656250 0.6152344 0.0479167 0.1445312
3 0.6645833 0.1816406 0.0489583 0.1523438
8 0.7322917 0.1746094 0.0614583 0.1429688
