0 0.5028646 0.2906250 0.0130208 0.0359375
2 0.6598958 0.6050781 0.0250000 0.0242188
4 0.6088542 0.4746094 0.0250000 0.0164063
4 0.5289063 0.2113281 0.0151042 0.0335937
0 0.7018229 0.5898438 0.0244792 0.0265625
4 0.5395833 0.0777344 0.0114583 0.0242188
4 0.5200521 0.4003906 0.0140625 0.0351562
4 0.4898438 0.1335938 0.0130208 0.0328125
2 0.4713542 0.2898438 0.0197917 0.0296875
4 0.6843750 0.4671875 0.0177083 0.0234375
2 0.7200521 0.3531250 0.0192708 0.0187500
0 0.6085938 0.4312500 0.0119792 0.0140625
1 0.5653646 0.6066406 0.0223958 0.0179687
0 0.5411458 0.6628906 0.0156250 0.0289063
5 0.5341146 0.2363281 0.0192708 0.0257812
5 0.3007812 0.3015625 0.0171875 0.0343750
4 0.4388021 0.9304687 0.0151042 0.0296875
5 0.5088542 0.2406250 0.0166667 0.0390625
0 0.3971354 0.7707031 0.0130208 0.0351562
2 0.3776042 0.5363281 0.0197917 0.0351562
5 0.3286458 0.2804687 0.0125000 0.0359375
1 0.6359375 0.9046875 0.0260417 0.0203125
5 0.6968750 0.4074219 0.0250000 0.0179687
5 0.5028646 0.8144531 0.0161458 0.0367188
5 0.3523438 0.5898438 0.0130208 0.0296875
4 0.5013021 0.5253906 0.0140625 0.0242188
0 0.7726563 0.5296875 0.0234375 0.0218750
5 0.6320313 0.8042969 0.0244792 0.0179687
3 0.7989583 0.3894531 0.0218750 0.0210938
4 0.3932292 0.8035156 0.0145833 0.0367188
5 0.2763021 0.7468750 0.0130208 0.0406250
9 0.7434896 0.2246094 0.0161458 0.0382813
10 0.4786458 0.7375000 0.0166667 0.0265625
7 0.3697917 0.5652344 0.0218750 0.0226562
8 0.4570312 0.2187500 0.0171875 0.0296875
10 0.6627604 0.3160156 0.0223958 0.0226562
11 0.5648437 0.9707031 0.0223958 0.0304687
9 0.3083333 0.6445312 0.0166667 0.0375000
6 0.5539063 0.4812500 0.0234375 0.0296875
8 0.2497396 0.5281250 0.0255208 0.0312500
10 0.4882812 0.8570313 0.0161458 0.0343750
9 0.6815104 0.1917969 0.0161458 0.0242188
9 0.6333333 0.2750000 0.0239583 0.0234375
9 0.4450521 0.7546875 0.0223958 0.0265625
10 0.3697917 0.3207031 0.0145833 0.0320312
