3 0.5406250 0.7445312 0.0197917 0.0515625
4 0.5710937 0.8300781 0.0317708 0.0257812
1 0.3067708 0.3937500 0.0281250 0.0312500
1 0.2914062 0.7519531 0.0192708 0.0445313
0 0.6471354 0.2628906 0.0192708 0.0257812
2 0.5843750 0.1214844 0.0208333 0.0523438
3 0.4523437 0.2914062 0.0328125 0.0234375
0 0.2750000 0.6105469 0.0156250 0.0351562
1 0.5835938 0.8839844 0.0296875 0.0382813
5 0.6346354 0.5093750 0.0255208 0.0406250
5 0.7078125 0.5074219 0.0156250 0.0226562
8 0.5994792 0.7863281 0.0208333 0.0367188
11 0.7687500 0.7582031 0.0333333 0.0351562
6 0.3947917 0.3382812 0.0208333 0.0328125
