0 0.7088542 0.3226562 0.0104167 0.0359375
1 0.5388021 0.9003906 0.0140625 0.0367188
3 0.4992187 0.4214844 0.0119792 0.0320312
4 0.6020833 0.8640625 0.0197917 0.0265625
3 0.4763021 0.6289062 0.0203125 0.0296875
2 0.4127604 0.6570312 0.0151042 0.0203125
5 0.3940104 0.6050781 0.0130208 0.0273438
3 0.6296875 0.3261719 0.0250000 0.0195312
4 0.4721354 0.6238281 0.0161458 0.0320312
5 0.4872396 0.1273438 0.0234375 0.0234375
5 0.4010417 0.7394531 0.0218750 0.0257812
3 0.4973958 0.4222656 0.0229167 0.0226562
1 0.5354167 0.3511719 0.0208333 0.0132812
5 0.3880208 0.6328125 0.0218750 0.0250000
0 0.6278646 0.1914062 0.0182292 0.0203125
0 0.4419271 0.5886719 0.0140625 0.0367188
0 0.4763021 0.6910156 0.0223958 0.0179687
3 0.5117188 0.1851562 0.0151042 0.0296875
0 0.5276042 0.7386719 0.0093750 0.0335937
2 0.5562500 0.5105469 0.0218750 0.0164063
3 0.6111979 0.6148438 0.0130208 0.0328125
4 0.5526042 0.3308594 0.0229167 0.0148437
3 0.3067708 0.6117187 0.0250000 0.0203125
5 0.5901042 0.5679688 0.0208333 0.0218750
5 0.3888021 0.5285156 0.0265625 0.0195312
5 0.4221354 0.6750000 0.0119792 0.0171875
4 0.3411458 0.5753906 0.0125000 0.0242188
4 0.2916667 0.5324219 0.0114583 0.0226562
2 0.2695312 0.3613281 0.0130208 0.0367188
1 0.4687500 0.6152344 0.0250000 0.0148437
3 0.6924479 0.2828125 0.0182292 0.0218750
5 0.3992188 0.8214844 0.0234375 0.0273438
1 0.4309896 0.2824219 0.0140625 0.0179687
2 0.3458333 0.6339844 0.0187500 0.0195312
2 0.4421875 0.4460938 0.0156250 0.0218750
3 0.6377604 0.3808594 0.0203125 0.0195312
3 0.7039062 0.3664062 0.0203125 0.0171875
2 0.5229167 0.7625000 0.0125000 0.0218750
4 0.5953125 0.7718750 0.0125000 0.0312500
0 0.6687500 0.5453125 0.0250000 0.0171875
3 0.4557292 0.5550781 0.0145833 0.0257812
1 0.6388021 0.8281250 0.0223958 0.0156250
1 0.5645833 0.3464844 0.0208333 0.0164063
2 0.6122396 0.7812500 0.0192708 0.0296875
1 0.4898438 0.4687500 0.0161458 0.0250000
4 0.4750000 0.9902344 0.0177083 0.0179687
0 0.3351562 0.5011719 0.0182292 0.0242188
0 0.5343750 0.1933594 0.0239583 0.0164063
3 0.5075521 0.4945312 0.0151042 0.0343750
4 0.5234375 0.5281250 0.0197917 0.0156250
2 0.4393229 0.3695312 0.0109375 0.0171875
0 0.3648438 0.5562500 0.0223958 0.0140625
0 0.4601562 0.8312500 0.0203125 0.0187500
4 0.4257812 0.2968750 0.0109375 0.0375000
1 0.6348958 0.7550781 0.0114583 0.0210938
0 0.5559896 0.3597656 0.0192708 0.0195312
0 0.4809896 0.2500000 0.0213542 0.0218750
3 0.5773438 0.2257812 0.0109375 0.0359375
4 0.4520833 0.6968750 0.0177083 0.0312500
4 0.2466146 0.3355469 0.0192708 0.0226562
5 0.5739583 0.2425781 0.0187500 0.0226562
0 0.3820312 0.8535156 0.0213542 0.0195312
0 0.6057292 0.4117188 0.0156250 0.0328125
2 0.6166667 0.4582031 0.0229167 0.0148437
5 0.3554688 0.4855469 0.0182292 0.0195312
1 0.5929688 0.6472656 0.0244792 0.0179687
2 0.3098958 0.6425781 0.0197917 0.0179687
5 0.4718750 0.1777344 0.0177083 0.0226562
0 0.5606771 0.7566406 0.0213542 0.0179687
2 0.6789063 0.4308594 0.0213542 0.0242188
2 0.5171875 0.7644531 0.0166667 0.0304687
6 0.6242188 0.3066406 0.0203125 0.0335937
9 0.3981771 0.3343750 0.0234375 0.0234375
9 0.4059896 0.6593750 0.0213542 0.0234375
7 0.4065104 0.7621094 0.0161458 0.0320312
6 0.5497396 0.6402344 0.0223958 0.0226562
6 0.6080729 0.3738281 0.0234375 0.0226562
7 0.6109375 0.3667969 0.0208333 0.0210938
11 0.5385417 0.7914062 0.0229167 0.0281250
10 0.3703125 0.3667969 0.0229167 0.0226562
11 0.6809896 0.4781250 0.0192708 0.0281250
6 0.7080729 0.5140625 0.0203125 0.0203125
6 0.3619792 0.5019531 0.0218750 0.0226562
11 0.6562500 0.6976562 0.0250000 0.0234375
6 0.6085938 0.5851563 0.0213542 0.0218750
10 0.6104167 0.4121094 0.0145833 0.0335937
7 0.5617188 0.1777344 0.0192708 0.0210938
8 0.4471354 0.4410156 0.0223958 0.0242188
11 0.5502604 0.5113281 0.0182292 0.0210938
9 0.4057292 0.5417969 0.0229167 0.0226562
9 0.6682292 0.4160156 0.0145833 0.0335937
