0 0.6867188 0.2265625 0.0651042 0.0546875
3 0.3953125 0.2804687 0.0760417 0.0531250
4 0.5158854 0.5914063 0.0338542 0.0656250
3 0.3755208 0.8765625 0.0343750 0.1187500
4 0.6205729 0.6718750 0.0484375 0.0546875
4 0.6210938 0.6562500 0.0692708 0.0468750
0 0.6572917 0.8917969 0.0375000 0.1070312
5 0.6619792 0.8332031 0.0385417 0.0570312
4 0.4632812 0.6925781 0.0286458 0.1085938
2 0.3416667 0.5957031 0.0385417 0.1132812
1 0.7031250 0.7042969 0.0791667 0.0554687
5 0.6302083 0.5875000 0.0739583 0.0484375
5 0.6138021 0.4269531 0.0557292 0.0664062
1 0.4848958 0.4378906 0.0645833 0.0445313
4 0.6888021 0.6187500 0.0619792 0.0828125
4 0.2018229 0.3597656 0.0515625 0.0539063
1 0.5596354 0.5300781 0.0734375 0.0601563
4 0.5580729 0.6390625 0.0328125 0.0890625
1 0.4752604 0.5984375 0.0598958 0.0593750
0 0.5229167 0.6539063 0.0781250 0.0546875
2 0.7161458 0.5527344 0.0645833 0.0648438
5 0.4114583 0.2144531 0.0739583 0.0570312
1 0.5028646 0.1898438 0.0609375 0.1062500
2 0.3369792 0.6988281 0.0625000 0.0632812
2 0.3062500 0.6152344 0.0614583 0.1023437
4 0.5169271 0.7332031 0.0640625 0.0492187
2 0.6666667 0.6789063 0.0614583 0.0718750
1 0.3739583 0.6582031 0.0666667 0.0523438
0 0.4578125 0.4019531 0.0750000 0.0507812
5 0.4557292 0.4359375 0.0520833 0.0859375
5 0.6132812 0.7261719 0.0734375 0.0773438
1 0.7223958 0.4566406 0.0843750 0.0601563
1 0.6307292 0.8785156 0.0708333 0.0507812
5 0.6315104 0.0808594 0.0390625 0.1242188
0 0.4817708 0.8632812 0.0718750 0.0843750
0 0.5093750 0.4917969 0.0427083 0.0664062
1 0.2411458 0.3226562 0.0791667 0.0562500
0 0.4002604 0.7058594 0.0338542 0.0882813
1 0.6763021 0.7917969 0.0640625 0.0445313
5 0.5903646 0.2332031 0.0755208 0.0773438
1 0.7807292 0.5480469 0.0750000 0.0617188
2 0.7484375 0.4773438 0.0822917 0.0718750
4 0.4994792 0.7968750 0.0333333 0.1109375
3 0.6843750 0.5316406 0.0697917 0.0523438
0 0.3989583 0.5007812 0.0718750 0.0578125
3 0.6283854 0.5449219 0.0713542 0.0507812
1 0.6554688 0.4023438 0.0692708 0.0515625
4 0.3921875 0.6433594 0.0500000 0.0835937
0 0.4338542 0.8277344 0.0354167 0.1023437
2 0.4716146 0.7082031 0.0473958 0.0929688
2 0.6632813 0.2917969 0.0786458 0.0601563
5 0.5140625 0.2058594 0.0770833 0.0742188
3 0.4044271 0.3515625 0.0661458 0.0687500
5 0.4721354 0.4085937 0.0734375 0.0843750
8 0.6843750 0.1039063 0.0718750 0.0703125
9 0.6369792 0.3996094 0.0479167 0.0757812
8 0.5195312 0.4765625 0.0744792 0.1000000
10 0.4208333 0.5785156 0.0500000 0.1132812
6 0.5945312 0.7125000 0.0786458 0.0906250
6 0.1901042 0.6656250 0.0697917 0.0828125
9 0.5645833 0.5964844 0.0531250 0.1179687
7 0.3250000 0.7250000 0.0697917 0.0843750
9 0.6627604 0.2617188 0.0651042 0.0734375
11 0.6763021 0.3988281 0.0640625 0.0679687
