1 0.5317708 0.8031250 0.0312500 0.0234375
2 0.5325521 0.7929688 0.0296875 0.0296875
0 0.7096354 0.5328125 0.0296875 0.0218750
2 0.6054688 0.5652344 0.0119792 0.0257812
2 0.5255208 0.6328125 0.0281250 0.0234375
3 0.3609375 0.3406250 0.0156250 0.0234375
5 0.4380208 0.6695313 0.0145833 0.0421875
3 0.6052083 0.1953125 0.0270833 0.0281250
4 0.5981771 0.3101563 0.0276042 0.0234375
5 0.3898437 0.2753906 0.0182292 0.0210938
4 0.4539063 0.6617188 0.0161458 0.0265625
5 0.7557292 0.4089844 0.0270833 0.0320312
1 0.6812500 0.6640625 0.0302083 0.0203125
2 0.5828125 0.7894531 0.0177083 0.0273438
4 0.4901042 0.1976563 0.0302083 0.0234375
4 0.4963542 0.6988281 0.0177083 0.0242188
1 0.4059896 0.1054688 0.0192708 0.0437500
3 0.3401042 0.3554688 0.0156250 0.0343750
2 0.4510417 0.2320312 0.0229167 0.0312500
0 0.4479167 0.4242187 0.0177083 0.0421875
1 0.3213542 0.3511719 0.0166667 0.0414062
5 0.3718750 0.4500000 0.0187500 0.0437500
5 0.5244792 0.1617187 0.0333333 0.0187500
1 0.4440104 0.2781250 0.0192708 0.0468750
4 0.5380208 0.5015625 0.0291667 0.0234375
2 0.6981771 0.2140625 0.0348958 0.0250000
0 0.5539063 0.8933594 0.0192708 0.0335937
2 0.5528646 0.4175781 0.0223958 0.0398437
1 0.3835938 0.4839844 0.0296875 0.0242188
3 0.7244792 0.4855469 0.0312500 0.0210938
0 0.3679688 0.7445312 0.0161458 0.0250000
5 0.3494792 0.4925781 0.0260417 0.0226562
2 0.4427083 0.5160156 0.0239583 0.0320312
4 0.3924479 0.4968750 0.0130208 0.0453125
4 0.6609375 0.6023437 0.0145833 0.0390625
2 0.6013021 0.6207031 0.0223958 0.0382813
0 0.4518229 0.1941406 0.0192708 0.0414062
1 0.5783854 0.7042969 0.0244792 0.0320312
4 0.4312500 0.6718750 0.0229167 0.0203125
1 0.3601563 0.6996094 0.0151042 0.0398437
4 0.5187500 0.2953125 0.0239583 0.0375000
2 0.3351562 0.7617188 0.0203125 0.0359375
5 0.5713542 0.5035156 0.0218750 0.0304687
2 0.6450521 0.4902344 0.0244792 0.0414062
4 0.5164062 0.6648437 0.0265625 0.0218750
3 0.5104167 0.7742187 0.0197917 0.0421875
0 0.4471354 0.5996094 0.0161458 0.0242188
2 0.5229167 0.4710937 0.0187500 0.0468750
2 0.4028646 0.3269531 0.0130208 0.0351562
5 0.3075521 0.3964844 0.0255208 0.0195312
5 0.6835938 0.3300781 0.0213542 0.0382813
3 0.5992188 0.4023438 0.0265625 0.0296875
2 0.3606771 0.5664062 0.0255208 0.0250000
2 0.6309896 0.7539062 0.0182292 0.0234375
4 0.4528646 0.5089844 0.0265625 0.0257812
4 0.3539062 0.3925781 0.0161458 0.0476562
4 0.4885417 0.0882813 0.0250000 0.0359375
9 0.3343750 0.3464844 0.0177083 0.0414062
6 0.6132812 0.3761719 0.0203125 0.0367188
8 0.6440104 0.6343750 0.0286458 0.0296875
6 0.5927083 0.1312500 0.0187500 0.0421875
9 0.6148438 0.4746094 0.0203125 0.0429688
10 0.6369792 0.7167969 0.0177083 0.0335937
7 0.5541667 0.2503906 0.0302083 0.0289063
8 0.4546875 0.5101562 0.0187500 0.0281250
8 0.4963542 0.4664063 0.0260417 0.0281250
