3 0.3968750 0.6609375 0.0468750 0.0500000
4 0.5934896 0.2093750 0.0651042 0.0484375
1 0.3171875 0.2089844 0.0468750 0.0507812
1 0.5083333 0.2148438 0.0281250 0.0953125
5 0.6341146 0.2148438 0.0640625 0.0656250
1 0.5729167 0.4601562 0.0729167 0.0531250
2 0.5929688 0.8410156 0.0401042 0.0914062
1 0.5044271 0.0835937 0.0380208 0.0921875
1 0.6088542 0.9156250 0.0656250 0.0531250
5 0.5343750 0.7675781 0.0385417 0.0914062
0 0.6934896 0.4222656 0.0619792 0.0429688
3 0.3630208 0.6667969 0.0531250 0.0445313
1 0.1927083 0.4335938 0.0666667 0.0750000
0 0.3088542 0.5527344 0.0500000 0.0867187
4 0.3614583 0.5179687 0.0687500 0.0484375
0 0.6822917 0.4984375 0.0541667 0.0703125
4 0.6421875 0.4371094 0.0687500 0.0351562
2 0.3518229 0.4203125 0.0463542 0.0937500
1 0.5640625 0.6128906 0.0531250 0.0507812
5 0.2684896 0.4378906 0.0630208 0.0523438
5 0.6427083 0.5312500 0.0312500 0.0968750
5 0.6523438 0.5781250 0.0630208 0.0375000
0 0.4528646 0.5039062 0.0651042 0.0546875
0 0.5822917 0.7625000 0.0531250 0.0796875
3 0.5226563 0.5625000 0.0630208 0.0484375
3 0.4963542 0.7988281 0.0562500 0.0804688
5 0.5994792 0.8535156 0.0333333 0.0867187
4 0.2572917 0.4308594 0.0645833 0.0585938
4 0.6041667 0.2425781 0.0645833 0.0429688
1 0.5268229 0.5117188 0.0588542 0.0593750
2 0.6322917 0.6871094 0.0447917 0.0742188
0 0.4023438 0.6167969 0.0692708 0.0523438
4 0.3625000 0.6839844 0.0572917 0.0476562
1 0.3856771 0.7542969 0.0369792 0.0773438
1 0.3195312 0.2687500 0.0651042 0.0562500
0 0.7067708 0.7339844 0.0687500 0.0523438
3 0.4299479 0.3074219 0.0317708 0.0789062
5 0.3757813 0.7023438 0.0286458 0.0968750
8 0.6697917 0.6367188 0.0625000 0.0609375
10 0.3950521 0.3484375 0.0421875 0.0906250
6 0.6348958 0.7269531 0.0625000 0.0710937
11 0.6687500 0.4460938 0.0541667 0.0671875
9 0.6216146 0.2796875 0.0671875 0.0656250
