3 0.5270833 0.4707031 0.0208333 0.0601563
5 0.7151042 0.8828125 0.0364583 0.0250000
0 0.4695313 0.4148438 0.0244792 0.0531250
4 0.6859375 0.4656250 0.0364583 0.0343750
4 0.6643229 0.3921875 0.0192708 0.0562500
4 0.3997396 0.2031250 0.0192708 0.0468750
5 0.4122396 0.6382813 0.0255208 0.0546875
3 0.5609375 0.1660156 0.0343750 0.0351562
5 0.4846354 0.6289062 0.0359375 0.0328125
5 0.6484375 0.7542969 0.0354167 0.0289063
4 0.5591146 0.9136719 0.0182292 0.0273438
5 0.2283854 0.5750000 0.0296875 0.0312500
1 0.7484375 0.3125000 0.0395833 0.0343750
4 0.5510417 0.5968750 0.0197917 0.0281250
5 0.4164062 0.7617188 0.0234375 0.0468750
4 0.3635417 0.3207031 0.0354167 0.0320312
1 0.4205729 0.8046875 0.0296875 0.0312500
3 0.6520833 0.1691406 0.0166667 0.0539063
0 0.5398437 0.1601562 0.0296875 0.0500000
0 0.7080729 0.3140625 0.0182292 0.0453125
1 0.5252604 0.5812500 0.0380208 0.0281250
4 0.3846354 0.6179687 0.0213542 0.0390625
2 0.5570312 0.2050781 0.0276042 0.0398437
1 0.5179687 0.6980469 0.0317708 0.0320312
5 0.5955729 0.4574219 0.0401042 0.0304687
0 0.6552083 0.4804688 0.0343750 0.0312500
2 0.4049479 0.8078125 0.0265625 0.0421875
5 0.3322917 0.7351562 0.0187500 0.0500000
2 0.5117188 0.6265625 0.0328125 0.0312500
3 0.5411458 0.6417969 0.0250000 0.0414062
4 0.4770833 0.1457031 0.0250000 0.0289063
5 0.5151042 0.6972656 0.0239583 0.0585938
3 0.6507812 0.8816406 0.0171875 0.0507812
3 0.4463542 0.6480469 0.0177083 0.0585938
5 0.5960937 0.1890625 0.0203125 0.0500000
5 0.5059896 0.6085938 0.0213542 0.0484375
0 0.3283854 0.3292969 0.0369792 0.0320312
4 0.6598958 0.6558594 0.0364583 0.0242188
1 0.7018229 0.2351563 0.0276042 0.0281250
5 0.4039063 0.8312500 0.0223958 0.0484375
3 0.6963542 0.3738281 0.0364583 0.0226562
1 0.2981771 0.4617188 0.0182292 0.0250000
5 0.6822917 0.3457031 0.0385417 0.0289063
4 0.5747396 0.5347656 0.0411458 0.0273438
0 0.6434896 0.2550781 0.0380208 0.0304687
4 0.3627604 0.5839844 0.0234375 0.0367188
0 0.4880208 0.6960937 0.0343750 0.0328125
8 0.3242188 0.2496094 0.0244792 0.0507812
8 0.5635417 0.7726563 0.0354167 0.0359375
11 0.5658854 0.4769531 0.0286458 0.0460938
