3 0.7002604 0.4785156 0.0578125 0.0585938
0 0.3205729 0.6246094 0.0557292 0.0679687
1 0.7296875 0.4222656 0.0489583 0.0617188
2 0.5895833 0.6609375 0.0645833 0.0562500
0 0.5872396 0.6277344 0.0286458 0.0679687
4 0.6463542 0.5750000 0.0395833 0.0812500
3 0.6776042 0.4968750 0.0677083 0.0406250
2 0.4489583 0.3367188 0.0260417 0.0468750
4 0.7210937 0.4113281 0.0463542 0.0882813
2 0.2906250 0.6199219 0.0645833 0.0476562
5 0.4619792 0.3144531 0.0260417 0.0757812
3 0.3247396 0.6851563 0.0588542 0.0578125
4 0.5218750 0.7488281 0.0510417 0.0929688
5 0.7518229 0.8375000 0.0630208 0.0421875
3 0.6403646 0.4406250 0.0411458 0.0453125
1 0.4242187 0.7140625 0.0515625 0.0656250
1 0.3343750 0.6453125 0.0343750 0.1015625
5 0.4216146 0.0503906 0.0328125 0.0914062
1 0.2947917 0.5218750 0.0677083 0.0390625
4 0.6130208 0.4289062 0.0406250 0.0609375
1 0.3596354 0.2109375 0.0619792 0.0531250
3 0.8153646 0.4000000 0.0526042 0.0406250
0 0.4161458 0.4238281 0.0645833 0.0445313
1 0.6299479 0.5984375 0.0578125 0.0421875
3 0.4492188 0.6710938 0.0328125 0.1015625
2 0.5705729 0.3886719 0.0380208 0.0867187
1 0.3481771 0.7992187 0.0473958 0.0703125
3 0.3320312 0.5082031 0.0703125 0.0476562
3 0.5559896 0.6324219 0.0432292 0.0945312
5 0.5630208 0.4792969 0.0625000 0.0585938
0 0.2723958 0.6414062 0.0416667 0.0828125
1 0.5955729 0.0757812 0.0609375 0.0609375
4 0.5427083 0.3152344 0.0364583 0.0445313
6 0.4213542 0.3359375 0.0458333 0.0656250
7 0.5010417 0.0980469 0.0510417 0.0820312
7 0.4002604 0.4445312 0.0536458 0.0812500
6 0.7476563 0.4492188 0.0619792 0.0609375
6 0.7085938 0.2136719 0.0630208 0.0664062
6 0.3541667 0.3378906 0.0541667 0.0804688
9 0.3966146 0.8121094 0.0401042 0.0679687
6 0.6677083 0.5910156 0.0593750 0.0570312
7 0.6583333 0.4000000 0.0416667 0.0890625
6 0.5341146 0.6484375 0.0505208 0.0562500
7 0.3677083 0.6066406 0.0375000 0.0851563
7 0.6244792 0.1742188 0.0395833 0.0921875
11 0.5783854 0.1066406 0.0526042 0.0664062
11 0.2726562 0.5214844 0.0380208 0.0820312
7 0.6044271 0.3835938 0.0557292 0.0671875
11 0.4682292 0.2179687 0.0395833 0.0781250
