2 0.4002604 0.5796875 0.0328125 0.0531250
0 0.6671875 0.4316406 0.0510417 0.0492187
2 0.6578125 0.3984375 0.0593750 0.0328125
4 0.3721354 0.2109375 0.0380208 0.0671875
0 0.5513021 0.2273438 0.0338542 0.0484375
4 0.5736979 0.4480469 0.0255208 0.0492187
5 0.2210938 0.5574219 0.0421875 0.0726563
0 0.4914062 0.4882812 0.0296875 0.0750000
5 0.2804687 0.5136719 0.0526042 0.0367188
5 0.7156250 0.3765625 0.0489583 0.0531250
2 0.5859375 0.2675781 0.0500000 0.0367188
2 0.3242188 0.6269531 0.0526042 0.0632812
5 0.6677083 0.2843750 0.0385417 0.0484375
1 0.5820312 0.7406250 0.0567708 0.0453125
3 0.7192708 0.1300781 0.0312500 0.0585938
1 0.6828125 0.3371094 0.0593750 0.0398437
2 0.5382813 0.8753906 0.0526042 0.0460938
2 0.5049479 0.0589844 0.0359375 0.0773438
3 0.5111979 0.4316406 0.0255208 0.0835937
1 0.5106771 0.5566406 0.0296875 0.0507812
2 0.5531250 0.2699219 0.0552083 0.0601563
2 0.4098958 0.2117188 0.0312500 0.0812500
5 0.6703125 0.4832031 0.0427083 0.0789062
1 0.4994792 0.5183594 0.0385417 0.0382813
1 0.6210938 0.3761719 0.0307292 0.0882813
2 0.5994792 0.3828125 0.0239583 0.0437500
4 0.4739583 0.0917969 0.0270833 0.0664062
3 0.3354167 0.5898438 0.0302083 0.0671875
5 0.5255208 0.2203125 0.0593750 0.0437500
3 0.3210938 0.4019531 0.0588542 0.0460938
10 0.6942708 0.8019531 0.0520833 0.0507812
8 0.4437500 0.4562500 0.0333333 0.0765625
6 0.5018229 0.8464844 0.0494792 0.0679687
11 0.7348958 0.5417969 0.0531250 0.0507812
6 0.6304688 0.1843750 0.0369792 0.0750000
6 0.5763021 0.4375000 0.0515625 0.0578125
11 0.4554687 0.1394531 0.0473958 0.0804688
10 0.3460937 0.4863281 0.0505208 0.0617188
10 0.5476562 0.4945312 0.0484375 0.0500000
9 0.4028646 0.3437500 0.0557292 0.0531250
6 0.5888021 0.5230469 0.0442708 0.0695313
10 0.4861979 0.5296875 0.0536458 0.0734375
6 0.6007813 0.7136719 0.0442708 0.0710937
10 0.5770833 0.3378906 0.0510417 0.0523438
8 0.5885417 0.6417969 0.0364583 0.0835937
9 0.6617188 0.3921875 0.0526042 0.0515625
6 0.4971354 0.2187500 0.0338542 0.0765625
10 0.7359375 0.5722656 0.0531250 0.0539063
8 0.4872396 0.3484375 0.0348958 0.0765625
9 0.5880208 0.2089844 0.0520833 0.0523438
