2 0.6039062 0.7835937 0.0713542 0.0562500
3 0.5049479 0.6035156 0.0359375 0.0351562
3 0.4773438 0.4347656 0.0682292 0.0679687
4 0.6695313 0.4410156 0.0546875 0.0585938
1 0.5468750 0.3328125 0.0364583 0.0750000
5 0.5075521 0.6937500 0.0453125 0.0921875
4 0.6968750 0.4652344 0.0604167 0.0445313
3 0.3739583 0.4687500 0.0500000 0.0906250
5 0.5054688 0.7925781 0.0619792 0.0679687
5 0.4466146 0.1921875 0.0473958 0.0531250
5 0.4611979 0.2000000 0.0578125 0.0562500
4 0.6731771 0.7410156 0.0598958 0.0617188
0 0.3611979 0.2175781 0.0463542 0.0460938
7 0.2065104 0.3902344 0.0661458 0.0632812
7 0.2471354 0.2414062 0.0526042 0.0937500
6 0.5705729 0.2750000 0.0619792 0.0625000
10 0.5244792 0.4531250 0.0572917 0.0921875
6 0.3205729 0.5613281 0.0578125 0.0570312
11 0.3736979 0.3187500 0.0546875 0.0828125
10 0.6289062 0.3417969 0.0505208 0.0851563
10 0.6169271 0.5976562 0.0619792 0.0906250
7 0.4804688 0.4546875 0.0578125 0.0562500
7 0.4117188 0.4703125 0.0619792 0.0609375
11 0.6479167 0.1675781 0.0625000 0.0710937
9 0.5419271 0.2652344 0.0546875 0.0679687
9 0.7018229 0.4636719 0.0588542 0.0773438
