0 0.3328125 0.6921875 0.0364583 0.0265625
4 0.4614583 0.1699219 0.0229167 0.0257812
4 0.4596354 0.8753906 0.0244792 0.0539063
1 0.6229167 0.6332031 0.0260417 0.0476562
4 0.5281250 0.8058594 0.0322917 0.0414062
0 0.6291667 0.4269531 0.0385417 0.0289063
1 0.4221354 0.5789062 0.0296875 0.0437500
3 0.6080729 0.6304688 0.0359375 0.0250000
2 0.3296875 0.5910156 0.0166667 0.0429688
4 0.4515625 0.7535156 0.0218750 0.0242188
3 0.5325521 0.1558594 0.0369792 0.0382813
1 0.5046875 0.4558594 0.0187500 0.0320312
1 0.5953125 0.1777344 0.0302083 0.0304687
5 0.6523438 0.5738281 0.0234375 0.0335937
1 0.5315104 0.2535156 0.0161458 0.0523438
2 0.5460938 0.5457031 0.0286458 0.0304687
5 0.6000000 0.2722656 0.0375000 0.0273438
0 0.4927083 0.8460937 0.0312500 0.0406250
2 0.6328125 0.3886719 0.0270833 0.0460938
5 0.7044271 0.3863281 0.0359375 0.0273438
5 0.3216146 0.5046875 0.0317708 0.0406250
1 0.6049479 0.8710938 0.0286458 0.0296875
1 0.4736979 0.6082031 0.0203125 0.0273438
5 0.4505208 0.6039062 0.0250000 0.0375000
2 0.3640625 0.8773437 0.0239583 0.0593750
5 0.5859375 0.3652344 0.0354167 0.0414062
5 0.3213542 0.0871094 0.0281250 0.0257812
5 0.6216146 0.4941406 0.0203125 0.0382813
1 0.4783854 0.4707031 0.0140625 0.0320312
2 0.6916667 0.4738281 0.0218750 0.0335937
5 0.6007813 0.7785156 0.0317708 0.0257812
0 0.5197917 0.7382812 0.0364583 0.0281250
2 0.3044271 0.2519531 0.0265625 0.0429688
4 0.6052083 0.3128906 0.0156250 0.0539063
4 0.5692708 0.8476562 0.0197917 0.0578125
5 0.6945313 0.4003906 0.0213542 0.0367188
2 0.5492187 0.2812500 0.0359375 0.0265625
0 0.5661458 0.2085937 0.0177083 0.0531250
2 0.5638021 0.6250000 0.0234375 0.0296875
0 0.7117187 0.6906250 0.0380208 0.0343750
4 0.5317708 0.3691406 0.0239583 0.0304687
1 0.4072917 0.8746094 0.0354167 0.0273438
4 0.6013021 0.3445313 0.0359375 0.0265625
4 0.3596354 0.2964844 0.0328125 0.0273438
5 0.5166667 0.2363281 0.0156250 0.0570312
1 0.6312500 0.5125000 0.0302083 0.0234375
3 0.5208333 0.8792969 0.0250000 0.0304687
5 0.3645833 0.9062500 0.0166667 0.0546875
2 0.5500000 0.8273438 0.0395833 0.0265625
0 0.3815104 0.5171875 0.0244792 0.0359375
0 0.4213542 0.6500000 0.0354167 0.0234375
4 0.5182292 0.3523438 0.0260417 0.0468750
1 0.6841146 0.4109375 0.0348958 0.0281250
5 0.4838542 0.5296875 0.0229167 0.0453125
2 0.5635417 0.1136719 0.0270833 0.0507812
5 0.4460938 0.7792969 0.0255208 0.0492187
5 0.4247396 0.3218750 0.0338542 0.0359375
5 0.2846354 0.6214844 0.0380208 0.0273438
3 0.4614583 0.7089844 0.0197917 0.0320312
1 0.5122396 0.2835937 0.0296875 0.0265625
2 0.4963542 0.2914062 0.0239583 0.0343750
4 0.6216146 0.6656250 0.0286458 0.0484375
9 0.4757812 0.4523437 0.0307292 0.0312500
6 0.4812500 0.6199219 0.0322917 0.0398437
6 0.5054688 0.8292969 0.0276042 0.0476562
10 0.5164062 0.6347656 0.0286458 0.0367188
7 0.4026042 0.1625000 0.0343750 0.0484375
8 0.2799479 0.7101563 0.0348958 0.0375000
6 0.4033854 0.7906250 0.0234375 0.0531250
8 0.6348958 0.5984375 0.0375000 0.0359375
