0 0.4539063 0.5917969 0.0171875 0.0304687
2 0.5731771 0.3601563 0.0338542 0.0265625
5 0.2804687 0.6953125 0.0328125 0.0218750
5 0.3960938 0.5339844 0.0380208 0.0320312
0 0.4388021 0.5414062 0.0223958 0.0390625
4 0.2302083 0.4218750 0.0260417 0.0265625
4 0.2375000 0.4839844 0.0302083 0.0351562
5 0.7408854 0.4003906 0.0328125 0.0351562
5 0.4765625 0.3250000 0.0197917 0.0500000
4 0.6755208 0.6351562 0.0135417 0.0515625
5 0.8036458 0.4585938 0.0312500 0.0421875
3 0.5903646 0.7246094 0.0234375 0.0273438
4 0.5861979 0.7417969 0.0234375 0.0382813
5 0.4127604 0.3644531 0.0380208 0.0257812
2 0.4242187 0.2457031 0.0244792 0.0367188
3 0.4841146 0.5343750 0.0171875 0.0406250
11 0.6361979 0.4371094 0.0223958 0.0335937
10 0.2950521 0.7015625 0.0348958 0.0343750
8 0.4703125 0.2910156 0.0239583 0.0539063
