4 0.3411458 0.1835938 0.0593750 0.1390625
2 0.3255208 0.0570312 0.0666667 0.1140625
5 0.4786458 0.2417969 0.0864583 0.1023437
4 0.4023438 0.0636719 0.0546875 0.0789062
2 0.7385417 0.2070312 0.0500000 0.1546875
1 0.4143229 0.6226563 0.0484375 0.1343750
5 0.4138021 0.2738281 0.0619792 0.1539062
5 0.5132813 0.1609375 0.0380208 0.1421875
5 0.5026042 0.2066406 0.0593750 0.1210938
3 0.7000000 0.8062500 0.1041667 0.0812500
4 0.4927083 0.2250000 0.0979167 0.0828125
1 0.5718750 0.4007812 0.0770833 0.0750000
1 0.4927083 0.5542969 0.0802083 0.1007813
5 0.4203125 0.4488281 0.0802083 0.0929688
1 0.7557292 0.2800781 0.1072917 0.0585938
0 0.3708333 0.7253906 0.0489583 0.0851563
5 0.3015625 0.5347656 0.0864583 0.1039063
1 0.7221354 0.6453125 0.0598958 0.1312500
0 0.1583333 0.4789062 0.0937500 0.0843750
1 0.5385417 0.0781250 0.0687500 0.1562500
0 0.6401042 0.4539063 0.0927083 0.0843750
3 0.6809896 0.1730469 0.0640625 0.1460937
5 0.5377604 0.4796875 0.0953125 0.0781250
5 0.7101563 0.6761719 0.1078125 0.0695313
4 0.5476562 0.2621094 0.1026042 0.0648438
0 0.5890625 0.8398438 0.0937500 0.0937500
4 0.4778646 0.2640625 0.0526042 0.0781250
3 0.4492188 0.3054688 0.0692708 0.1406250
4 0.3023438 0.3957031 0.0536458 0.1523438
1 0.7429687 0.6597656 0.0567708 0.1445312
0 0.7848958 0.4691406 0.0604167 0.0867187
0 0.5880208 0.1984375 0.0958333 0.0625000
5 0.3895833 0.4015625 0.0968750 0.0562500
3 0.6531250 0.5007812 0.1062500 0.0812500
3 0.5744792 0.2843750 0.0979167 0.0656250
1 0.7023438 0.4007812 0.0973958 0.0625000
3 0.3192708 0.3964844 0.0614583 0.0757812
3 0.5651042 0.5800781 0.0958333 0.0695313
4 0.5872396 0.7367187 0.1078125 0.0734375
1 0.6375000 0.6457031 0.1020833 0.0742188
4 0.5304688 0.6710938 0.0942708 0.0718750
2 0.8351563 0.7285156 0.0953125 0.1101562
5 0.3604167 0.2339844 0.1072917 0.0835937
2 0.6283854 0.6011719 0.1078125 0.0726563
3 0.5578125 0.2937500 0.1010417 0.0656250
4 0.5382813 0.6562500 0.0838542 0.0906250
3 0.3278646 0.6636719 0.0536458 0.1492188
2 0.6677083 0.5917969 0.0458333 0.1664063
3 0.7148438 0.5691406 0.1015625 0.1101562
3 0.5750000 0.6507812 0.0708333 0.0937500
2 0.6398438 0.6703125 0.0526042 0.0750000
3 0.5203125 0.3535156 0.0989583 0.0773438
4 0.6570312 0.5511719 0.0911458 0.0664062
5 0.4015625 0.3953125 0.0718750 0.1281250
5 0.5390625 0.3121094 0.0864583 0.0976562
4 0.3385417 0.7101563 0.1072917 0.0812500
3 0.6085938 0.2144531 0.0869792 0.1273438
4 0.7031250 0.4070313 0.0864583 0.1343750
0 0.5440104 0.3687500 0.1088542 0.0984375
2 0.6070313 0.7320313 0.0953125 0.0750000
5 0.2622396 0.3503906 0.0526042 0.0851563
2 0.6833333 0.6175781 0.0947917 0.0757812
4 0.4093750 0.3117187 0.0385417 0.0703125
3 0.3723958 0.7015625 0.0947917 0.0937500
2 0.5645833 0.6257812 0.0718750 0.1046875
4 0.6057292 0.6363281 0.0437500 0.0679687
5 0.6674479 0.2808594 0.0963542 0.0679687
1 0.5947917 0.2843750 0.0968750 0.0828125
0 0.6044271 0.5097656 0.0890625 0.1085938
0 0.6825521 0.3636719 0.1067708 0.0601563
3 0.4734375 0.8246094 0.0677083 0.1320312
2 0.7351562 0.2269531 0.0994792 0.0601563
5 0.4309896 0.7136719 0.0546875 0.1367188
3 0.1617187 0.3593750 0.0755208 0.1343750
9 0.5815104 0.9328125 0.0630208 0.1328125
9 0.6635417 0.6613281 0.1083333 0.1101562
8 0.3236979 0.3125000 0.1078125 0.1390625
8 0.5898438 0.7382812 0.0984375 0.1093750
11 0.6166667 0.7375000 0.0864583 0.0875000
9 0.4588542 0.0699219 0.0677083 0.1398437
11 0.8372396 0.7503906 0.0942708 0.1070312
8 0.7789063 0.6984375 0.1036458 0.0968750
10 0.6390625 0.6816406 0.0906250 0.0898438
9 0.7455729 0.4625000 0.1046875 0.1515625
10 0.3716146 0.6855469 0.1036458 0.1007813
9 0.3924479 0.3027344 0.0880208 0.0992187
9 0.3937500 0.4472656 0.0843750 0.0851563
9 0.5309896 0.3828125 0.0692708 0.1250000
7 0.3291667 0.8117188 0.0812500 0.1359375
10 0.5023437 0.7480469 0.0598958 0.0929688
6 0.4875000 0.6824219 0.0697917 0.0976562
