5 0.7434896 0.3734375 0.0453125 0.0375000
0 0.6312500 0.4535156 0.0312500 0.0460938
4 0.3942708 0.3273437 0.0302083 0.0328125
0 0.3497396 0.7140625 0.0265625 0.0546875
0 0.3562500 0.8464844 0.0427083 0.0335937
1 0.2588542 0.6242188 0.0197917 0.0296875
2 0.7528646 0.4617188 0.0411458 0.0296875
1 0.4664063 0.4199219 0.0328125 0.0398437
3 0.6760417 0.7113281 0.0406250 0.0460938
5 0.5278646 0.4582031 0.0307292 0.0398437
4 0.2604167 0.4789062 0.0354167 0.0562500
5 0.4861979 0.4828125 0.0244792 0.0468750
2 0.6109375 0.6066406 0.0416667 0.0351562
2 0.4010417 0.4484375 0.0437500 0.0359375
5 0.6708333 0.5039062 0.0187500 0.0437500
0 0.3062500 0.0636719 0.0416667 0.0304687
2 0.6903646 0.8597656 0.0369792 0.0242188
2 0.5570312 0.2671875 0.0401042 0.0281250
3 0.2744792 0.4230469 0.0187500 0.0351562
4 0.6205729 0.5257812 0.0359375 0.0218750
1 0.5625000 0.5800781 0.0395833 0.0460938
2 0.5859375 0.6875000 0.0250000 0.0406250
4 0.5440104 0.4972656 0.0286458 0.0304687
3 0.7726563 0.4082031 0.0317708 0.0351562
4 0.7585937 0.1593750 0.0182292 0.0609375
1 0.4460938 0.4558594 0.0411458 0.0257812
3 0.6177083 0.8996094 0.0416667 0.0335937
5 0.4184896 0.4839844 0.0223958 0.0382813
3 0.4799479 0.5027344 0.0276042 0.0289063
2 0.4158854 0.5394531 0.0192708 0.0554687
3 0.5572917 0.7351562 0.0239583 0.0593750
4 0.2971354 0.1824219 0.0223958 0.0476562
2 0.6184896 0.5164062 0.0463542 0.0359375
5 0.5541667 0.2597656 0.0354167 0.0382813
4 0.5192708 0.2035156 0.0187500 0.0539063
3 0.6197917 0.7371094 0.0229167 0.0414062
3 0.7643229 0.4015625 0.0463542 0.0312500
4 0.2799479 0.3250000 0.0401042 0.0359375
3 0.6497396 0.5441406 0.0317708 0.0382813
0 0.4385417 0.7437500 0.0250000 0.0468750
5 0.6429687 0.5906250 0.0234375 0.0593750
1 0.5200521 0.4828125 0.0401042 0.0312500
4 0.3729167 0.4914062 0.0322917 0.0609375
1 0.6768229 0.4023438 0.0213542 0.0562500
3 0.5848958 0.5242187 0.0208333 0.0640625
1 0.3736979 0.5324219 0.0161458 0.0289063
0 0.4750000 0.5179687 0.0343750 0.0234375
3 0.6497396 0.4406250 0.0265625 0.0250000
4 0.6218750 0.7460938 0.0322917 0.0390625
1 0.4523437 0.7800781 0.0328125 0.0304687
1 0.2734375 0.7714844 0.0197917 0.0632812
5 0.4742188 0.6753906 0.0307292 0.0382813
0 0.5216146 0.6515625 0.0203125 0.0421875
1 0.6174479 0.3824219 0.0411458 0.0273438
5 0.5197917 0.7242188 0.0291667 0.0343750
5 0.4104167 0.3089844 0.0385417 0.0320312
10 0.5463542 0.5960937 0.0239583 0.0359375
9 0.6135417 0.2843750 0.0354167 0.0390625
10 0.6281250 0.6730469 0.0229167 0.0492187
8 0.6929688 0.2789063 0.0265625 0.0640625
7 0.7557292 0.5726562 0.0260417 0.0484375
11 0.5661458 0.6144531 0.0375000 0.0585938
10 0.5458333 0.4042969 0.0239583 0.0554687
9 0.5869792 0.4429688 0.0343750 0.0562500
6 0.4911458 0.6253906 0.0322917 0.0367188
9 0.3463542 0.7785156 0.0333333 0.0492187
8 0.5718750 0.5523438 0.0270833 0.0609375
9 0.4703125 0.6289062 0.0281250 0.0359375
10 0.5278646 0.7285156 0.0328125 0.0414062
7 0.6187500 0.7917969 0.0375000 0.0382813
11 0.6033854 0.6195312 0.0286458 0.0671875
9 0.7333333 0.5675781 0.0416667 0.0398437
6 0.2307292 0.5683594 0.0354167 0.0570312
