4 0.4932292 0.4507813 0.0145833 0.0312500
3 0.5546875 0.6636719 0.0354167 0.0242188
3 0.6593750 0.7281250 0.0343750 0.0390625
3 0.7161458 0.3527344 0.0364583 0.0351562
1 0.5093750 0.3125000 0.0166667 0.0484375
4 0.6031250 0.8066406 0.0291667 0.0460938
4 0.4468750 0.5785156 0.0156250 0.0273438
4 0.5513021 0.4050781 0.0223958 0.0289063
5 0.4929688 0.4292969 0.0223958 0.0523438
4 0.5630208 0.8445312 0.0218750 0.0296875
0 0.5815104 0.6199219 0.0380208 0.0304687
5 0.6432292 0.3640625 0.0375000 0.0203125
3 0.5924479 0.5058594 0.0380208 0.0273438
5 0.7122396 0.4562500 0.0380208 0.0296875
0 0.4760417 0.3261719 0.0312500 0.0304687
3 0.3554688 0.6500000 0.0359375 0.0281250
3 0.7239583 0.4519531 0.0218750 0.0335937
4 0.5947917 0.4957031 0.0177083 0.0320312
3 0.6463542 0.4019531 0.0343750 0.0289063
1 0.5877604 0.6035156 0.0151042 0.0320312
3 0.5403646 0.7070312 0.0244792 0.0468750
0 0.6242188 0.2378906 0.0390625 0.0242188
3 0.5486979 0.6816406 0.0380208 0.0304687
3 0.8317708 0.6828125 0.0302083 0.0250000
4 0.5677083 0.7230469 0.0218750 0.0320312
4 0.5088542 0.5609375 0.0156250 0.0328125
4 0.7239583 0.5531250 0.0312500 0.0359375
5 0.3609375 0.6382813 0.0395833 0.0234375
1 0.6351562 0.1648438 0.0255208 0.0437500
1 0.5153646 0.4710937 0.0401042 0.0250000
1 0.6466146 0.2003906 0.0338542 0.0351562
0 0.3341146 0.4699219 0.0244792 0.0476562
2 0.3268229 0.3136719 0.0317708 0.0460938
0 0.5763021 0.4460938 0.0171875 0.0281250
2 0.6713542 0.7777344 0.0375000 0.0320312
5 0.5791667 0.3785156 0.0187500 0.0523438
2 0.6184896 0.6523438 0.0234375 0.0328125
3 0.5682292 0.6804687 0.0270833 0.0562500
1 0.4575521 0.5089844 0.0223958 0.0351562
0 0.7028646 0.5378906 0.0328125 0.0351562
2 0.5026042 0.7148438 0.0197917 0.0406250
5 0.7276042 0.7062500 0.0385417 0.0218750
0 0.6726562 0.1050781 0.0171875 0.0570312
1 0.3424479 0.4503906 0.0307292 0.0414062
1 0.5794271 0.5855469 0.0328125 0.0382813
2 0.5169271 0.2679687 0.0348958 0.0234375
3 0.6825521 0.7679687 0.0369792 0.0265625
11 0.7036458 0.7246094 0.0375000 0.0398437
7 0.6744792 0.4222656 0.0385417 0.0367188
