4 0.5281250 0.7652344 0.0239583 0.0304687
2 0.5210938 0.3292969 0.0223958 0.0617188
3 0.5789062 0.5691406 0.0359375 0.0273438
0 0.6005208 0.8472656 0.0395833 0.0304687
4 0.5325521 0.4707031 0.0213542 0.0335937
5 0.6989583 0.3792969 0.0322917 0.0289063
0 0.6796875 0.4273438 0.0187500 0.0375000
2 0.6549479 0.4359375 0.0213542 0.0281250
0 0.3250000 0.7335938 0.0375000 0.0234375
5 0.4968750 0.5843750 0.0187500 0.0437500
1 0.4036458 0.7687500 0.0291667 0.0343750
4 0.7486979 0.7003906 0.0432292 0.0289063
3 0.6171875 0.4539063 0.0302083 0.0343750
3 0.3151042 0.3550781 0.0177083 0.0585938
5 0.4364583 0.7855469 0.0218750 0.0289063
1 0.7432292 0.6019531 0.0291667 0.0304687
5 0.6257812 0.3742187 0.0276042 0.0312500
4 0.4382813 0.6648437 0.0286458 0.0375000
4 0.5875000 0.4210937 0.0302083 0.0609375
3 0.6841146 0.6132812 0.0182292 0.0281250
1 0.4981771 0.4058594 0.0296875 0.0414062
2 0.5257812 0.8972656 0.0286458 0.0507812
3 0.2611979 0.2566406 0.0265625 0.0304687
5 0.4763021 0.3289063 0.0203125 0.0625000
5 0.7278646 0.5265625 0.0411458 0.0406250
1 0.6484375 0.4941406 0.0260417 0.0539063
1 0.7002604 0.4710937 0.0182292 0.0343750
0 0.3497396 0.5253906 0.0380208 0.0273438
4 0.4572917 0.7617188 0.0260417 0.0578125
4 0.5768229 0.3660156 0.0380208 0.0320312
2 0.4257812 0.6214844 0.0234375 0.0414062
3 0.6460938 0.3613281 0.0369792 0.0273438
1 0.6424479 0.2718750 0.0421875 0.0296875
3 0.7567708 0.4375000 0.0416667 0.0328125
3 0.3950521 0.6437500 0.0369792 0.0281250
0 0.3666667 0.6890625 0.0208333 0.0593750
2 0.6533854 0.3417969 0.0223958 0.0601563
0 0.3648438 0.4816406 0.0234375 0.0273438
1 0.3523438 0.7476563 0.0380208 0.0328125
2 0.3127604 0.1609375 0.0421875 0.0296875
4 0.6484375 0.6917969 0.0239583 0.0351562
2 0.6281250 0.4878906 0.0239583 0.0351562
5 0.3687500 0.5585938 0.0208333 0.0468750
5 0.5096354 0.3652344 0.0380208 0.0289063
4 0.2661458 0.6625000 0.0270833 0.0546875
3 0.3947917 0.3417969 0.0333333 0.0507812
0 0.3653646 0.2750000 0.0369792 0.0328125
5 0.6023437 0.3613281 0.0244792 0.0289063
5 0.3658854 0.5570312 0.0307292 0.0375000
1 0.6039062 0.8578125 0.0192708 0.0578125
1 0.6239583 0.4753906 0.0427083 0.0304687
3 0.6841146 0.7343750 0.0338542 0.0359375
4 0.6989583 0.3257813 0.0375000 0.0359375
1 0.6026042 0.4542969 0.0260417 0.0554687
1 0.3419271 0.4710937 0.0380208 0.0312500
2 0.5101562 0.5320312 0.0338542 0.0265625
3 0.7052083 0.4640625 0.0270833 0.0390625
2 0.6684896 0.8269531 0.0192708 0.0585938
0 0.5843750 0.6511719 0.0208333 0.0601563
3 0.5440104 0.3894531 0.0255208 0.0523438
3 0.5255208 0.5753906 0.0416667 0.0289063
2 0.2166667 0.2882812 0.0385417 0.0375000
2 0.5065104 0.6390625 0.0307292 0.0453125
8 0.4734375 0.6500000 0.0281250 0.0546875
10 0.3593750 0.3226562 0.0364583 0.0359375
8 0.6325521 0.5933594 0.0411458 0.0539063
9 0.6065104 0.5878906 0.0390625 0.0554687
7 0.7416667 0.7691406 0.0375000 0.0492187
6 0.3989583 0.2601562 0.0437500 0.0515625
11 0.6273437 0.5140625 0.0265625 0.0453125
7 0.8023438 0.4191406 0.0390625 0.0445313
11 0.4114583 0.3671875 0.0270833 0.0515625
10 0.5752604 0.5492187 0.0328125 0.0546875
7 0.5885417 0.5714844 0.0354167 0.0351562
9 0.5059896 0.6539063 0.0255208 0.0578125
6 0.7414063 0.7785156 0.0265625 0.0523438
9 0.4208333 0.4621094 0.0364583 0.0523438
11 0.7346354 0.7757812 0.0244792 0.0578125
9 0.5968750 0.4335938 0.0406250 0.0375000
6 0.3117187 0.3746094 0.0390625 0.0382813
6 0.3109375 0.2917969 0.0395833 0.0523438
6 0.4466146 0.8121094 0.0255208 0.0414062
10 0.5044271 0.2253906 0.0369792 0.0476562
