2 0.7257813 0.4878906 0.0317708 0.0257812
1 0.4458333 0.3562500 0.0197917 0.0453125
0 0.4638021 0.1941406 0.0317708 0.0226562
2 0.7276042 0.7816406 0.0281250 0.0242188
5 0.2236979 0.3820312 0.0317708 0.0281250
4 0.6747396 0.2085937 0.0265625 0.0312500
5 0.5020833 0.7097656 0.0281250 0.0273438
5 0.4015625 0.2597656 0.0354167 0.0257812
3 0.6072917 0.3300781 0.0229167 0.0398437
4 0.5088542 0.4308594 0.0322917 0.0210938
0 0.6044271 0.5992188 0.0244792 0.0328125
4 0.6606771 0.6183594 0.0307292 0.0179687
2 0.4510417 0.6125000 0.0260417 0.0359375
0 0.5398437 0.6136719 0.0234375 0.0367188
0 0.3557292 0.4117188 0.0197917 0.0281250
5 0.6062500 0.3734375 0.0291667 0.0406250
1 0.7260417 0.6570312 0.0250000 0.0468750
2 0.4140625 0.6882812 0.0187500 0.0312500
1 0.3130208 0.4660156 0.0260417 0.0210938
5 0.6085938 0.5796875 0.0286458 0.0171875
2 0.6315104 0.4085937 0.0203125 0.0468750
9 0.4106771 0.7441406 0.0296875 0.0289063
10 0.5026042 0.4621094 0.0218750 0.0476562
9 0.5179687 0.9792969 0.0296875 0.0398437
9 0.4674479 0.2523437 0.0223958 0.0406250
8 0.3562500 0.4371094 0.0208333 0.0476562
6 0.4497396 0.3031250 0.0223958 0.0515625
7 0.3070312 0.3953125 0.0307292 0.0359375
9 0.4651042 0.2996094 0.0197917 0.0445313
11 0.2716146 0.6214844 0.0296875 0.0492187
8 0.5953125 0.5050781 0.0312500 0.0304687
6 0.3695312 0.2398437 0.0223958 0.0515625
9 0.1856771 0.4238281 0.0317708 0.0304687
7 0.4864583 0.8292969 0.0208333 0.0476562
6 0.7166667 0.4699219 0.0260417 0.0320312
10 0.4492188 0.5449219 0.0255208 0.0382813
6 0.3505208 0.3484375 0.0322917 0.0343750
8 0.7041667 0.5515625 0.0291667 0.0406250
11 0.5674479 0.1335938 0.0328125 0.0500000
11 0.6942708 0.7000000 0.0333333 0.0359375
9 0.4049479 0.4664063 0.0223958 0.0515625
