2 0.6312500 0.3378906 0.0239583 0.0195312
4 0.5677083 0.5027344 0.0270833 0.0195312
0 0.4973958 0.3789062 0.0114583 0.0250000
4 0.5710937 0.7914062 0.0223958 0.0265625
2 0.8231771 0.4679687 0.0203125 0.0312500
2 0.5687500 0.5910156 0.0208333 0.0257812
0 0.5549479 0.5195312 0.0161458 0.0218750
1 0.5330729 0.4253906 0.0140625 0.0195312
0 0.5885417 0.1425781 0.0239583 0.0242188
1 0.7166667 0.7769531 0.0239583 0.0164063
4 0.5648437 0.8089844 0.0244792 0.0242188
1 0.5786458 0.1152344 0.0218750 0.0210938
9 0.5549479 0.3671875 0.0265625 0.0281250
7 0.6226563 0.3929687 0.0255208 0.0265625
7 0.4330729 0.7429687 0.0213542 0.0296875
7 0.7132812 0.4718750 0.0192708 0.0312500
10 0.2536458 0.3496094 0.0239583 0.0226562
8 0.5377604 0.2804687 0.0151042 0.0328125
10 0.3716146 0.8992187 0.0203125 0.0328125
6 0.3630208 0.7574219 0.0187500 0.0320312
9 0.3799479 0.1535156 0.0171875 0.0382813
7 0.4611979 0.5828125 0.0203125 0.0234375
6 0.4151042 0.7320313 0.0218750 0.0234375
11 0.6546875 0.6164063 0.0250000 0.0250000
10 0.3781250 0.7261719 0.0218750 0.0210938
8 0.4979167 0.1773437 0.0156250 0.0296875
11 0.5984375 0.3488281 0.0239583 0.0242188
7 0.5088542 0.1871094 0.0156250 0.0304687
