2 0.6908854 0.4921875 0.0453125 0.0328125
5 0.5177083 0.5785156 0.0260417 0.0382813
0 0.5369792 0.1078125 0.0270833 0.0312500
3 0.3739583 0.4628906 0.0479167 0.0367188
2 0.4539063 0.2968750 0.0390625 0.0328125
2 0.7132812 0.5078125 0.0505208 0.0328125
0 0.4531250 0.2742188 0.0197917 0.0656250
5 0.4656250 0.7464844 0.0406250 0.0320312
5 0.5697917 0.2867188 0.0291667 0.0609375
4 0.4984375 0.5109375 0.0468750 0.0343750
4 0.3802083 0.4355469 0.0291667 0.0382813
0 0.3471354 0.7531250 0.0401042 0.0656250
5 0.5255208 0.1148437 0.0479167 0.0343750
1 0.7593750 0.4855469 0.0447917 0.0445313
2 0.5549479 0.4683594 0.0369792 0.0382813
0 0.4138021 0.3582031 0.0401042 0.0367188
2 0.6434896 0.7714844 0.0255208 0.0335937
1 0.5460938 0.2605469 0.0348958 0.0367188
5 0.3726563 0.2269531 0.0401042 0.0429688
4 0.7252604 0.5140625 0.0307292 0.0312500
4 0.5830729 0.6269531 0.0348958 0.0304687
1 0.3593750 0.6750000 0.0302083 0.0562500
3 0.6973958 0.4312500 0.0375000 0.0421875
2 0.6361979 0.6203125 0.0432292 0.0468750
2 0.6419271 0.3179688 0.0255208 0.0437500
5 0.5421875 0.0957031 0.0416667 0.0507812
4 0.4799479 0.7593750 0.0255208 0.0609375
0 0.4606771 0.3886719 0.0244792 0.0617188
2 0.6822917 0.6144531 0.0510417 0.0382813
5 0.5549479 0.5937500 0.0484375 0.0328125
0 0.7471354 0.6734375 0.0286458 0.0671875
5 0.5221354 0.0378906 0.0265625 0.0632812
2 0.4447917 0.2375000 0.0229167 0.0750000
3 0.7828125 0.6960937 0.0354167 0.0437500
4 0.5338542 0.7687500 0.0479167 0.0296875
0 0.5546875 0.4011719 0.0208333 0.0601563
1 0.6757812 0.4242187 0.0192708 0.0546875
0 0.2901042 0.5054688 0.0322917 0.0312500
3 0.3356771 0.3167969 0.0244792 0.0304687
3 0.7721354 0.3300781 0.0328125 0.0492187
1 0.7125000 0.1398437 0.0354167 0.0281250
1 0.5348958 0.6503906 0.0447917 0.0273438
5 0.7179688 0.4347656 0.0380208 0.0414062
5 0.5656250 0.7363281 0.0312500 0.0335937
2 0.3914063 0.6632813 0.0473958 0.0250000
0 0.4130208 0.7695312 0.0375000 0.0437500
4 0.4765625 0.6125000 0.0458333 0.0515625
1 0.4859375 0.2574219 0.0427083 0.0242188
4 0.6281250 0.5863281 0.0229167 0.0695313
2 0.6502604 0.5996094 0.0359375 0.0429688
1 0.5393229 0.4371094 0.0359375 0.0320312
5 0.7135417 0.3820312 0.0312500 0.0562500
4 0.5585938 0.4113281 0.0276042 0.0398437
1 0.5359375 0.2425781 0.0375000 0.0523438
0 0.6638021 0.3851562 0.0484375 0.0531250
2 0.3945312 0.3410156 0.0307292 0.0648438
1 0.5643229 0.5277344 0.0171875 0.0382813
5 0.4408854 0.4125000 0.0203125 0.0656250
2 0.6114583 0.6796875 0.0218750 0.0546875
3 0.3783854 0.7937500 0.0223958 0.0687500
1 0.6750000 0.5800781 0.0427083 0.0304687
4 0.3135417 0.6175781 0.0322917 0.0539063
1 0.4466146 0.7441406 0.0296875 0.0289063
3 0.2557292 0.7914062 0.0437500 0.0328125
1 0.3481771 0.6808594 0.0276042 0.0726563
0 0.7479167 0.4113281 0.0447917 0.0429688
1 0.4286458 0.5417969 0.0406250 0.0367188
3 0.7757812 0.3156250 0.0234375 0.0656250
4 0.5585938 0.7886719 0.0276042 0.0585938
3 0.6481771 0.8273438 0.0442708 0.0234375
2 0.5395833 0.3734375 0.0427083 0.0562500
2 0.5286458 0.4085937 0.0291667 0.0640625
10 0.5317708 0.7125000 0.0427083 0.0406250
7 0.7244792 0.1953125 0.0406250 0.0468750
7 0.2661458 0.7871094 0.0364583 0.0601563
11 0.3268229 0.3234375 0.0328125 0.0718750
9 0.6992188 0.2371094 0.0401042 0.0445313
10 0.3828125 0.5855469 0.0375000 0.0617188
6 0.5143229 0.2394531 0.0338542 0.0726563
6 0.5554687 0.7371094 0.0265625 0.0523438
10 0.3570313 0.5175781 0.0296875 0.0601563
7 0.7164063 0.1976563 0.0286458 0.0687500
11 0.6710938 0.4050781 0.0432292 0.0460938
7 0.6718750 0.3851562 0.0281250 0.0500000
7 0.5500000 0.2507813 0.0406250 0.0406250
