1 0.4773438 0.5921875 0.0453125 0.0562500
2 0.4468750 0.5523438 0.0697917 0.0656250
2 0.4984375 0.3398438 0.0625000 0.0984375
3 0.2333333 0.6796875 0.0437500 0.1281250
2 0.6882812 0.3171875 0.0692708 0.0875000
4 0.3919271 0.1757812 0.0473958 0.0828125
4 0.3028646 0.7218750 0.0421875 0.0812500
1 0.6867188 0.7140625 0.0723958 0.0875000
2 0.4864583 0.2609375 0.0416667 0.0531250
0 0.6283854 0.5054688 0.0744792 0.0671875
2 0.5143229 0.3292969 0.0859375 0.0476562
4 0.3570313 0.4765625 0.0494792 0.1000000
3 0.3950521 0.6519531 0.0546875 0.1132812
1 0.3864583 0.4960938 0.0562500 0.0531250
5 0.3565104 0.6457031 0.0369792 0.0648438
5 0.5598958 0.6132812 0.0750000 0.0562500
4 0.3794271 0.1828125 0.0463542 0.0765625
0 0.4864583 0.2835937 0.0583333 0.0671875
0 0.4898438 0.7128906 0.0411458 0.1054688
1 0.5421875 0.4484375 0.0489583 0.1062500
4 0.6473958 0.5789062 0.0375000 0.0734375
2 0.5835938 0.6117187 0.0526042 0.1296875
2 0.6289062 0.7945313 0.0786458 0.0531250
5 0.7026042 0.6296875 0.0770833 0.0812500
0 0.4619792 0.5218750 0.0479167 0.0859375
8 0.3861979 0.5972656 0.0473958 0.0882813
8 0.3851562 0.8679687 0.0536458 0.1218750
10 0.6442708 0.2488281 0.0802083 0.0773438
8 0.4921875 0.3218750 0.0687500 0.0968750
11 0.5791667 0.8023438 0.0708333 0.1125000
6 0.5059896 0.1992188 0.0484375 0.1062500
11 0.5299479 0.8902344 0.0494792 0.1070312
6 0.2809896 0.6484375 0.0723958 0.0953125
11 0.3992188 0.2847656 0.0526042 0.1195313
10 0.2403646 0.3015625 0.0765625 0.0750000
7 0.5119792 0.2285156 0.0645833 0.1023437
7 0.2184896 0.6417969 0.0765625 0.0757812
8 0.7182292 0.2738281 0.0760417 0.0742188
6 0.6997396 0.6359375 0.0796875 0.0843750
7 0.6231771 0.2285156 0.0786458 0.0835937
9 0.5973958 0.1996094 0.0635417 0.0867187
9 0.7341146 0.4472656 0.0828125 0.0914062
9 0.5427083 0.8839844 0.0739583 0.0726563
11 0.7789063 0.2410156 0.0765625 0.0773438
8 0.6960937 0.5593750 0.0682292 0.1031250
