2 0.4794271 0.6558594 0.0255208 0.0179687
3 0.6822917 0.4078125 0.0291667 0.0218750
3 0.5885417 0.7265625 0.0187500 0.0312500
2 0.6119792 0.2214844 0.0218750 0.0289063
3 0.6018229 0.3304687 0.0255208 0.0296875
3 0.5106771 0.2656250 0.0119792 0.0375000
3 0.4260417 0.5832031 0.0135417 0.0195312
4 0.3739583 0.6460938 0.0250000 0.0140625
2 0.6257812 0.5343750 0.0223958 0.0312500
9 0.4841146 0.5531250 0.0276042 0.0265625
6 0.4919271 0.3847656 0.0171875 0.0382813
6 0.7244792 0.2351563 0.0270833 0.0265625
11 0.6216146 0.4882812 0.0171875 0.0343750
11 0.5065104 0.3589844 0.0286458 0.0273438
11 0.5604167 0.5851563 0.0218750 0.0250000
7 0.1661458 0.7121094 0.0260417 0.0257812
10 0.5458333 0.0992187 0.0218750 0.0375000
7 0.3177083 0.5824219 0.0197917 0.0242188
10 0.6393229 0.7343750 0.0255208 0.0250000
10 0.5890625 0.7695312 0.0250000 0.0296875
9 0.5713542 0.2582031 0.0197917 0.0367188
7 0.5304688 0.4160156 0.0265625 0.0289063
