5 0.5945312 0.4820313 0.0192708 0.0171875
3 0.5010417 0.3664062 0.0250000 0.0250000
4 0.4973958 0.2859375 0.0197917 0.0187500
1 0.3921875 0.5597656 0.0156250 0.0179687
5 0.2182292 0.6988281 0.0229167 0.0164063
1 0.6776042 0.2453125 0.0229167 0.0171875
1 0.4802083 0.4359375 0.0114583 0.0250000
1 0.6033854 0.6429687 0.0234375 0.0171875
5 0.5872396 0.6914062 0.0161458 0.0296875
3 0.6354167 0.2210938 0.0197917 0.0234375
1 0.5039062 0.2812500 0.0151042 0.0359375
3 0.5494792 0.3222656 0.0239583 0.0242188
5 0.5304688 0.4589844 0.0213542 0.0179687
2 0.6200521 0.6082031 0.0223958 0.0226562
3 0.6104167 0.1398437 0.0177083 0.0296875
3 0.5778646 0.5523438 0.0119792 0.0218750
1 0.5947917 0.7488281 0.0104167 0.0210938
2 0.4549479 0.7156250 0.0109375 0.0375000
1 0.7364583 0.3566406 0.0187500 0.0335937
5 0.4700521 0.5343750 0.0098958 0.0250000
1 0.4221354 0.3503906 0.0171875 0.0320312
4 0.5218750 0.2335937 0.0114583 0.0281250
4 0.3742187 0.7105469 0.0140625 0.0164063
0 0.6377604 0.4132812 0.0244792 0.0156250
1 0.7247396 0.3593750 0.0223958 0.0171875
5 0.5450521 0.7890625 0.0223958 0.0250000
1 0.4549479 0.6914062 0.0140625 0.0250000
1 0.3533854 0.3449219 0.0151042 0.0226562
2 0.3539062 0.7171875 0.0244792 0.0234375
3 0.4484375 0.6082031 0.0197917 0.0226562
2 0.5794271 0.1882813 0.0244792 0.0203125
0 0.3882813 0.5257812 0.0140625 0.0296875
4 0.4067708 0.4550781 0.0125000 0.0320312
3 0.7125000 0.3199219 0.0135417 0.0210938
4 0.6575521 0.5871094 0.0213542 0.0226562
3 0.5507812 0.1593750 0.0140625 0.0296875
5 0.6455729 0.3316406 0.0171875 0.0351562
5 0.4463542 0.7656250 0.0177083 0.0218750
0 0.3986979 0.2652344 0.0244792 0.0179687
5 0.5893229 0.4800781 0.0255208 0.0242188
4 0.6109375 0.3925781 0.0166667 0.0304687
4 0.3596354 0.5402344 0.0244792 0.0210938
2 0.2893229 0.2855469 0.0161458 0.0242188
3 0.4966146 0.7210937 0.0234375 0.0171875
5 0.6625000 0.6207031 0.0145833 0.0273438
1 0.5192708 0.2320312 0.0239583 0.0171875
3 0.6716146 0.2421875 0.0244792 0.0218750
4 0.6533854 0.8992187 0.0234375 0.0187500
3 0.6877604 0.5296875 0.0234375 0.0234375
5 0.4867187 0.7187500 0.0213542 0.0250000
4 0.5916667 0.7898437 0.0208333 0.0187500
3 0.3869792 0.4789062 0.0229167 0.0218750
3 0.3322917 0.6562500 0.0166667 0.0281250
0 0.5429688 0.2871094 0.0161458 0.0164063
5 0.3265625 0.6964844 0.0260417 0.0210938
0 0.6414062 0.8203125 0.0213542 0.0187500
4 0.6101562 0.1378906 0.0223958 0.0257812
1 0.4677083 0.6718750 0.0114583 0.0156250
3 0.6583333 0.1949219 0.0239583 0.0179687
1 0.6789063 0.3042969 0.0130208 0.0351562
3 0.6372396 0.4066406 0.0119792 0.0304687
0 0.4223958 0.5597656 0.0166667 0.0257812
1 0.3020833 0.8414063 0.0229167 0.0156250
1 0.3213542 0.7824219 0.0104167 0.0367188
4 0.5171875 0.4808594 0.0156250 0.0226562
0 0.4130208 0.5648437 0.0197917 0.0140625
1 0.3820312 0.2199219 0.0171875 0.0304687
5 0.6804687 0.5625000 0.0130208 0.0375000
5 0.5382813 0.5046875 0.0171875 0.0171875
4 0.6114583 0.5898438 0.0250000 0.0218750
2 0.5705729 0.4238281 0.0192708 0.0242188
1 0.5445313 0.1652344 0.0140625 0.0367188
8 0.7190104 0.2613281 0.0244792 0.0242188
10 0.6479167 0.4968750 0.0218750 0.0234375
9 0.6028646 0.3921875 0.0203125 0.0328125
8 0.5614583 0.2425781 0.0229167 0.0257812
6 0.3645833 0.8554688 0.0156250 0.0281250
8 0.6315104 0.4476562 0.0234375 0.0234375
6 0.3419271 0.5667969 0.0223958 0.0242188
11 0.5216146 0.1078125 0.0213542 0.0343750
7 0.3361979 0.8644531 0.0234375 0.0226562
10 0.7091146 0.4406250 0.0213542 0.0312500
11 0.7984375 0.5250000 0.0239583 0.0343750
8 0.6236979 0.2226562 0.0223958 0.0281250
11 0.4497396 0.3292969 0.0151042 0.0226562
6 0.3122396 0.4035156 0.0182292 0.0242188
8 0.5296875 0.5781250 0.0208333 0.0250000
6 0.4804688 0.1746094 0.0203125 0.0320312
