1 0.6296875 0.5851563 0.0291667 0.0359375
2 0.6934896 0.6402344 0.0213542 0.0367188
3 0.4861979 0.7140625 0.0234375 0.0234375
1 0.3877604 0.4773438 0.0203125 0.0390625
5 0.3911458 0.4339844 0.0343750 0.0242188
2 0.5179687 0.6265625 0.0286458 0.0312500
2 0.5976562 0.1406250 0.0286458 0.0328125
5 0.4434896 0.4093750 0.0307292 0.0312500
3 0.4515625 0.2902344 0.0145833 0.0460938
2 0.6205729 0.6847656 0.0223958 0.0320312
0 0.6338542 0.3656250 0.0239583 0.0281250
0 0.6757812 0.2453125 0.0286458 0.0218750
1 0.3312500 0.7964844 0.0197917 0.0492187
0 0.4820313 0.1726563 0.0161458 0.0218750
1 0.7434896 0.3882813 0.0328125 0.0265625
4 0.5598958 0.8792969 0.0302083 0.0320312
3 0.3856771 0.5800781 0.0276042 0.0382813
1 0.4294271 0.7324219 0.0161458 0.0226562
1 0.6015625 0.4054687 0.0281250 0.0203125
5 0.5955729 0.0410156 0.0286458 0.0226562
4 0.5953125 0.3777344 0.0291667 0.0195312
0 0.4960938 0.6539063 0.0223958 0.0203125
2 0.3989583 0.5925781 0.0208333 0.0304687
4 0.5765625 0.8093750 0.0291667 0.0250000
3 0.6419271 0.5468750 0.0182292 0.0453125
4 0.4880208 0.4441406 0.0156250 0.0242188
2 0.3604167 0.7109375 0.0239583 0.0343750
2 0.5880208 0.5152344 0.0166667 0.0242188
0 0.4776042 0.8964844 0.0166667 0.0445313
3 0.4403646 0.6027344 0.0213542 0.0445313
4 0.5028646 0.5558594 0.0265625 0.0320312
4 0.6716146 0.2820313 0.0151042 0.0453125
5 0.3723958 0.8027344 0.0166667 0.0476562
4 0.2346354 0.4332031 0.0296875 0.0242188
1 0.5039062 0.1628906 0.0203125 0.0382813
5 0.6867188 0.4949219 0.0328125 0.0226562
5 0.5302083 0.7242188 0.0229167 0.0296875
2 0.5341146 0.4390625 0.0296875 0.0343750
1 0.4200521 0.6734375 0.0223958 0.0250000
3 0.3325521 0.5882812 0.0182292 0.0453125
5 0.2968750 0.5742188 0.0197917 0.0265625
2 0.7252604 0.6375000 0.0192708 0.0265625
2 0.6575521 0.4453125 0.0338542 0.0281250
4 0.3880208 0.7019531 0.0197917 0.0445313
4 0.3687500 0.5550781 0.0135417 0.0304687
1 0.5643229 0.3136719 0.0161458 0.0445313
4 0.3192708 0.5324219 0.0291667 0.0242188
3 0.4578125 0.8410156 0.0270833 0.0335937
1 0.5104167 0.2644531 0.0145833 0.0445313
1 0.2953125 0.8355469 0.0208333 0.0367188
4 0.6533854 0.5437500 0.0307292 0.0328125
11 0.5773438 0.7558594 0.0317708 0.0398437
11 0.2234375 0.5503906 0.0270833 0.0398437
10 0.6570312 0.3652344 0.0307292 0.0460938
9 0.4799479 0.3406250 0.0192708 0.0437500
