2 0.5442708 0.3652344 0.0281250 0.0226562
2 0.6130208 0.9660156 0.0250000 0.0335937
2 0.5036458 0.1800781 0.0218750 0.0257812
3 0.7320313 0.5519531 0.0265625 0.0273438
5 0.4609375 0.2238281 0.0145833 0.0257812
1 0.3843750 0.3277344 0.0270833 0.0320312
1 0.4830729 0.2617188 0.0286458 0.0187500
2 0.3742187 0.4980469 0.0192708 0.0367188
0 0.4989583 0.5562500 0.0270833 0.0250000
2 0.4481771 0.5406250 0.0140625 0.0265625
7 0.5632812 0.5027344 0.0171875 0.0273438
9 0.4442708 0.3011719 0.0250000 0.0398437
6 0.5947917 0.8769531 0.0229167 0.0398437
8 0.3356771 0.4972656 0.0286458 0.0429688
7 0.6617188 0.6937500 0.0276042 0.0265625
11 0.3723958 0.3367188 0.0281250 0.0328125
8 0.6651042 0.5609375 0.0270833 0.0265625
7 0.4755208 0.8835937 0.0229167 0.0375000
6 0.6968750 0.3433594 0.0270833 0.0335937
6 0.3296875 0.8316406 0.0302083 0.0304687
7 0.4106771 0.5828125 0.0223958 0.0281250
7 0.2536458 0.4273438 0.0208333 0.0359375
10 0.4205729 0.2019531 0.0223958 0.0335937
7 0.4604167 0.5078125 0.0239583 0.0234375
