4 0.5471354 0.8039063 0.0359375 0.0484375
1 0.4348958 0.5800781 0.0395833 0.0414062
5 0.6424479 0.7875000 0.0265625 0.0343750
0 0.5484375 0.8261719 0.0260417 0.0539063
3 0.2890625 0.3507812 0.0458333 0.0312500
0 0.7539062 0.2406250 0.0463542 0.0281250
0 0.4656250 0.3769531 0.0385417 0.0460938
0 0.5635417 0.7539062 0.0458333 0.0328125
1 0.5932292 0.5628906 0.0208333 0.0304687
2 0.4658854 0.4492188 0.0265625 0.0656250
5 0.8171875 0.7285156 0.0322917 0.0320312
0 0.2861979 0.5605469 0.0442708 0.0273438
1 0.5156250 0.5964844 0.0364583 0.0507812
0 0.2572917 0.6597656 0.0385417 0.0414062
1 0.5101562 0.5082031 0.0213542 0.0351562
4 0.3976562 0.4882812 0.0213542 0.0281250
1 0.3705729 0.5769531 0.0401042 0.0429688
3 0.4296875 0.4960938 0.0218750 0.0625000
2 0.7072917 0.3656250 0.0406250 0.0421875
4 0.6059896 0.4699219 0.0338542 0.0523438
5 0.5768229 0.4464844 0.0442708 0.0242188
0 0.5778646 0.2000000 0.0307292 0.0515625
3 0.6250000 0.3101563 0.0333333 0.0546875
0 0.3820312 0.7199219 0.0338542 0.0445313
3 0.6791667 0.6050781 0.0385417 0.0429688
0 0.3375000 0.2664063 0.0218750 0.0640625
1 0.6125000 0.6906250 0.0406250 0.0281250
3 0.5622396 0.6242188 0.0234375 0.0328125
1 0.5072917 0.4796875 0.0385417 0.0296875
0 0.6307292 0.4605469 0.0364583 0.0320312
3 0.4604167 0.3730469 0.0427083 0.0320312
0 0.3479167 0.7125000 0.0302083 0.0593750
4 0.4598958 0.1804688 0.0260417 0.0531250
0 0.3361979 0.5367188 0.0473958 0.0312500
5 0.5880208 0.6742187 0.0270833 0.0546875
3 0.5502604 0.6894531 0.0421875 0.0304687
2 0.5718750 0.5246094 0.0197917 0.0367188
3 0.4976563 0.7066406 0.0453125 0.0335937
4 0.4713542 0.3085938 0.0302083 0.0687500
1 0.5505208 0.8125000 0.0239583 0.0328125
0 0.6533854 0.4488281 0.0463542 0.0335937
3 0.6010417 0.3429687 0.0312500 0.0593750
1 0.3971354 0.3816406 0.0359375 0.0273438
1 0.6695313 0.2742188 0.0380208 0.0406250
4 0.5223958 0.1347656 0.0395833 0.0257812
3 0.5054688 0.6097656 0.0380208 0.0273438
10 0.2645833 0.6925781 0.0385417 0.0492187
7 0.3851562 0.1667969 0.0265625 0.0601563
9 0.6562500 0.5925781 0.0458333 0.0445313
11 0.4601562 0.4074219 0.0369792 0.0601563
6 0.4585938 0.7574219 0.0390625 0.0460938
10 0.6877604 0.1601562 0.0380208 0.0500000
11 0.7278646 0.5503906 0.0265625 0.0398437
6 0.6294271 0.5460938 0.0401042 0.0437500
10 0.7036458 0.4828125 0.0375000 0.0421875
8 0.4854167 0.2632813 0.0291667 0.0578125
10 0.6078125 0.4539063 0.0406250 0.0406250
7 0.3315104 0.8722656 0.0401042 0.0382813
6 0.5463542 0.6234375 0.0437500 0.0437500
10 0.5130208 0.7765625 0.0250000 0.0578125
8 0.2809896 0.6468750 0.0390625 0.0390625
8 0.5432292 0.6089844 0.0375000 0.0632812
6 0.3812500 0.4457031 0.0385417 0.0429688
7 0.7583333 0.6128906 0.0406250 0.0492187
