5 0.5869792 0.7687500 0.0218750 0.0281250
2 0.5393229 0.7203125 0.0369792 0.0265625
4 0.6427083 0.5023437 0.0333333 0.0281250
2 0.5250000 0.7246094 0.0312500 0.0289063
2 0.4781250 0.6058594 0.0406250 0.0289063
2 0.5033854 0.5488281 0.0182292 0.0304687
5 0.6036458 0.5574219 0.0250000 0.0351562
1 0.6049479 0.6941406 0.0317708 0.0304687
1 0.5424479 0.8589844 0.0359375 0.0367188
0 0.6169271 0.5343750 0.0359375 0.0359375
1 0.7320313 0.4070313 0.0286458 0.0343750
0 0.4466146 0.8132812 0.0348958 0.0296875
5 0.5632812 0.6511719 0.0255208 0.0304687
2 0.6033854 0.6816406 0.0359375 0.0257812
2 0.5216146 0.7371094 0.0161458 0.0445313
5 0.7242188 0.2562500 0.0380208 0.0281250
5 0.5744792 0.3312500 0.0343750 0.0234375
0 0.4497396 0.6175781 0.0328125 0.0273438
2 0.5778646 0.1035156 0.0380208 0.0257812
0 0.4072917 0.4121094 0.0187500 0.0335937
0 0.5343750 0.1582031 0.0333333 0.0351562
0 0.6510417 0.8078125 0.0229167 0.0468750
3 0.5997396 0.5957031 0.0276042 0.0351562
4 0.2927083 0.4269531 0.0343750 0.0476562
3 0.5388021 0.5894531 0.0192708 0.0304687
0 0.5497396 0.7992187 0.0328125 0.0296875
5 0.2838542 0.6605469 0.0197917 0.0523438
3 0.4039063 0.3628906 0.0401042 0.0289063
0 0.5356771 0.6687500 0.0182292 0.0500000
1 0.5096354 0.2265625 0.0380208 0.0281250
2 0.7026042 0.4121094 0.0166667 0.0320312
3 0.7294271 0.5316406 0.0338542 0.0398437
4 0.5690104 0.7324219 0.0380208 0.0273438
5 0.6143229 0.4332031 0.0380208 0.0257812
1 0.3619792 0.2765625 0.0322917 0.0343750
4 0.4869792 0.6695313 0.0333333 0.0312500
0 0.4200521 0.2460938 0.0265625 0.0312500
1 0.3156250 0.5878906 0.0166667 0.0554687
3 0.4361979 0.8078125 0.0192708 0.0250000
1 0.4507813 0.1953125 0.0161458 0.0437500
1 0.5028646 0.1570313 0.0161458 0.0578125
0 0.6419271 0.5691406 0.0296875 0.0367188
3 0.5080729 0.3468750 0.0317708 0.0250000
4 0.6080729 0.6574219 0.0182292 0.0601563
5 0.5348958 0.7035156 0.0260417 0.0257812
2 0.4187500 0.3117187 0.0177083 0.0359375
1 0.6184896 0.4824219 0.0182292 0.0398437
3 0.5268229 0.3339844 0.0348958 0.0257812
3 0.5286458 0.3554688 0.0385417 0.0281250
1 0.3976562 0.7042969 0.0411458 0.0335937
3 0.6799479 0.3957031 0.0234375 0.0382813
1 0.6434896 0.3843750 0.0182292 0.0359375
1 0.6898437 0.3406250 0.0276042 0.0484375
1 0.7020833 0.1972656 0.0166667 0.0554687
2 0.7026042 0.7058594 0.0375000 0.0289063
2 0.5187500 0.3195312 0.0333333 0.0484375
0 0.5986979 0.6152344 0.0359375 0.0242188
1 0.4656250 0.4531250 0.0291667 0.0281250
1 0.2156250 0.5414062 0.0250000 0.0265625
2 0.6276042 0.7921875 0.0208333 0.0250000
5 0.6393229 0.6843750 0.0171875 0.0546875
2 0.6276042 0.5988281 0.0302083 0.0476562
0 0.6546875 0.6003906 0.0322917 0.0289063
9 0.6429687 0.8140625 0.0244792 0.0562500
