5 0.4255208 0.8250000 0.0197917 0.0421875
5 0.3979167 0.6699219 0.0166667 0.0304687
4 0.6286458 0.4414062 0.0270833 0.0234375
5 0.6158854 0.7761719 0.0161458 0.0367188
0 0.4955729 0.6390625 0.0130208 0.0406250
3 0.3385417 0.3453125 0.0260417 0.0265625
5 0.4763021 0.4167969 0.0244792 0.0304687
4 0.6226563 0.3789062 0.0130208 0.0234375
1 0.7830729 0.6621094 0.0255208 0.0210938
3 0.5744792 0.4140625 0.0250000 0.0218750
7 0.3494792 0.3460937 0.0197917 0.0296875
6 0.2747396 0.5050781 0.0255208 0.0304687
6 0.5734375 0.4250000 0.0229167 0.0234375
7 0.7544271 0.3386719 0.0255208 0.0242188
10 0.5770833 0.1804688 0.0156250 0.0375000
6 0.4601562 0.9878906 0.0203125 0.0226562
11 0.6096354 0.1312500 0.0265625 0.0265625
10 0.6335937 0.6226563 0.0182292 0.0390625
7 0.4281250 0.5757813 0.0260417 0.0312500
11 0.6096354 0.5429688 0.0276042 0.0265625
6 0.7054687 0.3238281 0.0244792 0.0289063
6 0.6966146 0.7957031 0.0265625 0.0289063
10 0.6557292 0.2742188 0.0208333 0.0390625
11 0.4697917 0.5390625 0.0197917 0.0343750
