4 0.3567708 0.6933594 0.0260417 0.0492187
5 0.5802083 0.8507813 0.0354167 0.0625000
3 0.3950521 0.5683594 0.0473958 0.0476562
3 0.4171875 0.7824219 0.0510417 0.0460938
0 0.6304688 0.5550781 0.0463542 0.0742188
0 0.5877604 0.5921875 0.0453125 0.0546875
1 0.3335938 0.6730469 0.0567708 0.0445313
1 0.6546875 0.5429688 0.0281250 0.0546875
3 0.5700521 0.5718750 0.0307292 0.0734375
3 0.7182292 0.4914062 0.0302083 0.0750000
0 0.2406250 0.3992188 0.0343750 0.0828125
2 0.5937500 0.7777344 0.0458333 0.0554687
1 0.4505208 0.2085937 0.0302083 0.0921875
1 0.6588542 0.4015625 0.0510417 0.0359375
3 0.4106771 0.2128906 0.0453125 0.0382813
5 0.4976563 0.5148438 0.0432292 0.0562500
2 0.7747396 0.5699219 0.0588542 0.0570312
5 0.7364583 0.5972656 0.0406250 0.0835937
0 0.4968750 0.7992187 0.0572917 0.0406250
2 0.6820312 0.4125000 0.0526042 0.0359375
5 0.6455729 0.6542969 0.0609375 0.0429688
4 0.5223958 0.1855469 0.0322917 0.0320312
0 0.5260417 0.2390625 0.0500000 0.0406250
0 0.5416667 0.7828125 0.0552083 0.0359375
2 0.5322917 0.3347656 0.0302083 0.0585938
1 0.5007812 0.4687500 0.0515625 0.0343750
4 0.5239583 0.4960938 0.0479167 0.0375000
5 0.3356771 0.3750000 0.0401042 0.0875000
1 0.5164062 0.8894531 0.0390625 0.0601563
2 0.4080729 0.3453125 0.0494792 0.0468750
1 0.7054687 0.6867188 0.0286458 0.0828125
2 0.4182292 0.3148437 0.0541667 0.0437500
5 0.3513021 0.7417969 0.0588542 0.0492187
3 0.5369792 0.5378906 0.0395833 0.0695313
5 0.4437500 0.2109375 0.0489583 0.0484375
3 0.6971354 0.4441406 0.0526042 0.0367188
1 0.3276042 0.7710938 0.0583333 0.0578125
4 0.5072917 0.6488281 0.0489583 0.0585938
1 0.5796875 0.2890625 0.0604167 0.0312500
3 0.3098958 0.2394531 0.0250000 0.0414062
4 0.6947917 0.2835937 0.0395833 0.0421875
2 0.2940104 0.4699219 0.0578125 0.0398437
0 0.6843750 0.3449219 0.0583333 0.0351562
1 0.4161458 0.5804687 0.0541667 0.0390625
4 0.7518229 0.4730469 0.0588542 0.0460938
4 0.2864583 0.7335938 0.0520833 0.0328125
2 0.6864583 0.5761719 0.0395833 0.0539063
4 0.3065104 0.3265625 0.0255208 0.0515625
5 0.5210938 0.4976563 0.0494792 0.0343750
2 0.6447917 0.3109375 0.0583333 0.0484375
3 0.5609375 0.6378906 0.0541667 0.0351562
0 0.6018229 0.2054688 0.0546875 0.0375000
0 0.5697917 0.7695312 0.0375000 0.0593750
1 0.4054687 0.5214844 0.0369792 0.0351562
4 0.4781250 0.4292969 0.0197917 0.0570312
3 0.5786458 0.6183594 0.0250000 0.0664062
0 0.4778646 0.8531250 0.0421875 0.0703125
5 0.4122396 0.1671875 0.0348958 0.0890625
3 0.3708333 0.7132812 0.0395833 0.0531250
5 0.5101562 0.6050781 0.0276042 0.0460938
5 0.6588542 0.3183594 0.0260417 0.0492187
5 0.5713542 0.4742188 0.0562500 0.0390625
2 0.4901042 0.6066406 0.0260417 0.0695313
7 0.6333333 0.8207031 0.0333333 0.0804688
6 0.4453125 0.6902344 0.0385417 0.0742188
7 0.1648438 0.5480469 0.0536458 0.0570312
