1 0.7177083 0.4210937 0.0291667 0.0250000
1 0.5510417 0.8332031 0.0218750 0.0304687
3 0.4830729 0.2078125 0.0265625 0.0203125
2 0.6820312 0.3402344 0.0182292 0.0382813
2 0.5057292 0.6078125 0.0322917 0.0218750
1 0.5705729 0.7144531 0.0255208 0.0289063
5 0.3419271 0.3410156 0.0359375 0.0257812
5 0.4906250 0.7257813 0.0197917 0.0437500
1 0.8041667 0.4222656 0.0302083 0.0289063
0 0.3609375 0.5410156 0.0166667 0.0367188
3 0.5559896 0.6238281 0.0234375 0.0335937
1 0.6677083 0.6246094 0.0156250 0.0320312
4 0.4000000 0.7484375 0.0145833 0.0468750
2 0.4361979 0.6242188 0.0276042 0.0453125
2 0.7294271 0.2738281 0.0265625 0.0351562
3 0.4690104 0.1796875 0.0276042 0.0203125
2 0.4218750 0.1242188 0.0281250 0.0265625
4 0.6101562 0.6453125 0.0192708 0.0343750
4 0.5578125 0.6578125 0.0197917 0.0406250
2 0.7158854 0.6480469 0.0348958 0.0289063
4 0.4940104 0.9816406 0.0161458 0.0351562
0 0.3955729 0.7441406 0.0161458 0.0304687
0 0.5403646 0.8378906 0.0213542 0.0414062
2 0.7210937 0.3218750 0.0338542 0.0234375
0 0.5286458 0.5703125 0.0322917 0.0218750
3 0.3242188 0.5593750 0.0192708 0.0375000
1 0.3520833 0.7328125 0.0260417 0.0375000
2 0.5604167 0.7851562 0.0239583 0.0296875
2 0.4513021 0.1179687 0.0223958 0.0468750
3 0.6835938 0.4503906 0.0161458 0.0351562
4 0.6158854 0.7015625 0.0296875 0.0250000
3 0.5442708 0.4445312 0.0229167 0.0375000
2 0.5723958 0.6683594 0.0333333 0.0273438
5 0.5294271 0.2074219 0.0213542 0.0429688
0 0.4231771 0.5292969 0.0296875 0.0273438
3 0.5578125 0.0289063 0.0250000 0.0437500
5 0.3877604 0.2296875 0.0276042 0.0281250
5 0.3942708 0.6765625 0.0197917 0.0296875
5 0.6544271 0.6542969 0.0276042 0.0273438
3 0.5921875 0.7144531 0.0250000 0.0367188
1 0.4666667 0.8265625 0.0260417 0.0312500
1 0.5940104 0.4625000 0.0328125 0.0281250
4 0.6669271 0.4617188 0.0171875 0.0421875
0 0.4023438 0.3152344 0.0203125 0.0320312
5 0.5244792 0.5675781 0.0156250 0.0210938
5 0.3231771 0.3257813 0.0203125 0.0437500
0 0.7492188 0.4316406 0.0161458 0.0445313
0 0.7177083 0.6042969 0.0177083 0.0242188
4 0.5192708 0.6917969 0.0281250 0.0210938
0 0.7096354 0.5855469 0.0307292 0.0242188
4 0.4414062 0.0703125 0.0161458 0.0250000
2 0.2734375 0.4078125 0.0302083 0.0281250
5 0.4763021 0.7398438 0.0151042 0.0421875
4 0.3523438 0.2496094 0.0244792 0.0226562
2 0.3937500 0.7152344 0.0291667 0.0414062
3 0.6708333 0.3214844 0.0322917 0.0320312
4 0.5950521 0.4292969 0.0161458 0.0242188
5 0.3356771 0.6367188 0.0307292 0.0265625
0 0.4354167 0.4355469 0.0166667 0.0414062
5 0.5565104 0.5957031 0.0359375 0.0242188
5 0.5833333 0.6437500 0.0250000 0.0312500
5 0.6484375 0.4582031 0.0302083 0.0273438
1 0.6130208 0.4386719 0.0302083 0.0210938
1 0.4427083 0.4703125 0.0218750 0.0296875
2 0.3802083 0.2183594 0.0197917 0.0289063
5 0.5315104 0.7535156 0.0244792 0.0492187
3 0.5731771 0.5480469 0.0338542 0.0242188
1 0.4520833 0.6617188 0.0229167 0.0265625
0 0.5645833 0.8660156 0.0229167 0.0445313
2 0.5846354 0.6730469 0.0328125 0.0257812
0 0.7033854 0.3632812 0.0276042 0.0359375
2 0.4223958 0.3000000 0.0291667 0.0250000
1 0.3557292 0.5585938 0.0229167 0.0218750
4 0.3216146 0.6769531 0.0171875 0.0507812
1 0.3799479 0.5503906 0.0317708 0.0226562
3 0.4674479 0.9023438 0.0296875 0.0328125
1 0.6098958 0.0558594 0.0302083 0.0242188
10 0.5520833 0.2066406 0.0208333 0.0492187
8 0.3375000 0.5339844 0.0343750 0.0367188
8 0.5348958 0.9324219 0.0260417 0.0414062
7 0.5184896 0.3429687 0.0203125 0.0312500
9 0.5955729 0.5652344 0.0307292 0.0398437
10 0.4028646 0.1769531 0.0255208 0.0382813
8 0.3986979 0.2933594 0.0192708 0.0414062
6 0.4169271 0.2683594 0.0307292 0.0367188
6 0.2981771 0.5000000 0.0296875 0.0296875
11 0.4778646 0.6933594 0.0276042 0.0320312
6 0.6697917 0.4796875 0.0291667 0.0296875
9 0.4679687 0.7058594 0.0265625 0.0460938
11 0.3231771 0.6484375 0.0276042 0.0312500
