4 0.5343750 0.3093750 0.0322917 0.0343750
1 0.5294271 0.8335938 0.0338542 0.0218750
0 0.5158854 0.7128906 0.0338542 0.0304687
2 0.6455729 0.4148438 0.0307292 0.0328125
3 0.3335938 0.7472656 0.0359375 0.0242188
4 0.3364583 0.7996094 0.0354167 0.0226562
0 0.6606771 0.5691406 0.0380208 0.0289063
2 0.3604167 0.4550781 0.0197917 0.0460938
3 0.4156250 0.8804688 0.0322917 0.0265625
2 0.6572917 0.4062500 0.0166667 0.0546875
3 0.5289063 0.1066406 0.0244792 0.0414062
4 0.5148438 0.3453125 0.0265625 0.0281250
2 0.3385417 0.5273438 0.0187500 0.0281250
1 0.3731771 0.3046875 0.0203125 0.0500000
0 0.3648438 0.3273437 0.0317708 0.0359375
3 0.4023438 0.3738281 0.0317708 0.0382813
2 0.5757813 0.3910156 0.0161458 0.0523438
3 0.6174479 0.5917969 0.0286458 0.0226562
2 0.5479167 0.1332031 0.0260417 0.0257812
5 0.5312500 0.3316406 0.0187500 0.0226562
4 0.3536458 0.3062500 0.0333333 0.0281250
0 0.3393229 0.2843750 0.0369792 0.0250000
0 0.2567708 0.5933594 0.0333333 0.0226562
0 0.4635417 0.6234375 0.0302083 0.0312500
0 0.4049479 0.6273437 0.0223958 0.0437500
3 0.8002604 0.5667969 0.0244792 0.0429688
0 0.5138021 0.7851562 0.0276042 0.0468750
0 0.5773438 0.6023437 0.0307292 0.0250000
4 0.3333333 0.7652344 0.0333333 0.0273438
4 0.6385417 0.8402344 0.0354167 0.0320312
1 0.5950521 0.6941406 0.0359375 0.0273438
4 0.7169271 0.7726563 0.0369792 0.0328125
9 0.3489583 0.7406250 0.0208333 0.0312500
8 0.2914062 0.2789063 0.0328125 0.0328125
11 0.7226562 0.4160156 0.0328125 0.0320312
10 0.5169271 0.2171875 0.0234375 0.0421875
6 0.5197917 0.3937500 0.0343750 0.0343750
10 0.5989583 0.5527344 0.0312500 0.0335937
8 0.5236979 0.3242188 0.0307292 0.0359375
6 0.5093750 0.7218750 0.0270833 0.0515625
8 0.2739583 0.5679688 0.0218750 0.0328125
7 0.3955729 0.2558594 0.0338542 0.0335937
9 0.5294271 0.5175781 0.0203125 0.0304687
7 0.7309896 0.6187500 0.0328125 0.0328125
10 0.3812500 0.7964844 0.0208333 0.0367188
