3 0.3223958 0.7644531 0.0270833 0.0164063
1 0.4153646 0.8167969 0.0171875 0.0320312
3 0.5106771 0.8164062 0.0119792 0.0390625
2 0.5807292 0.6367188 0.0166667 0.0328125
5 0.3424479 0.3800781 0.0151042 0.0226562
5 0.3388021 0.6945313 0.0151042 0.0343750
1 0.3098958 0.6992188 0.0270833 0.0171875
3 0.3437500 0.1882813 0.0208333 0.0265625
0 0.4888021 0.6613281 0.0265625 0.0226562
5 0.6627604 0.6562500 0.0161458 0.0234375
5 0.4565104 0.4554687 0.0130208 0.0328125
3 0.5098958 0.6855469 0.0156250 0.0195312
5 0.5338542 0.2066406 0.0166667 0.0335937
3 0.5268229 0.5078125 0.0244792 0.0171875
5 0.5716146 0.2761719 0.0255208 0.0164063
0 0.4015625 0.8625000 0.0125000 0.0390625
4 0.3893229 0.3710938 0.0151042 0.0203125
3 0.6919271 0.7546875 0.0098958 0.0171875
4 0.3549479 0.1519531 0.0130208 0.0335937
4 0.6903646 0.3691406 0.0265625 0.0242188
3 0.6075521 0.4519531 0.0286458 0.0210938
5 0.4263021 0.6250000 0.0265625 0.0203125
1 0.5093750 0.4042969 0.0239583 0.0148437
1 0.4861979 0.5714844 0.0161458 0.0179687
1 0.7625000 0.1824219 0.0260417 0.0210938
3 0.5807292 0.3496094 0.0145833 0.0367188
4 0.3708333 0.2410156 0.0125000 0.0382813
3 0.4320312 0.5503906 0.0151042 0.0304687
0 0.6070313 0.0917969 0.0140625 0.0382813
3 0.5315104 0.2996094 0.0213542 0.0164063
3 0.7203125 0.5269531 0.0250000 0.0195312
0 0.6356771 0.3527344 0.0151042 0.0242188
2 0.6341146 0.6695313 0.0213542 0.0203125
4 0.4635417 0.7980469 0.0166667 0.0320312
5 0.5721354 0.4566406 0.0192708 0.0382813
5 0.5010417 0.4617188 0.0156250 0.0375000
3 0.6057292 0.3503906 0.0250000 0.0179687
2 0.5111979 0.3281250 0.0171875 0.0359375
2 0.4122396 0.4253906 0.0161458 0.0414062
0 0.5302083 0.6812500 0.0218750 0.0328125
0 0.3406250 0.2648437 0.0270833 0.0171875
0 0.4549479 0.5468750 0.0276042 0.0203125
5 0.4807292 0.2214844 0.0229167 0.0304687
1 0.4164062 0.2179687 0.0192708 0.0296875
4 0.5908854 0.2546875 0.0182292 0.0218750
5 0.2481771 0.4558594 0.0213542 0.0257812
2 0.6450521 0.5468750 0.0140625 0.0359375
2 0.5166667 0.4375000 0.0156250 0.0406250
5 0.5677083 0.8359375 0.0177083 0.0375000
5 0.3263021 0.3484375 0.0213542 0.0234375
2 0.6208333 0.2585938 0.0270833 0.0218750
4 0.5734375 0.7761719 0.0125000 0.0179687
5 0.4820313 0.7296875 0.0192708 0.0312500
4 0.4843750 0.7050781 0.0208333 0.0226562
0 0.5166667 0.6222656 0.0166667 0.0257812
2 0.3026042 0.3152344 0.0270833 0.0273438
0 0.5481771 0.5433594 0.0119792 0.0179687
2 0.5416667 0.2371094 0.0208333 0.0242188
5 0.6880208 0.5945312 0.0197917 0.0265625
2 0.6218750 0.4562500 0.0166667 0.0218750
5 0.4526042 0.2761719 0.0197917 0.0304687
2 0.5562500 0.7484375 0.0208333 0.0312500
5 0.6411458 0.4417969 0.0229167 0.0195312
0 0.6070313 0.1914062 0.0223958 0.0343750
0 0.7109375 0.8605469 0.0166667 0.0398437
4 0.6223958 0.5519531 0.0229167 0.0226562
3 0.6445312 0.3292969 0.0192708 0.0195312
4 0.5893229 0.7359375 0.0192708 0.0140625
9 0.6294271 0.3851562 0.0161458 0.0375000
8 0.4812500 0.4593750 0.0229167 0.0234375
7 0.3005208 0.4785156 0.0229167 0.0226562
10 0.4606771 0.5765625 0.0223958 0.0343750
10 0.3591146 0.2250000 0.0192708 0.0328125
9 0.4908854 0.6964844 0.0192708 0.0226562
10 0.5752604 0.4132812 0.0223958 0.0250000
