0 0.4375000 0.1996094 0.0177083 0.0179687
2 0.3414063 0.8468750 0.0171875 0.0359375
2 0.4122396 0.6835938 0.0140625 0.0250000
3 0.5351562 0.7292969 0.0161458 0.0210938
5 0.4645833 0.6621094 0.0187500 0.0460938
1 0.3013021 0.8804688 0.0171875 0.0453125
5 0.5794271 0.7964844 0.0244792 0.0210938
3 0.6859375 0.8527344 0.0166667 0.0460938
4 0.7096354 0.6203125 0.0307292 0.0281250
5 0.4973958 0.3472656 0.0187500 0.0273438
1 0.5971354 0.6558594 0.0276042 0.0210938
4 0.4455729 0.6437500 0.0255208 0.0218750
4 0.5088542 0.1902344 0.0250000 0.0242188
4 0.5622396 0.4488281 0.0171875 0.0164063
3 0.5627604 0.3285156 0.0286458 0.0289063
3 0.7143229 0.4324219 0.0296875 0.0304687
3 0.5184896 0.5941406 0.0119792 0.0335937
4 0.6333333 0.7183594 0.0302083 0.0210938
0 0.3760417 0.5140625 0.0281250 0.0218750
3 0.7747396 0.3375000 0.0244792 0.0250000
0 0.3718750 0.7335938 0.0291667 0.0171875
0 0.6169271 0.6753906 0.0265625 0.0226562
4 0.7250000 0.6425781 0.0302083 0.0195312
0 0.4875000 0.6917969 0.0156250 0.0195312
0 0.7455729 0.4335938 0.0161458 0.0437500
0 0.6286458 0.5292969 0.0135417 0.0195312
1 0.5864583 0.5371094 0.0208333 0.0179687
2 0.2796875 0.3351562 0.0145833 0.0312500
1 0.6817708 0.4851563 0.0281250 0.0265625
5 0.5710937 0.6355469 0.0296875 0.0226562
3 0.4440104 0.3789062 0.0276042 0.0218750
5 0.6606771 0.3500000 0.0255208 0.0187500
1 0.4223958 0.3625000 0.0197917 0.0296875
1 0.5161458 0.8675781 0.0135417 0.0195312
2 0.2427083 0.4511719 0.0197917 0.0414062
0 0.6351562 0.4152344 0.0244792 0.0289063
4 0.5744792 0.8273438 0.0270833 0.0187500
2 0.3927083 0.7351562 0.0270833 0.0218750
3 0.5567708 0.7214844 0.0281250 0.0179687
5 0.4255208 0.4421875 0.0250000 0.0265625
0 0.4695313 0.6128906 0.0171875 0.0351562
4 0.3080729 0.8382812 0.0161458 0.0390625
4 0.4929688 0.5835938 0.0182292 0.0375000
5 0.4054687 0.3050781 0.0255208 0.0210938
3 0.4281250 0.1824219 0.0156250 0.0429688
2 0.4596354 0.3648438 0.0140625 0.0390625
4 0.4963542 0.3519531 0.0177083 0.0289063
3 0.6630208 0.7472656 0.0291667 0.0273438
1 0.5828125 0.4734375 0.0197917 0.0421875
0 0.3000000 0.7789063 0.0156250 0.0375000
2 0.7906250 0.3226562 0.0250000 0.0203125
2 0.3791667 0.7546875 0.0229167 0.0250000
1 0.4739583 0.8808594 0.0270833 0.0195312
0 0.4015625 0.7386719 0.0260417 0.0195312
4 0.5513021 0.2921875 0.0151042 0.0406250
2 0.6377604 0.5128906 0.0203125 0.0382813
2 0.6390625 0.5132813 0.0260417 0.0281250
4 0.5927083 0.5652344 0.0218750 0.0351562
5 0.3643229 0.3050781 0.0182292 0.0414062
1 0.4320312 0.4570312 0.0171875 0.0171875
3 0.5789062 0.1636719 0.0192708 0.0335937
0 0.5065104 0.6746094 0.0171875 0.0351562
0 0.5341146 0.6492187 0.0244792 0.0312500
0 0.6210938 0.3523438 0.0276042 0.0312500
3 0.2825521 0.4414062 0.0296875 0.0187500
1 0.6192708 0.7312500 0.0177083 0.0250000
3 0.3901042 0.3679688 0.0156250 0.0343750
5 0.5736979 0.3363281 0.0265625 0.0195312
3 0.6466146 0.4707031 0.0244792 0.0242188
0 0.3817708 0.2058594 0.0166667 0.0429688
1 0.5747396 0.4589844 0.0307292 0.0210938
4 0.6549479 0.6644531 0.0192708 0.0195312
0 0.5210938 0.5714844 0.0286458 0.0210938
5 0.3682292 0.2558594 0.0208333 0.0367188
0 0.5585938 0.5562500 0.0171875 0.0203125
2 0.5981771 0.2378906 0.0296875 0.0210938
0 0.5596354 0.3664062 0.0255208 0.0187500
9 0.4671875 0.3699219 0.0229167 0.0382813
7 0.3020833 0.6660156 0.0260417 0.0382813
10 0.6125000 0.5554687 0.0291667 0.0296875
7 0.2104167 0.3921875 0.0197917 0.0281250
11 0.7070312 0.6562500 0.0192708 0.0390625
8 0.5265625 0.7175781 0.0166667 0.0367188
10 0.3598958 0.4871094 0.0218750 0.0257812
10 0.6197917 0.4902344 0.0229167 0.0304687
11 0.4789062 0.6210938 0.0296875 0.0406250
10 0.6341146 0.7906250 0.0255208 0.0343750
