4 0.5627604 0.1714844 0.0744792 0.0664062
3 0.4536458 0.7109375 0.0500000 0.1078125
2 0.3098958 0.2980469 0.0750000 0.0601563
0 0.5531250 0.6414062 0.0458333 0.1296875
0 0.4656250 0.3511719 0.0791667 0.0820312
0 0.5966146 0.9027344 0.0713542 0.0679687
0 0.4427083 0.2765625 0.0520833 0.1328125
5 0.6666667 0.4691406 0.0812500 0.0523438
0 0.3289063 0.7832031 0.0640625 0.0695313
4 0.3382812 0.3839844 0.0807292 0.0585938
2 0.6354167 0.4019531 0.0833333 0.0570312
3 0.5057292 0.6023437 0.0697917 0.0593750
3 0.5976562 0.5328125 0.0817708 0.0468750
2 0.5221354 0.6019531 0.0546875 0.0726563
0 0.4914062 0.8273438 0.0505208 0.1125000
2 0.1911458 0.4335938 0.0770833 0.0625000
3 0.4351563 0.4503906 0.0546875 0.0742188
3 0.6369792 0.2679687 0.0802083 0.0625000
2 0.6643229 0.8214844 0.0765625 0.0710937
4 0.5940104 0.8457031 0.0473958 0.1304687
3 0.5723958 0.8839844 0.0437500 0.1289062
1 0.4880208 0.7117187 0.0812500 0.0671875
3 0.5281250 0.1777344 0.0822917 0.0585938
1 0.5138021 0.9593750 0.0630208 0.0796875
3 0.2661458 0.6074219 0.0322917 0.1226562
4 0.7479167 0.8023438 0.0781250 0.0453125
4 0.2497396 0.4726562 0.0567708 0.1125000
0 0.6286458 0.4531250 0.0354167 0.1062500
0 0.5036458 0.5617188 0.0770833 0.0906250
5 0.3744792 0.5363281 0.0822917 0.0570312
1 0.5351562 0.5472656 0.0442708 0.0679687
3 0.4393229 0.5695313 0.0651042 0.0781250
0 0.5078125 0.4789062 0.0385417 0.0843750
1 0.6098958 0.6386719 0.0791667 0.0664062
4 0.5601563 0.4167969 0.0776042 0.0492187
3 0.5062500 0.3742187 0.0395833 0.0859375
2 0.3630208 0.7566406 0.0479167 0.0914062
3 0.5710937 0.2015625 0.0807292 0.0546875
5 0.4513021 0.6386719 0.0557292 0.1054688
0 0.7281250 0.6550781 0.0552083 0.0960938
2 0.5502604 0.5089844 0.0536458 0.0523438
2 0.5653646 0.6332031 0.0578125 0.0804688
3 0.4236979 0.4156250 0.0546875 0.0750000
10 0.5268229 0.8574219 0.0703125 0.0773438
9 0.7031250 0.2695312 0.0645833 0.1125000
8 0.6528646 0.6074219 0.0692708 0.0804688
9 0.2791667 0.1804688 0.0750000 0.0734375
11 0.5700521 0.9277344 0.0609375 0.1054688
9 0.6645833 0.5843750 0.0822917 0.0937500
9 0.6898437 0.4613281 0.0755208 0.0789062
9 0.4138021 0.5335937 0.0515625 0.1109375
7 0.7364583 0.4859375 0.0791667 0.1078125
8 0.1869792 0.5914063 0.0770833 0.0937500
11 0.6385417 0.7683594 0.0656250 0.1070312
7 0.5768229 0.8132812 0.0619792 0.1156250
11 0.2544271 0.1886719 0.0640625 0.1117188
7 0.6859375 0.1898438 0.0479167 0.1171875
8 0.7101563 0.6363281 0.0848958 0.0992187
9 0.4203125 0.5312500 0.0479167 0.0921875
6 0.4494792 0.2089844 0.0520833 0.1226562
