2 0.5708333 0.8332031 0.0197917 0.0226562
4 0.3244792 0.6601562 0.0270833 0.0203125
5 0.5158854 0.5296875 0.0161458 0.0296875
5 0.3059896 0.4597656 0.0255208 0.0179687
5 0.4393229 0.6046875 0.0192708 0.0312500
2 0.7002604 0.7871094 0.0161458 0.0242188
3 0.6861979 0.6492187 0.0244792 0.0312500
0 0.4536458 0.5511719 0.0135417 0.0226562
3 0.7015625 0.7597656 0.0281250 0.0242188
5 0.6940104 0.3148437 0.0276042 0.0234375
2 0.3721354 0.5550781 0.0296875 0.0226562
0 0.3372396 0.2996094 0.0119792 0.0257812
2 0.5421875 0.2414062 0.0145833 0.0171875
2 0.6635417 0.3718750 0.0260417 0.0187500
3 0.7250000 0.7335938 0.0239583 0.0359375
1 0.4742188 0.6097656 0.0213542 0.0289063
1 0.5507812 0.2265625 0.0265625 0.0265625
1 0.6268229 0.4953125 0.0286458 0.0203125
3 0.5421875 0.4113281 0.0229167 0.0257812
4 0.4763021 0.6707031 0.0151042 0.0195312
1 0.6583333 0.4117188 0.0166667 0.0343750
5 0.5341146 0.4546875 0.0182292 0.0203125
1 0.5247396 0.6289062 0.0286458 0.0203125
5 0.6132812 0.5929688 0.0151042 0.0281250
3 0.2710938 0.4957031 0.0171875 0.0273438
3 0.3307292 0.6980469 0.0187500 0.0179687
5 0.5500000 0.5789062 0.0260417 0.0343750
5 0.5611979 0.7046875 0.0255208 0.0203125
1 0.2880208 0.5773438 0.0156250 0.0296875
4 0.5083333 0.3929687 0.0166667 0.0218750
1 0.6541667 0.4054687 0.0166667 0.0328125
5 0.4778646 0.3214844 0.0223958 0.0273438
5 0.4559896 0.8730469 0.0255208 0.0210938
1 0.4614583 0.6890625 0.0229167 0.0328125
5 0.5989583 0.7191406 0.0270833 0.0195312
3 0.4601562 0.5632812 0.0265625 0.0218750
4 0.7286458 0.6070313 0.0281250 0.0203125
1 0.3078125 0.5144531 0.0250000 0.0242188
4 0.6981771 0.5468750 0.0265625 0.0187500
1 0.5981771 0.4187500 0.0255208 0.0187500
1 0.5059896 0.3250000 0.0140625 0.0265625
3 0.5898438 0.2617188 0.0119792 0.0328125
4 0.2317708 0.5726562 0.0166667 0.0250000
5 0.6958333 0.2054688 0.0135417 0.0265625
4 0.6731771 0.6085938 0.0171875 0.0359375
4 0.5927083 0.6527344 0.0229167 0.0226562
5 0.4794271 0.3070312 0.0140625 0.0406250
0 0.2661458 0.5039062 0.0145833 0.0406250
4 0.7697917 0.7585937 0.0229167 0.0203125
1 0.5312500 0.5906250 0.0145833 0.0312500
3 0.4622396 0.7894531 0.0182292 0.0367188
3 0.2463542 0.6519531 0.0239583 0.0257812
3 0.4757812 0.2242187 0.0223958 0.0250000
2 0.5750000 0.4000000 0.0135417 0.0359375
1 0.4450521 0.8941406 0.0161458 0.0304687
4 0.4895833 0.0542969 0.0270833 0.0195312
4 0.3255208 0.5359375 0.0125000 0.0406250
2 0.5026042 0.6710938 0.0135417 0.0328125
1 0.5809896 0.8574219 0.0276042 0.0210938
5 0.4994792 0.3585937 0.0208333 0.0406250
4 0.3625000 0.7156250 0.0125000 0.0234375
5 0.5562500 0.4984375 0.0250000 0.0171875
0 0.7164063 0.4507813 0.0265625 0.0296875
2 0.5028646 0.0730469 0.0119792 0.0367188
2 0.6903646 0.4589844 0.0296875 0.0195312
5 0.4989583 0.3304687 0.0156250 0.0375000
0 0.6697917 0.4714844 0.0156250 0.0210938
3 0.5541667 0.7679687 0.0208333 0.0187500
8 0.7442708 0.4628906 0.0229167 0.0335937
11 0.6203125 0.8511719 0.0197917 0.0382813
7 0.5651042 0.5097656 0.0239583 0.0226562
8 0.2776042 0.2535156 0.0239583 0.0242188
8 0.6723958 0.4128906 0.0177083 0.0320312
9 0.5190104 0.4003906 0.0171875 0.0351562
6 0.4890625 0.4828125 0.0250000 0.0406250
10 0.2692708 0.6937500 0.0218750 0.0250000
8 0.4859375 0.3558594 0.0166667 0.0242188
7 0.6578125 0.6703125 0.0197917 0.0296875
8 0.5255208 0.5941406 0.0208333 0.0242188
