5 0.6354167 0.5425781 0.0364583 0.0226562
3 0.4244792 0.4441406 0.0395833 0.0414062
4 0.5606771 0.1363281 0.0265625 0.0554687
2 0.6015625 0.7292969 0.0187500 0.0445313
5 0.6078125 0.4257812 0.0395833 0.0359375
3 0.2210938 0.3953125 0.0286458 0.0500000
4 0.6578125 0.8042969 0.0291667 0.0492187
4 0.4104167 0.5000000 0.0229167 0.0375000
5 0.3794271 0.6027344 0.0182292 0.0398437
5 0.5916667 0.1945312 0.0354167 0.0265625
3 0.3695312 0.4644531 0.0192708 0.0289063
5 0.6408854 0.5312500 0.0369792 0.0281250
5 0.6539063 0.5019531 0.0432292 0.0382813
4 0.7505208 0.4277344 0.0270833 0.0429688
2 0.6934896 0.6937500 0.0421875 0.0328125
1 0.5755208 0.6660156 0.0229167 0.0398437
1 0.5638021 0.4285156 0.0244792 0.0585938
0 0.6739583 0.3039062 0.0291667 0.0468750
0 0.4291667 0.2140625 0.0291667 0.0359375
4 0.5250000 0.6343750 0.0395833 0.0250000
1 0.4486979 0.6082031 0.0359375 0.0242188
2 0.5981771 0.6347656 0.0442708 0.0320312
2 0.6507812 0.6230469 0.0348958 0.0382813
2 0.5020833 0.4792969 0.0239583 0.0429688
5 0.7046875 0.4425781 0.0166667 0.0398437
4 0.6898437 0.5269531 0.0401042 0.0320312
4 0.4289062 0.6234375 0.0348958 0.0421875
0 0.4546875 0.4429688 0.0260417 0.0578125
4 0.6796875 0.2453125 0.0364583 0.0250000
2 0.4007812 0.8746094 0.0307292 0.0382813
4 0.3929687 0.8050781 0.0265625 0.0304687
1 0.6546875 0.3503906 0.0312500 0.0320312
3 0.4924479 0.0808594 0.0192708 0.0539063
5 0.6513021 0.2156250 0.0421875 0.0265625
1 0.5463542 0.3695312 0.0218750 0.0281250
3 0.5059896 0.2015625 0.0223958 0.0437500
3 0.4809896 0.5101562 0.0338542 0.0390625
3 0.6119792 0.3558594 0.0364583 0.0429688
2 0.7583333 0.5285156 0.0354167 0.0445313
1 0.5263021 0.5000000 0.0276042 0.0453125
4 0.6039062 0.3246094 0.0192708 0.0460938
4 0.5309896 0.5976562 0.0192708 0.0515625
1 0.5703125 0.7281250 0.0229167 0.0546875
0 0.4307292 0.7828125 0.0416667 0.0281250
3 0.4466146 0.4656250 0.0421875 0.0359375
3 0.5815104 0.5800781 0.0380208 0.0257812
5 0.3020833 0.5277344 0.0218750 0.0351562
5 0.4625000 0.8015625 0.0229167 0.0296875
1 0.4015625 0.3726563 0.0291667 0.0531250
1 0.6664062 0.3792969 0.0380208 0.0273438
3 0.3333333 0.5945312 0.0218750 0.0546875
3 0.3692708 0.3089844 0.0250000 0.0523438
3 0.5575521 0.7207031 0.0255208 0.0523438
3 0.6257812 0.2093750 0.0359375 0.0312500
1 0.6598958 0.4757812 0.0395833 0.0218750
3 0.3705729 0.5421875 0.0369792 0.0265625
0 0.4429688 0.2757812 0.0161458 0.0265625
0 0.4570312 0.4937500 0.0348958 0.0312500
2 0.4804688 0.3769531 0.0359375 0.0382813
1 0.3692708 0.4359375 0.0343750 0.0390625
3 0.6703125 0.1367188 0.0406250 0.0296875
3 0.5794271 0.4519531 0.0276042 0.0414062
4 0.5445313 0.8964844 0.0213542 0.0398437
0 0.5809896 0.6136719 0.0213542 0.0367188
4 0.6226563 0.4042969 0.0380208 0.0257812
0 0.5250000 0.4785156 0.0156250 0.0367188
0 0.7539062 0.7667969 0.0286458 0.0257812
1 0.4283854 0.5179687 0.0338542 0.0406250
3 0.6375000 0.8441406 0.0239583 0.0617188
4 0.6125000 0.6644531 0.0354167 0.0335937
0 0.7484375 0.9035156 0.0166667 0.0601563
0 0.4015625 0.7359375 0.0333333 0.0390625
4 0.5153646 0.5019531 0.0203125 0.0304687
2 0.3497396 0.5609375 0.0369792 0.0250000
2 0.3864583 0.8253906 0.0385417 0.0289063
7 0.3002604 0.5125000 0.0307292 0.0437500
6 0.8002604 0.6964844 0.0380208 0.0367188
7 0.6122396 0.8355469 0.0359375 0.0382813
7 0.6731771 0.3363281 0.0265625 0.0523438
8 0.2822917 0.3941406 0.0395833 0.0398437
10 0.3559896 0.3621094 0.0348958 0.0335937
10 0.6700521 0.8183594 0.0359375 0.0351562
11 0.5742188 0.3804688 0.0380208 0.0609375
7 0.5140625 0.4726562 0.0343750 0.0359375
9 0.5205729 0.5265625 0.0234375 0.0515625
