3 0.6776042 0.4546875 0.0229167 0.0250000
1 0.6976562 0.3195312 0.0244792 0.0265625
1 0.6411458 0.4117188 0.0260417 0.0218750
0 0.5718750 0.3523438 0.0156250 0.0187500
2 0.4143229 0.6062500 0.0151042 0.0312500
5 0.5083333 0.7324219 0.0239583 0.0164063
0 0.5416667 0.7210937 0.0218750 0.0218750
5 0.5437500 0.6183594 0.0218750 0.0242188
5 0.5161458 0.2445313 0.0218750 0.0265625
1 0.6322917 0.3632812 0.0145833 0.0359375
3 0.4565104 0.7144531 0.0182292 0.0304687
2 0.4346354 0.7277344 0.0234375 0.0257812
2 0.5255208 0.1589844 0.0145833 0.0351562
5 0.4536458 0.5914063 0.0218750 0.0203125
3 0.3914063 0.5824219 0.0151042 0.0195312
3 0.4231771 0.5121094 0.0182292 0.0257812
1 0.4875000 0.7828125 0.0239583 0.0156250
1 0.2960937 0.4148438 0.0140625 0.0203125
3 0.5440104 0.4402344 0.0119792 0.0226562
1 0.5973958 0.4351563 0.0125000 0.0328125
1 0.4500000 0.2097656 0.0208333 0.0257812
4 0.3658854 0.4925781 0.0192708 0.0148437
5 0.7515625 0.2296875 0.0166667 0.0218750
0 0.4229167 0.8390625 0.0156250 0.0234375
5 0.7109375 0.8136719 0.0125000 0.0351562
4 0.6427083 0.4128906 0.0218750 0.0179687
2 0.5822917 0.2863281 0.0177083 0.0148437
2 0.6020833 0.3410156 0.0250000 0.0257812
0 0.3067708 0.3062500 0.0135417 0.0375000
3 0.5385417 0.5363281 0.0218750 0.0164063
3 0.7625000 0.5000000 0.0208333 0.0218750
5 0.4721354 0.5957031 0.0151042 0.0351562
4 0.5593750 0.4898438 0.0114583 0.0375000
2 0.5781250 0.5152344 0.0125000 0.0242188
0 0.4953125 0.6406250 0.0135417 0.0406250
3 0.3416667 0.6781250 0.0135417 0.0234375
4 0.6864583 0.6371094 0.0229167 0.0210938
3 0.7213542 0.3113281 0.0187500 0.0226562
1 0.4356771 0.1644531 0.0234375 0.0179687
3 0.2648437 0.2730469 0.0151042 0.0164063
5 0.5697917 0.3019531 0.0177083 0.0335937
1 0.5695313 0.7351562 0.0130208 0.0171875
3 0.5117188 0.5445313 0.0130208 0.0265625
1 0.4372396 0.5859375 0.0223958 0.0187500
4 0.3078125 0.4312500 0.0104167 0.0187500
4 0.3710938 0.5832031 0.0109375 0.0195312
2 0.7010417 0.5929688 0.0114583 0.0359375
5 0.7528646 0.4320312 0.0223958 0.0234375
1 0.7153646 0.5750000 0.0213542 0.0218750
5 0.4645833 0.4480469 0.0250000 0.0210938
0 0.6875000 0.6722656 0.0197917 0.0210938
5 0.4768229 0.5035156 0.0130208 0.0257812
1 0.6921875 0.3125000 0.0250000 0.0171875
4 0.6281250 0.5628906 0.0197917 0.0304687
4 0.5809896 0.6695313 0.0130208 0.0359375
1 0.5877604 0.5105469 0.0265625 0.0179687
3 0.6588542 0.7250000 0.0145833 0.0171875
4 0.2776042 0.5632812 0.0125000 0.0312500
0 0.3276042 0.5628906 0.0229167 0.0210938
5 0.4393229 0.6710938 0.0234375 0.0171875
5 0.6028646 0.3621094 0.0234375 0.0164063
2 0.5747396 0.1109375 0.0151042 0.0281250
2 0.6963542 0.4945312 0.0166667 0.0328125
2 0.5359375 0.1996094 0.0156250 0.0335937
0 0.5585938 0.1808594 0.0213542 0.0148437
3 0.4578125 0.4996094 0.0208333 0.0164063
3 0.6880208 0.7253906 0.0218750 0.0148437
3 0.7664062 0.5355469 0.0192708 0.0273438
4 0.5216146 0.3347656 0.0140625 0.0320312
5 0.5291667 0.0718750 0.0218750 0.0265625
2 0.6552083 0.6769531 0.0239583 0.0242188
4 0.6976562 0.4957031 0.0109375 0.0148437
1 0.5002604 0.7355469 0.0213542 0.0273438
5 0.4638021 0.4484375 0.0182292 0.0187500
2 0.6276042 0.8457031 0.0197917 0.0210938
2 0.6005208 0.6234375 0.0260417 0.0218750
1 0.7028646 0.6410156 0.0223958 0.0273438
0 0.5190104 0.4753906 0.0244792 0.0195312
5 0.3171875 0.6574219 0.0125000 0.0179687
3 0.5513021 0.1800781 0.0130208 0.0179687
6 0.4619792 0.7535156 0.0229167 0.0242188
6 0.6520833 0.3507812 0.0229167 0.0218750
8 0.3541667 0.4695313 0.0229167 0.0328125
7 0.4700521 0.1332031 0.0223958 0.0289063
11 0.3533854 0.5851563 0.0234375 0.0281250
8 0.4773438 0.5753906 0.0213542 0.0226562
8 0.6997396 0.6753906 0.0223958 0.0242188
9 0.4929688 0.7921875 0.0223958 0.0281250
9 0.7015625 0.6960937 0.0250000 0.0234375
8 0.7125000 0.7175781 0.0187500 0.0367188
