3 0.3414063 0.5136719 0.0244792 0.0539063
0 0.5083333 0.8992187 0.0312500 0.0359375
3 0.5101562 0.8792969 0.0463542 0.0335937
0 0.7007813 0.4421875 0.0411458 0.0343750
2 0.6182292 0.2253906 0.0333333 0.0335937
2 0.3223958 0.5785156 0.0395833 0.0429688
2 0.2781250 0.4003906 0.0406250 0.0320312
0 0.5315104 0.3984375 0.0234375 0.0421875
3 0.5598958 0.1632812 0.0395833 0.0375000
5 0.6330729 0.5832031 0.0338542 0.0320312
5 0.4062500 0.5128906 0.0239583 0.0632812
2 0.5609375 0.8097656 0.0312500 0.0570312
5 0.4265625 0.4136719 0.0322917 0.0679687
0 0.5981771 0.7355469 0.0494792 0.0367188
0 0.4486979 0.2894531 0.0192708 0.0351562
1 0.3177083 0.5945312 0.0354167 0.0484375
3 0.5250000 0.3996094 0.0395833 0.0445313
2 0.5502604 0.5894531 0.0234375 0.0601563
1 0.5747396 0.6441406 0.0213542 0.0664062
1 0.5231771 0.6253906 0.0432292 0.0445313
5 0.5101562 0.7871094 0.0463542 0.0335937
4 0.5627604 0.6316406 0.0348958 0.0351562
3 0.2427083 0.4402344 0.0395833 0.0398437
5 0.1885417 0.5097656 0.0260417 0.0445313
5 0.4958333 0.9671875 0.0302083 0.0625000
8 0.4617188 0.2507813 0.0307292 0.0468750
8 0.4916667 0.1179687 0.0416667 0.0640625
7 0.5093750 0.2851562 0.0395833 0.0609375
6 0.4101562 0.6542969 0.0338542 0.0632812
11 0.6557292 0.3316406 0.0427083 0.0414062
8 0.7317708 0.6160156 0.0427083 0.0601563
