3 0.3317708 0.1589844 0.0239583 0.0210938
3 0.3466146 0.2355469 0.0286458 0.0226562
0 0.6661458 0.6035156 0.0250000 0.0242188
3 0.5578125 0.2890625 0.0145833 0.0421875
4 0.4242187 0.2550781 0.0244792 0.0242188
0 0.6208333 0.3406250 0.0125000 0.0453125
3 0.5924479 0.3878906 0.0255208 0.0179687
0 0.5388021 0.3976562 0.0213542 0.0281250
2 0.6953125 0.3625000 0.0166667 0.0265625
4 0.4700521 0.2500000 0.0171875 0.0296875
2 0.5057292 0.3773437 0.0322917 0.0234375
1 0.4937500 0.1664063 0.0145833 0.0375000
3 0.5911458 0.4191406 0.0156250 0.0351562
0 0.4125000 0.7812500 0.0291667 0.0234375
2 0.7281250 0.3671875 0.0302083 0.0375000
4 0.5101562 0.5710937 0.0161458 0.0468750
3 0.6164063 0.4476562 0.0317708 0.0187500
1 0.6671875 0.7105469 0.0187500 0.0226562
1 0.6588542 0.3777344 0.0312500 0.0226562
2 0.4789062 0.3148437 0.0213542 0.0453125
1 0.7570313 0.5859375 0.0286458 0.0187500
0 0.5815104 0.8300781 0.0151042 0.0351562
4 0.4750000 0.6191406 0.0322917 0.0226562
1 0.2968750 0.4953125 0.0135417 0.0234375
1 0.5843750 0.3710938 0.0145833 0.0250000
2 0.5054688 0.2710938 0.0192708 0.0406250
4 0.3645833 0.4578125 0.0197917 0.0265625
4 0.5419271 0.8000000 0.0276042 0.0187500
3 0.8218750 0.4261719 0.0312500 0.0257812
2 0.6901042 0.4328125 0.0302083 0.0296875
1 0.4416667 0.3679688 0.0145833 0.0234375
3 0.6554688 0.6835938 0.0161458 0.0437500
1 0.6976562 0.4062500 0.0171875 0.0375000
3 0.6075521 0.5042969 0.0307292 0.0226562
4 0.7450521 0.5656250 0.0182292 0.0406250
1 0.3414063 0.8097656 0.0140625 0.0398437
3 0.5875000 0.5925781 0.0229167 0.0289063
5 0.5523438 0.6792969 0.0328125 0.0257812
2 0.6916667 0.6554688 0.0208333 0.0421875
2 0.6257812 0.4156250 0.0296875 0.0218750
4 0.5721354 0.5000000 0.0192708 0.0296875
7 0.5856771 0.4789062 0.0213542 0.0328125
8 0.5283854 0.3523438 0.0255208 0.0312500
7 0.5398437 0.4628906 0.0296875 0.0289063
6 0.6257812 0.7417969 0.0265625 0.0445313
