1 0.3130208 0.3539062 0.0343750 0.0218750
0 0.7578125 0.7742187 0.0416667 0.0296875
4 0.5419271 0.1867187 0.0348958 0.0250000
1 0.5830729 0.4179688 0.0276042 0.0453125
3 0.4880208 0.5003906 0.0375000 0.0304687
2 0.4424479 0.2218750 0.0203125 0.0562500
0 0.5458333 0.1355469 0.0177083 0.0304687
3 0.4015625 0.1687500 0.0187500 0.0593750
5 0.2880208 0.6496094 0.0406250 0.0351562
2 0.3859375 0.6640625 0.0312500 0.0312500
3 0.4341146 0.5781250 0.0192708 0.0328125
4 0.4666667 0.8343750 0.0177083 0.0531250
2 0.6309896 0.4058594 0.0380208 0.0257812
3 0.3890625 0.7050781 0.0281250 0.0429688
0 0.3968750 0.4675781 0.0322917 0.0335937
3 0.6942708 0.3367188 0.0281250 0.0343750
3 0.4989583 0.6128906 0.0270833 0.0539063
2 0.4445312 0.8722656 0.0234375 0.0554687
8 0.4195313 0.6386719 0.0307292 0.0414062
11 0.5114583 0.2320312 0.0270833 0.0546875
7 0.6927083 0.6277344 0.0354167 0.0476562
9 0.6023437 0.3878906 0.0369792 0.0429688
9 0.4614583 0.2195313 0.0343750 0.0500000
7 0.3500000 0.4550781 0.0343750 0.0351562
11 0.5445313 0.3562500 0.0317708 0.0578125
7 0.3156250 0.7242188 0.0208333 0.0484375
9 0.4492188 0.4484375 0.0338542 0.0437500
9 0.4578125 0.5253906 0.0322917 0.0539063
10 0.7684896 0.3800781 0.0369792 0.0476562
9 0.5250000 0.3273437 0.0302083 0.0453125
8 0.2213542 0.5054688 0.0229167 0.0343750
