1 0.4369792 0.6554688 0.0177083 0.0234375
3 0.5356771 0.9671875 0.0171875 0.0265625
0 0.5052083 0.1917969 0.0177083 0.0304687
4 0.4135417 0.5878906 0.0197917 0.0304687
0 0.7247396 0.6718750 0.0171875 0.0234375
1 0.5554687 0.7792969 0.0109375 0.0210938
1 0.4458333 0.3210938 0.0135417 0.0171875
0 0.5380208 0.5781250 0.0135417 0.0203125
4 0.4213542 0.1710937 0.0104167 0.0359375
1 0.3760417 0.2640625 0.0114583 0.0250000
0 0.5101562 0.8230469 0.0203125 0.0210938
5 0.4406250 0.7558594 0.0218750 0.0289063
4 0.5283854 0.6519531 0.0234375 0.0164063
4 0.3393229 0.3652344 0.0109375 0.0320312
2 0.7046875 0.5140625 0.0218750 0.0156250
0 0.5611979 0.1703125 0.0203125 0.0171875
5 0.5257812 0.8945312 0.0161458 0.0265625
5 0.7031250 0.3398438 0.0218750 0.0250000
1 0.5578125 0.5109375 0.0260417 0.0218750
5 0.6270833 0.8257813 0.0166667 0.0171875
0 0.4421875 0.3984375 0.0145833 0.0296875
1 0.5583333 0.7652344 0.0260417 0.0179687
4 0.5000000 0.8687500 0.0145833 0.0187500
3 0.4875000 0.3015625 0.0156250 0.0312500
0 0.6213542 0.4824219 0.0250000 0.0179687
1 0.5979167 0.7792969 0.0218750 0.0179687
4 0.3854167 0.5808594 0.0239583 0.0195312
1 0.4309896 0.4359375 0.0213542 0.0218750
5 0.5091146 0.1820313 0.0171875 0.0296875
3 0.7486979 0.4921875 0.0234375 0.0187500
3 0.6343750 0.1613281 0.0239583 0.0164063
2 0.4856771 0.7632813 0.0265625 0.0171875
4 0.5242187 0.8886719 0.0244792 0.0164063
2 0.2976563 0.5394531 0.0182292 0.0195312
5 0.3947917 0.7148438 0.0197917 0.0312500
5 0.4216146 0.6738281 0.0161458 0.0226562
1 0.4807292 0.3511719 0.0187500 0.0289063
0 0.6385417 0.4988281 0.0218750 0.0148437
4 0.3802083 0.5769531 0.0187500 0.0179687
5 0.4307292 0.3484375 0.0177083 0.0265625
1 0.6838542 0.4605469 0.0218750 0.0242188
4 0.5270833 0.5832031 0.0239583 0.0164063
4 0.6278646 0.3597656 0.0223958 0.0257812
3 0.5549479 0.5101562 0.0192708 0.0328125
4 0.4734375 0.8468750 0.0156250 0.0328125
5 0.6552083 0.1750000 0.0250000 0.0187500
1 0.5786458 0.4000000 0.0229167 0.0234375
5 0.5934896 0.7671875 0.0182292 0.0156250
0 0.6638021 0.2578125 0.0223958 0.0156250
0 0.6265625 0.6730469 0.0114583 0.0195312
4 0.5260417 0.4457031 0.0145833 0.0273438
5 0.4588542 0.3832031 0.0239583 0.0195312
3 0.5161458 0.4113281 0.0114583 0.0210938
3 0.5411458 0.6390625 0.0177083 0.0234375
0 0.7234375 0.4011719 0.0177083 0.0257812
1 0.6330729 0.4601562 0.0255208 0.0187500
1 0.6351562 0.4910156 0.0203125 0.0289063
1 0.5078125 0.3199219 0.0197917 0.0164063
2 0.6434896 0.4488281 0.0223958 0.0164063
4 0.5807292 0.5203125 0.0145833 0.0203125
2 0.4578125 0.6792969 0.0114583 0.0335937
3 0.5406250 0.3355469 0.0239583 0.0179687
4 0.4734375 0.4164062 0.0208333 0.0218750
0 0.6763021 0.3761719 0.0244792 0.0164063
5 0.3820312 0.5031250 0.0109375 0.0265625
0 0.4830729 0.8843750 0.0182292 0.0328125
3 0.4822917 0.6468750 0.0104167 0.0234375
3 0.4947917 0.8679687 0.0125000 0.0359375
4 0.3526042 0.4867187 0.0114583 0.0359375
5 0.5622396 0.3238281 0.0151042 0.0195312
11 0.5406250 0.2976563 0.0218750 0.0265625
10 0.5299479 0.1562500 0.0171875 0.0250000
7 0.7440104 0.7257813 0.0192708 0.0328125
