1 0.6614583 0.6183594 0.0427083 0.1132812
5 0.8119792 0.5906250 0.0708333 0.0468750
5 0.3585937 0.4640625 0.0317708 0.0921875
1 0.3244792 0.2300781 0.0406250 0.0523438
3 0.5440104 0.2636719 0.0703125 0.0601563
5 0.6583333 0.4714844 0.0479167 0.0960938
3 0.4921875 0.3609375 0.0406250 0.0593750
2 0.3346354 0.2812500 0.0348958 0.0625000
0 0.4658854 0.1414063 0.0369792 0.0593750
5 0.3937500 0.6859375 0.0729167 0.0515625
2 0.5570312 0.5093750 0.0484375 0.0968750
3 0.2195313 0.4210937 0.0713542 0.0578125
3 0.5125000 0.7480469 0.0604167 0.0492187
4 0.6838542 0.6824219 0.0489583 0.0804688
1 0.3247396 0.4957031 0.0296875 0.0445313
4 0.4583333 0.5367188 0.0718750 0.0468750
1 0.4622396 0.7511719 0.0307292 0.0492187
5 0.3570313 0.6292969 0.0515625 0.0617188
2 0.5664062 0.6042969 0.0692708 0.0476562
2 0.5403646 0.4375000 0.0598958 0.0593750
2 0.2471354 0.5285156 0.0776042 0.0523438
0 0.6692708 0.3433594 0.0427083 0.0992187
3 0.7020833 0.5558594 0.0510417 0.0820312
1 0.5171875 0.4812500 0.0333333 0.1015625
1 0.7148438 0.7535156 0.0651042 0.0664062
1 0.3898437 0.7890625 0.0369792 0.0937500
0 0.4830729 0.9371094 0.0661458 0.0679687
5 0.5520833 0.6660156 0.0333333 0.1054688
5 0.4598958 0.4019531 0.0333333 0.0648438
2 0.4515625 0.6406250 0.0510417 0.0875000
2 0.5221354 0.8664063 0.0390625 0.1109375
2 0.6151042 0.3476562 0.0750000 0.0640625
2 0.6075521 0.3777344 0.0817708 0.0570312
2 0.7187500 0.1726563 0.0645833 0.0671875
1 0.4028646 0.2605469 0.0536458 0.1054688
4 0.3710938 0.6988281 0.0369792 0.1007813
2 0.4559896 0.7871094 0.0515625 0.0554687
0 0.6398438 0.8046875 0.0338542 0.1015625
5 0.8007812 0.4503906 0.0671875 0.0632812
1 0.6309896 0.3132813 0.0661458 0.0437500
0 0.2927083 0.5183594 0.0666667 0.0507812
2 0.4117188 0.2214844 0.0630208 0.0710937
2 0.6799479 0.5121094 0.0526042 0.0773438
5 0.4687500 0.9074219 0.0666667 0.0726563
3 0.6187500 0.3906250 0.0760417 0.0500000
4 0.5692708 0.6222656 0.0302083 0.0664062
4 0.4859375 0.5589844 0.0562500 0.0398437
1 0.4005208 0.1554687 0.0312500 0.1046875
2 0.6221354 0.4039063 0.0713542 0.0531250
0 0.5286458 0.7175781 0.0437500 0.0726563
1 0.2145833 0.4757812 0.0437500 0.0578125
5 0.6570312 0.4792969 0.0421875 0.0554687
5 0.2296875 0.5656250 0.0406250 0.0578125
4 0.6000000 0.8937500 0.0458333 0.0593750
1 0.6039062 0.6464844 0.0515625 0.0601563
3 0.4778646 0.7882813 0.0317708 0.0562500
1 0.4559896 0.1187500 0.0359375 0.0593750
2 0.6815104 0.3703125 0.0755208 0.0546875
0 0.6554688 0.1976563 0.0401042 0.0468750
1 0.6187500 0.7832031 0.0541667 0.0757812
5 0.5705729 0.2335937 0.0411458 0.1078125
0 0.4528646 0.8871094 0.0421875 0.1101562
4 0.6442708 0.5445313 0.0312500 0.0546875
2 0.6276042 0.4312500 0.0729167 0.0500000
2 0.5205729 0.5902344 0.0567708 0.0695313
4 0.7223958 0.5460938 0.0312500 0.0609375
0 0.6656250 0.4871094 0.0687500 0.0539063
3 0.4861979 0.6367188 0.0484375 0.0703125
5 0.3763021 0.5476562 0.0588542 0.0546875
4 0.4989583 0.9671875 0.0437500 0.0531250
1 0.5531250 0.2605469 0.0437500 0.0960938
1 0.3721354 0.4054687 0.0442708 0.0531250
3 0.5494792 0.7300781 0.0697917 0.0617188
0 0.5463542 0.1433594 0.0333333 0.0726563
2 0.6820312 0.4917969 0.0640625 0.0492187
6 0.6411458 0.8460937 0.0583333 0.1062500
8 0.4466146 0.5878906 0.0401042 0.0648438
8 0.4434896 0.8019531 0.0640625 0.0710937
7 0.3997396 0.1332031 0.0515625 0.0648438
10 0.3531250 0.7535156 0.0666667 0.0992187
7 0.3656250 0.5527344 0.0604167 0.0976562
9 0.4395833 0.4386719 0.0489583 0.1039063
7 0.5143229 0.3089844 0.0442708 0.1023437
6 0.7635417 0.4871094 0.0687500 0.0664062
6 0.5260417 0.5531250 0.0447917 0.0671875
