3 0.6692708 0.5320312 0.0364583 0.0500000
4 0.7434896 0.5070313 0.0526042 0.0531250
4 0.5421875 0.5738281 0.0552083 0.0414062
3 0.5570312 0.4042969 0.0515625 0.0382813
3 0.6815104 0.4636719 0.0505208 0.0304687
4 0.4708333 0.1652344 0.0218750 0.0398437
1 0.4872396 0.2523437 0.0276042 0.0359375
0 0.4437500 0.2210938 0.0468750 0.0578125
2 0.4390625 0.3332031 0.0500000 0.0414062
4 0.7406250 0.1824219 0.0239583 0.0617188
5 0.5559896 0.7132812 0.0328125 0.0359375
4 0.4250000 0.1808594 0.0343750 0.0492187
0 0.3679688 0.6500000 0.0328125 0.0546875
0 0.5492187 0.8933594 0.0348958 0.0664062
0 0.6854167 0.4035156 0.0229167 0.0460938
1 0.4963542 0.6457031 0.0375000 0.0554687
4 0.3645833 0.4250000 0.0333333 0.0515625
5 0.5325521 0.3738281 0.0182292 0.0554687
3 0.6039062 0.1039063 0.0421875 0.0593750
2 0.4299479 0.7535156 0.0234375 0.0570312
5 0.5260417 0.3746094 0.0479167 0.0335937
4 0.4401042 0.3062500 0.0458333 0.0312500
3 0.5510417 0.8109375 0.0312500 0.0281250
3 0.2700521 0.2324219 0.0442708 0.0617188
2 0.6356771 0.8328125 0.0453125 0.0406250
4 0.5093750 0.5410156 0.0312500 0.0476562
5 0.3684896 0.6378906 0.0338542 0.0570312
0 0.3815104 0.5000000 0.0401042 0.0562500
5 0.3898437 0.2714844 0.0234375 0.0414062
1 0.5018229 0.6765625 0.0369792 0.0546875
1 0.5078125 0.3035156 0.0312500 0.0398437
5 0.6828125 0.3429687 0.0458333 0.0484375
0 0.6343750 0.6156250 0.0427083 0.0687500
0 0.7528646 0.5703125 0.0411458 0.0562500
4 0.6312500 0.3402344 0.0479167 0.0414062
4 0.6270833 0.4523437 0.0479167 0.0312500
0 0.5231771 0.3464844 0.0296875 0.0460938
3 0.6164063 0.5570312 0.0223958 0.0343750
4 0.5596354 0.1792969 0.0411458 0.0539063
4 0.3927083 0.7667969 0.0520833 0.0476562
5 0.5343750 0.1917969 0.0229167 0.0429688
2 0.7151042 0.3812500 0.0229167 0.0500000
1 0.4747396 0.1355469 0.0223958 0.0382813
2 0.6835938 0.5554687 0.0494792 0.0296875
4 0.2958333 0.6750000 0.0458333 0.0343750
2 0.3450521 0.2527344 0.0401042 0.0570312
3 0.4645833 0.7464844 0.0260417 0.0679687
2 0.6809896 0.3046875 0.0348958 0.0484375
2 0.4791667 0.5121094 0.0416667 0.0429688
5 0.5442708 0.4964844 0.0437500 0.0335937
0 0.7656250 0.6734375 0.0500000 0.0437500
0 0.7276042 0.3230469 0.0260417 0.0570312
0 0.5093750 0.3312500 0.0322917 0.0406250
6 0.4406250 0.7183594 0.0458333 0.0476562
8 0.6489583 0.6632813 0.0500000 0.0500000
9 0.4367187 0.7171875 0.0380208 0.0687500
8 0.2088542 0.4359375 0.0510417 0.0750000
9 0.6507812 0.1871094 0.0453125 0.0648438
9 0.3835938 0.8125000 0.0369792 0.0656250
10 0.6091146 0.3554688 0.0494792 0.0500000
7 0.5822917 0.6398438 0.0312500 0.0531250
6 0.3398438 0.8691406 0.0307292 0.0726563
11 0.5479167 0.4578125 0.0302083 0.0687500
