2 0.7304688 0.6941406 0.1057292 0.0742188
1 0.6236979 0.5808594 0.0682292 0.1054688
2 0.6242188 0.4792969 0.0994792 0.0695313
0 0.6921875 0.2320312 0.1208333 0.0828125
0 0.6317708 0.4691406 0.0822917 0.1039063
4 0.4544271 0.7089844 0.0817708 0.1023437
1 0.3966146 0.7906250 0.0734375 0.1515625
4 0.6179687 0.4312500 0.1151042 0.0765625
2 0.6192708 0.2734375 0.0697917 0.0843750
5 0.3138021 0.3406250 0.0880208 0.1218750
2 0.6036458 0.4097656 0.1031250 0.0804688
3 0.3651042 0.5664062 0.0791667 0.1000000
4 0.6825521 0.4960938 0.0588542 0.1250000
5 0.6986979 0.3039062 0.1098958 0.0796875
5 0.5164062 0.4820313 0.0973958 0.0968750
1 0.5877604 0.4070313 0.1078125 0.0703125
3 0.6197917 0.7140625 0.1104167 0.0796875
0 0.6315104 0.5621094 0.0901042 0.1054688
2 0.7981771 0.6824219 0.0776042 0.1460937
5 0.4682292 0.1816406 0.0677083 0.1226562
3 0.4401042 0.6484375 0.0708333 0.0703125
4 0.5979167 0.4457031 0.0593750 0.1054688
4 0.7419271 0.2835937 0.0567708 0.1593750
3 0.3601563 0.7660156 0.1046875 0.0632812
5 0.7151042 0.4960938 0.0812500 0.1125000
5 0.5226563 0.3050781 0.0494792 0.1570313
6 0.5627604 0.4105469 0.0963542 0.1007813
6 0.7265625 0.5562500 0.0697917 0.0921875
6 0.7273437 0.3933594 0.0984375 0.1179687
7 0.4166667 0.4511719 0.0947917 0.0945312
7 0.5377604 0.1179687 0.0984375 0.1281250
11 0.3130208 0.6839844 0.0968750 0.1570313
11 0.7356771 0.6023437 0.0973958 0.0953125
7 0.6606771 0.6132812 0.0994792 0.0953125
7 0.3486979 0.7273437 0.0880208 0.1046875
10 0.5513021 0.3066406 0.0921875 0.1070312
11 0.5815104 0.6812500 0.0869792 0.1250000
11 0.5718750 0.2992187 0.0958333 0.1000000
9 0.6429687 0.5117188 0.1098958 0.1203125
11 0.6583333 0.4539063 0.0916667 0.1031250
6 0.7281250 0.4531250 0.1156250 0.1406250
