3 0.6427083 0.7390625 0.0822917 0.0671875
4 0.2960937 0.1753906 0.0494792 0.1632812
1 0.5684896 0.4628906 0.0890625 0.0726563
0 0.3106771 0.6289062 0.0953125 0.0843750
5 0.4692708 0.9070312 0.0885417 0.1140625
4 0.5093750 0.4847656 0.0916667 0.0835937
1 0.5067708 0.5628906 0.0979167 0.0789062
4 0.5979167 0.6132812 0.0531250 0.1562500
1 0.3593750 0.3125000 0.0593750 0.0921875
1 0.6531250 0.3691406 0.1062500 0.1070312
0 0.3083333 0.3984375 0.0479167 0.1265625
0 0.5963542 0.5394531 0.0979167 0.1320312
3 0.3380208 0.1664063 0.0968750 0.1078125
0 0.7559896 0.5289063 0.0703125 0.1156250
5 0.5716146 0.5695313 0.0921875 0.0859375
0 0.4692708 0.4199219 0.0479167 0.1742188
1 0.5794271 0.2109375 0.0921875 0.1125000
3 0.2375000 0.5261719 0.1072917 0.0835937
1 0.4927083 0.9019531 0.0854167 0.1101562
2 0.6494792 0.5761719 0.0895833 0.0929688
1 0.5104167 0.7460938 0.0718750 0.1062500
1 0.3953125 0.8523437 0.0593750 0.0718750
0 0.5039062 0.4683594 0.0942708 0.1273438
2 0.5848958 0.6082031 0.0885417 0.1273438
1 0.3203125 0.2875000 0.0593750 0.1500000
5 0.4502604 0.6906250 0.0526042 0.0734375
4 0.4968750 0.1308594 0.0489583 0.1054688
2 0.4588542 0.5339844 0.1010417 0.0804688
0 0.6093750 0.5136719 0.0541667 0.1085938
0 0.7054687 0.4449219 0.1109375 0.0773438
1 0.5703125 0.4792969 0.0843750 0.0820312
3 0.6119792 0.5375000 0.0812500 0.1484375
2 0.7268229 0.4183594 0.0473958 0.1148437
5 0.5854167 0.6531250 0.0947917 0.0953125
2 0.4692708 0.3292969 0.0666667 0.1382812
1 0.4828125 0.6777344 0.0843750 0.0742188
0 0.3244792 0.2652344 0.0468750 0.1257813
3 0.5307292 0.2203125 0.0635417 0.1640625
9 0.2174479 0.8308594 0.1005208 0.0945312
6 0.6299479 0.5687500 0.1057292 0.1015625
6 0.5080729 0.5214844 0.0942708 0.1335938
7 0.3994792 0.5441406 0.0875000 0.0882813
9 0.6726562 0.6347656 0.0901042 0.0882813
