5 0.3570313 0.3753906 0.0390625 0.0320312
0 0.7208333 0.4972656 0.0364583 0.0367188
3 0.4458333 0.6824219 0.0270833 0.0289063
2 0.5437500 0.2523437 0.0281250 0.0281250
3 0.7291667 0.7039062 0.0343750 0.0328125
1 0.3526042 0.8242188 0.0385417 0.0281250
3 0.2484375 0.3593750 0.0385417 0.0281250
4 0.5908854 0.3699219 0.0338542 0.0320312
4 0.5010417 0.7187500 0.0208333 0.0250000
2 0.3880208 0.6269531 0.0218750 0.0257812
2 0.5947917 0.4300781 0.0322917 0.0476562
2 0.4109375 0.3757813 0.0385417 0.0281250
3 0.5466146 0.3906250 0.0317708 0.0312500
4 0.5997396 0.6363281 0.0317708 0.0210938
7 0.7114583 0.7363281 0.0218750 0.0335937
11 0.4815104 0.6417969 0.0338542 0.0476562
6 0.7117187 0.6394531 0.0338542 0.0320312
9 0.6765625 0.2910156 0.0250000 0.0539063
