3 0.5333333 0.5304688 0.0291667 0.0390625
5 0.4315104 0.2292969 0.0161458 0.0382813
5 0.3750000 0.1519531 0.0156250 0.0570312
1 0.4640625 0.5664062 0.0260417 0.0453125
5 0.4031250 0.1757812 0.0239583 0.0281250
2 0.4382813 0.6285156 0.0244792 0.0523438
0 0.7033854 0.2988281 0.0369792 0.0226562
1 0.6098958 0.4476562 0.0364583 0.0250000
5 0.4549479 0.5718750 0.0223958 0.0359375
3 0.5604167 0.5597656 0.0281250 0.0289063
2 0.4065104 0.4964844 0.0234375 0.0273438
3 0.5625000 0.5628906 0.0291667 0.0335937
5 0.6125000 0.5441406 0.0312500 0.0382813
2 0.3763021 0.5191406 0.0213542 0.0429688
3 0.2885417 0.5132813 0.0343750 0.0343750
2 0.5445313 0.3750000 0.0213542 0.0296875
2 0.3739583 0.3222656 0.0260417 0.0398437
1 0.3640625 0.2046875 0.0218750 0.0515625
0 0.6177083 0.5101562 0.0260417 0.0343750
3 0.5114583 0.9136719 0.0208333 0.0539063
1 0.4791667 0.8269531 0.0302083 0.0476562
2 0.4981771 0.4925781 0.0359375 0.0289063
5 0.5835938 0.1714844 0.0234375 0.0429688
2 0.5539063 0.6472656 0.0359375 0.0414062
3 0.6479167 0.3890625 0.0333333 0.0265625
0 0.5302083 0.6527344 0.0385417 0.0304687
1 0.4317708 0.3070312 0.0250000 0.0390625
3 0.7052083 0.7832031 0.0177083 0.0539063
0 0.4734375 0.2175781 0.0343750 0.0242188
3 0.7752604 0.4296875 0.0192708 0.0562500
1 0.5625000 0.4179688 0.0260417 0.0375000
3 0.4200521 0.2437500 0.0276042 0.0546875
4 0.6382813 0.5089844 0.0223958 0.0320312
0 0.5510417 0.3457031 0.0239583 0.0351562
4 0.6937500 0.4781250 0.0364583 0.0234375
2 0.5197917 0.5750000 0.0343750 0.0250000
0 0.5856771 0.5242187 0.0203125 0.0328125
4 0.5684896 0.3417969 0.0380208 0.0429688
5 0.6002604 0.3000000 0.0182292 0.0359375
1 0.8361979 0.3992188 0.0348958 0.0296875
2 0.3294271 0.3898437 0.0234375 0.0484375
0 0.6833333 0.4453125 0.0322917 0.0234375
3 0.5666667 0.4550781 0.0364583 0.0257812
2 0.7502604 0.7246094 0.0203125 0.0273438
2 0.4773438 0.5792969 0.0223958 0.0507812
5 0.7893229 0.7476563 0.0359375 0.0250000
0 0.4697917 0.1796875 0.0218750 0.0265625
1 0.4604167 0.5125000 0.0218750 0.0265625
1 0.4294271 0.5371094 0.0203125 0.0257812
0 0.5638021 0.2757812 0.0203125 0.0531250
0 0.4760417 0.1503906 0.0364583 0.0335937
3 0.5401042 0.4890625 0.0260417 0.0343750
3 0.2174479 0.3746094 0.0213542 0.0445313
1 0.3549479 0.5601563 0.0213542 0.0343750
2 0.4716146 0.0835937 0.0223958 0.0500000
5 0.3718750 0.4578125 0.0208333 0.0359375
2 0.5929688 0.5750000 0.0276042 0.0375000
5 0.3864583 0.2960937 0.0145833 0.0296875
3 0.7221354 0.7871094 0.0296875 0.0289063
2 0.3075521 0.8320312 0.0380208 0.0281250
2 0.4861979 0.1492188 0.0234375 0.0265625
0 0.6971354 0.4882812 0.0182292 0.0500000
5 0.4023438 0.4066406 0.0255208 0.0460938
4 0.5380208 0.4007812 0.0333333 0.0218750
11 0.4981771 0.5785156 0.0307292 0.0320312
8 0.6598958 0.3070312 0.0270833 0.0515625
6 0.2609375 0.3980469 0.0291667 0.0460938
7 0.4833333 0.3835938 0.0322917 0.0500000
6 0.3039062 0.3429687 0.0348958 0.0343750
10 0.7361979 0.5285156 0.0338542 0.0335937
11 0.5320312 0.8914062 0.0244792 0.0421875
6 0.3682292 0.5617188 0.0322917 0.0390625
11 0.5468750 0.3007812 0.0312500 0.0484375
11 0.4033854 0.8613281 0.0213542 0.0492187
11 0.3710938 0.4542969 0.0338542 0.0476562
11 0.4919271 0.6550781 0.0317708 0.0585938
9 0.6002604 0.3515625 0.0255208 0.0421875
11 0.6028646 0.4128906 0.0255208 0.0398437
11 0.6549479 0.4460938 0.0338542 0.0375000
7 0.6908854 0.7765625 0.0348958 0.0406250
6 0.6971354 0.7550781 0.0380208 0.0414062
11 0.5114583 0.3855469 0.0260417 0.0507812
8 0.5385417 0.2976563 0.0343750 0.0421875
