3 0.3539062 0.6144531 0.0723958 0.0507812
2 0.2026042 0.5753906 0.0656250 0.0601563
3 0.6117187 0.3425781 0.0661458 0.0539063
5 0.4692708 0.5527344 0.0739583 0.0539063
3 0.4648438 0.4437500 0.0359375 0.1140625
5 0.3338542 0.3976562 0.0510417 0.0781250
1 0.6476563 0.1640625 0.0776042 0.0468750
4 0.2692708 0.6750000 0.0656250 0.0562500
1 0.6763021 0.0968750 0.0776042 0.0578125
4 0.5367188 0.6667969 0.0536458 0.1007813
1 0.3380208 0.2355469 0.0656250 0.0539063
0 0.4229167 0.3984375 0.0635417 0.0484375
2 0.4932292 0.7398438 0.0687500 0.0515625
0 0.5447917 0.5933594 0.0697917 0.0648438
1 0.3364583 0.5234375 0.0625000 0.0531250
3 0.2947917 0.3855469 0.0385417 0.0945312
0 0.6153646 0.5976562 0.0484375 0.1234375
6 0.6854167 0.6550781 0.0677083 0.0648438
8 0.4023438 0.8089844 0.0588542 0.0898438
6 0.7153646 0.6132812 0.0630208 0.1000000
9 0.6934896 0.6125000 0.0734375 0.0703125
11 0.5833333 0.3984375 0.0666667 0.0968750
6 0.6763021 0.7285156 0.0692708 0.0710937
