1 0.5382813 0.2382812 0.0390625 0.0875000
0 0.5223958 0.7972656 0.0291667 0.0601563
2 0.5111979 0.6609375 0.0463542 0.0453125
3 0.6851563 0.2363281 0.0526042 0.0476562
5 0.5041667 0.6546875 0.0333333 0.0531250
0 0.6216146 0.6382813 0.0630208 0.0484375
3 0.3937500 0.8656250 0.0583333 0.0375000
1 0.4364583 0.1738281 0.0479167 0.0695313
2 0.2250000 0.5359375 0.0302083 0.0687500
0 0.7481771 0.3230469 0.0265625 0.0726563
0 0.5906250 0.3003906 0.0437500 0.0632812
0 0.5703125 0.5472656 0.0625000 0.0429688
4 0.2523437 0.6558594 0.0453125 0.0585938
0 0.6020833 0.4312500 0.0666667 0.0484375
4 0.5955729 0.6660156 0.0463542 0.0523438
1 0.5093750 0.7957031 0.0437500 0.0398437
0 0.4968750 0.4910156 0.0312500 0.0882813
0 0.2906250 0.6636719 0.0447917 0.0851563
3 0.3859375 0.3062500 0.0635417 0.0484375
1 0.6250000 0.7203125 0.0625000 0.0406250
5 0.5598958 0.6031250 0.0427083 0.0578125
3 0.5979167 0.6453125 0.0458333 0.0359375
3 0.3807292 0.4503906 0.0437500 0.0507812
5 0.6393229 0.6613281 0.0598958 0.0445313
2 0.6674479 0.5949219 0.0401042 0.0992187
1 0.4927083 0.2925781 0.0468750 0.0960938
5 0.3622396 0.3871094 0.0307292 0.0539063
1 0.5734375 0.4941406 0.0322917 0.0585938
1 0.5664062 0.8546875 0.0317708 0.0656250
1 0.5171875 0.7449219 0.0406250 0.0476562
3 0.5421875 0.7421875 0.0635417 0.0437500
1 0.4536458 0.6160156 0.0458333 0.0601563
0 0.5164062 0.7878906 0.0598958 0.0570312
4 0.7114583 0.5988281 0.0625000 0.0414062
2 0.4768229 0.4304688 0.0255208 0.0531250
1 0.4726562 0.2046875 0.0255208 0.0625000
2 0.6039062 0.5214844 0.0598958 0.0523438
0 0.5895833 0.9199219 0.0645833 0.0507812
5 0.3044271 0.3203125 0.0317708 0.0750000
0 0.5565104 0.4835937 0.0276042 0.0765625
0 0.3192708 0.2398437 0.0552083 0.0328125
5 0.7382812 0.6332031 0.0630208 0.0476562
4 0.6671875 0.2289063 0.0416667 0.0453125
0 0.6205729 0.1679688 0.0557292 0.0468750
4 0.5265625 0.3343750 0.0541667 0.0453125
1 0.6276042 0.2562500 0.0281250 0.0546875
5 0.6322917 0.6277344 0.0447917 0.0476562
4 0.3890625 0.5277344 0.0635417 0.0460938
5 0.3286458 0.1925781 0.0364583 0.0570312
2 0.4567708 0.4289062 0.0375000 0.0375000
0 0.7580729 0.6730469 0.0421875 0.0664062
0 0.5921875 0.8746094 0.0395833 0.0398437
5 0.4031250 0.2718750 0.0572917 0.0640625
0 0.3843750 0.7363281 0.0604167 0.0648438
7 0.4984375 0.4203125 0.0385417 0.0546875
