1 0.4119792 0.4042969 0.0500000 0.0429688
1 0.3630208 0.4722656 0.0322917 0.0445313
3 0.5856771 0.6121094 0.0359375 0.0429688
4 0.6393229 0.3851562 0.0453125 0.0390625
1 0.3468750 0.7015625 0.0260417 0.0453125
4 0.3950521 0.3753906 0.0317708 0.0460938
0 0.5236979 0.3171875 0.0161458 0.0656250
2 0.4117188 0.4437500 0.0473958 0.0359375
0 0.3377604 0.2851562 0.0432292 0.0296875
3 0.5166667 0.6371094 0.0229167 0.0679687
5 0.6838542 0.1304687 0.0354167 0.0531250
0 0.4419271 0.4644531 0.0390625 0.0414062
3 0.7440104 0.6121094 0.0338542 0.0648438
1 0.5622396 0.5722656 0.0463542 0.0367188
0 0.5367188 0.7308594 0.0348958 0.0289063
5 0.6924479 0.4707031 0.0401042 0.0398437
0 0.3359375 0.7222656 0.0260417 0.0523438
2 0.5414062 0.1636719 0.0234375 0.0617188
5 0.4679687 0.5933594 0.0276042 0.0632812
2 0.5380208 0.6648437 0.0406250 0.0234375
2 0.5679688 0.4347656 0.0265625 0.0460938
2 0.5950521 0.2371094 0.0307292 0.0539063
1 0.6872396 0.5476562 0.0223958 0.0609375
2 0.5890625 0.5800781 0.0354167 0.0429688
0 0.6455729 0.4382813 0.0203125 0.0500000
0 0.4895833 0.5160156 0.0322917 0.0398437
5 0.6200521 0.4085937 0.0369792 0.0312500
3 0.5481771 0.4429688 0.0359375 0.0375000
2 0.6119792 0.8089844 0.0229167 0.0617188
3 0.6661458 0.3683594 0.0364583 0.0304687
2 0.3765625 0.3417969 0.0447917 0.0242188
3 0.4445312 0.5464844 0.0317708 0.0398437
4 0.5153646 0.5648437 0.0286458 0.0312500
5 0.5317708 0.3875000 0.0375000 0.0546875
3 0.5125000 0.3289063 0.0239583 0.0671875
4 0.6757812 0.4082031 0.0203125 0.0664062
2 0.6653646 0.7074219 0.0442708 0.0351562
5 0.3026042 0.6406250 0.0197917 0.0406250
1 0.6687500 0.2429688 0.0270833 0.0359375
2 0.5518229 0.5101562 0.0203125 0.0328125
9 0.5822917 0.3496094 0.0291667 0.0507812
6 0.3450521 0.4906250 0.0421875 0.0406250
8 0.3078125 0.8730469 0.0395833 0.0414062
9 0.5385417 0.7453125 0.0281250 0.0421875
