5 0.6718750 0.5011719 0.0166667 0.0367188
4 0.3963542 0.4972656 0.0177083 0.0367188
1 0.4958333 0.5101562 0.0166667 0.0421875
1 0.5575521 0.6011719 0.0213542 0.0257812
0 0.3135417 0.1285156 0.0322917 0.0289063
3 0.3390625 0.3851562 0.0291667 0.0265625
5 0.5531250 0.6804687 0.0197917 0.0437500
3 0.4205729 0.0632812 0.0317708 0.0265625
3 0.5841146 0.3390625 0.0296875 0.0203125
2 0.4429688 0.6003906 0.0203125 0.0289063
4 0.7119792 0.6070313 0.0260417 0.0250000
2 0.4322917 0.7816406 0.0260417 0.0367188
3 0.5000000 0.2949219 0.0218750 0.0289063
2 0.2861979 0.6257812 0.0151042 0.0343750
5 0.3007812 0.5023437 0.0151042 0.0328125
3 0.5682292 0.5167969 0.0270833 0.0351562
5 0.7070312 0.5386719 0.0307292 0.0210938
4 0.5513021 0.0648438 0.0286458 0.0328125
4 0.6007813 0.3343750 0.0276042 0.0328125
1 0.6377604 0.4097656 0.0151042 0.0257812
4 0.2632813 0.5437500 0.0317708 0.0250000
2 0.4835937 0.4957031 0.0255208 0.0382813
0 0.4723958 0.4960938 0.0208333 0.0359375
5 0.6250000 0.4226563 0.0302083 0.0218750
4 0.5947917 0.2789063 0.0145833 0.0437500
0 0.4916667 0.7218750 0.0177083 0.0437500
2 0.8028646 0.5164062 0.0223958 0.0390625
4 0.4007812 0.3164062 0.0151042 0.0437500
3 0.7466146 0.4667969 0.0244792 0.0398437
4 0.6486979 0.4273438 0.0276042 0.0312500
5 0.7518229 0.5484375 0.0192708 0.0265625
0 0.3869792 0.7378906 0.0312500 0.0320312
0 0.5929688 0.3488281 0.0296875 0.0257812
3 0.5127604 0.1273438 0.0234375 0.0265625
10 0.4135417 0.3062500 0.0260417 0.0296875
11 0.4789062 0.6652344 0.0213542 0.0414062
8 0.4471354 0.3890625 0.0244792 0.0453125
7 0.4497396 0.1722656 0.0296875 0.0460938
7 0.6645833 0.7765625 0.0197917 0.0453125
8 0.5643229 0.3632812 0.0307292 0.0375000
9 0.6541667 0.1386719 0.0270833 0.0429688
7 0.4041667 0.6328125 0.0239583 0.0375000
9 0.3476562 0.4433594 0.0182292 0.0304687
6 0.5234375 0.0722656 0.0281250 0.0414062
8 0.6783854 0.5640625 0.0276042 0.0312500
10 0.3393229 0.3257813 0.0265625 0.0265625
