1 0.7216146 0.5117188 0.0161458 0.0359375
0 0.6466146 0.4742188 0.0234375 0.0171875
1 0.5049479 0.7507812 0.0098958 0.0375000
1 0.6252604 0.1863281 0.0234375 0.0210938
1 0.5973958 0.7695312 0.0125000 0.0328125
0 0.4966146 0.3742187 0.0151042 0.0234375
5 0.5085937 0.4929688 0.0130208 0.0328125
4 0.5763021 0.6820312 0.0244792 0.0218750
0 0.4916667 0.2898438 0.0177083 0.0218750
0 0.6369792 0.5324219 0.0270833 0.0195312
5 0.4552083 0.5132813 0.0197917 0.0265625
5 0.3911458 0.1425781 0.0187500 0.0289063
0 0.6554688 0.5093750 0.0265625 0.0187500
2 0.2507813 0.3894531 0.0244792 0.0195312
1 0.5500000 0.7667969 0.0114583 0.0304687
0 0.6195312 0.5109375 0.0192708 0.0218750
0 0.5083333 0.2562500 0.0239583 0.0171875
1 0.4182292 0.3789062 0.0218750 0.0171875
0 0.3609375 0.6496094 0.0187500 0.0289063
1 0.4518229 0.3601563 0.0213542 0.0187500
1 0.6658854 0.3757813 0.0213542 0.0234375
3 0.4994792 0.4281250 0.0239583 0.0156250
2 0.6065104 0.7960938 0.0234375 0.0250000
4 0.5098958 0.6769531 0.0125000 0.0320312
5 0.7442708 0.5054688 0.0218750 0.0187500
1 0.4783854 0.5007812 0.0130208 0.0203125
4 0.5416667 0.3984375 0.0218750 0.0203125
3 0.6984375 0.6453125 0.0218750 0.0187500
0 0.6846354 0.4250000 0.0182292 0.0328125
5 0.6877604 0.3976562 0.0213542 0.0187500
1 0.5937500 0.5492187 0.0270833 0.0218750
1 0.5481771 0.2535156 0.0171875 0.0335937
3 0.3138021 0.5269531 0.0255208 0.0179687
2 0.3908854 0.4757812 0.0119792 0.0250000
3 0.5747396 0.3300781 0.0140625 0.0164063
0 0.6013021 0.4605469 0.0244792 0.0195312
1 0.5713542 0.6441406 0.0250000 0.0195312
0 0.6507812 0.3210938 0.0182292 0.0218750
0 0.6393229 0.7414063 0.0255208 0.0187500
0 0.6809896 0.4023438 0.0130208 0.0343750
1 0.3703125 0.7683594 0.0260417 0.0179687
2 0.7151042 0.4726562 0.0270833 0.0234375
2 0.5177083 0.7148438 0.0239583 0.0187500
0 0.6729167 0.6734375 0.0208333 0.0328125
1 0.7747396 0.5617188 0.0130208 0.0375000
4 0.4854167 0.5484375 0.0114583 0.0312500
5 0.5203125 0.0957031 0.0125000 0.0179687
2 0.6414062 0.5894531 0.0276042 0.0210938
4 0.5216146 0.5828125 0.0130208 0.0343750
3 0.3755208 0.3191406 0.0239583 0.0148437
4 0.5846354 0.6234375 0.0161458 0.0281250
3 0.3281250 0.7242188 0.0239583 0.0265625
5 0.5033854 0.2921875 0.0265625 0.0171875
3 0.4973958 0.5054688 0.0229167 0.0171875
3 0.3273437 0.6144531 0.0109375 0.0320312
5 0.5627604 0.6917969 0.0255208 0.0179687
5 0.3830729 0.7257813 0.0223958 0.0171875
0 0.6338542 0.5679688 0.0250000 0.0171875
3 0.5406250 0.4289062 0.0260417 0.0171875
2 0.3903646 0.6949219 0.0098958 0.0304687
2 0.6390625 0.1386719 0.0260417 0.0179687
4 0.7239583 0.7027344 0.0135417 0.0382813
2 0.3270833 0.7085938 0.0125000 0.0375000
2 0.4585938 0.4398437 0.0182292 0.0328125
5 0.6872396 0.2574219 0.0234375 0.0226562
2 0.6843750 0.5058594 0.0135417 0.0382813
5 0.8554688 0.4042969 0.0223958 0.0210938
4 0.4757812 0.8621094 0.0203125 0.0289063
3 0.6747396 0.3718750 0.0182292 0.0187500
4 0.3765625 0.4843750 0.0208333 0.0296875
5 0.4158854 0.5628906 0.0130208 0.0226562
3 0.3531250 0.3863281 0.0250000 0.0273438
4 0.5559896 0.4890625 0.0255208 0.0218750
6 0.4859375 0.1324219 0.0156250 0.0367188
9 0.3380208 0.5960937 0.0229167 0.0234375
6 0.4697917 0.3160156 0.0250000 0.0320312
10 0.5236979 0.5742188 0.0171875 0.0234375
8 0.3296875 0.6640625 0.0218750 0.0328125
