4 0.4106771 0.5054688 0.0286458 0.0156250
0 0.2867188 0.4414062 0.0307292 0.0296875
3 0.4971354 0.2972656 0.0307292 0.0226562
4 0.4101562 0.2421875 0.0119792 0.0406250
4 0.3414063 0.7105469 0.0286458 0.0195312
0 0.4059896 0.5671875 0.0255208 0.0234375
3 0.3656250 0.5605469 0.0239583 0.0257812
5 0.5968750 0.2820313 0.0270833 0.0234375
0 0.3239583 0.6402344 0.0145833 0.0414062
2 0.6481771 0.5117188 0.0182292 0.0390625
3 0.5854167 0.2285156 0.0239583 0.0257812
2 0.5976562 0.2359375 0.0161458 0.0343750
0 0.5888021 0.6843750 0.0296875 0.0218750
1 0.2838542 0.6503906 0.0281250 0.0195312
2 0.6171875 0.4496094 0.0302083 0.0210938
2 0.4036458 0.1335938 0.0156250 0.0437500
4 0.4432292 0.5488281 0.0291667 0.0273438
0 0.6601562 0.2230469 0.0182292 0.0398437
9 0.6273437 0.5589844 0.0255208 0.0257812
7 0.4627604 0.5019531 0.0171875 0.0257812
6 0.6153646 0.5652344 0.0244792 0.0289063
8 0.5552083 0.2589844 0.0197917 0.0414062
6 0.4596354 0.2886719 0.0203125 0.0351562
7 0.3507812 0.5960937 0.0255208 0.0343750
11 0.4460938 0.4003906 0.0276042 0.0335937
8 0.7403646 0.4074219 0.0296875 0.0367188
