0 0.3354167 0.2882812 0.0520833 0.1453125
3 0.4783854 0.7386719 0.0432292 0.1335938
5 0.6468750 0.6207031 0.0479167 0.1195313
4 0.5541667 0.6148438 0.0833333 0.1000000
4 0.6763021 0.4617188 0.0567708 0.1171875
0 0.5953125 0.3816406 0.0781250 0.0976562
0 0.7320313 0.4011719 0.0807292 0.0648438
2 0.6000000 0.3332031 0.0739583 0.0898438
3 0.5276042 0.6640625 0.0406250 0.1062500
1 0.6276042 0.3867188 0.0500000 0.1000000
0 0.7794271 0.7218750 0.0890625 0.0937500
1 0.3622396 0.4417969 0.0671875 0.0726563
5 0.5919271 0.6679688 0.0911458 0.0796875
4 0.4536458 0.4117188 0.0843750 0.0578125
0 0.6625000 0.6542969 0.0791667 0.0632812
1 0.7059896 0.3398438 0.1015625 0.0640625
5 0.4859375 0.5402344 0.0500000 0.1132812
5 0.4645833 0.1929687 0.0875000 0.0750000
0 0.5812500 0.4652344 0.0906250 0.0632812
0 0.6429687 0.2640625 0.0723958 0.1187500
3 0.7299479 0.4636719 0.0921875 0.0617188
5 0.6414062 0.4105469 0.0442708 0.1429688
1 0.5822917 0.8175781 0.0885417 0.0726563
5 0.4052083 0.4652344 0.0906250 0.0664062
3 0.7367187 0.4593750 0.0869792 0.0828125
3 0.4161458 0.3046875 0.0968750 0.0703125
1 0.6255208 0.1324219 0.0802083 0.0976562
5 0.4794271 0.7429687 0.0838542 0.0765625
3 0.4885417 0.4261719 0.0635417 0.0726563
0 0.7096354 0.6128906 0.0869792 0.0539063
5 0.5078125 0.8183594 0.0510417 0.1007813
5 0.7869792 0.3730469 0.0937500 0.0789062
0 0.6080729 0.1898438 0.0848958 0.0718750
5 0.3919271 0.3117187 0.0640625 0.1125000
4 0.5401042 0.5132813 0.0843750 0.0937500
5 0.5955729 0.3449219 0.0963542 0.0945312
0 0.5692708 0.6824219 0.0770833 0.0601563
4 0.7114583 0.2343750 0.0593750 0.1265625
3 0.2408854 0.2753906 0.0473958 0.0789062
0 0.4864583 0.4402344 0.0645833 0.0820312
1 0.5911458 0.5855469 0.0593750 0.0664062
0 0.3632812 0.1437500 0.0994792 0.0843750
1 0.5489583 0.3757813 0.0906250 0.0734375
5 0.6726562 0.5984375 0.0369792 0.1421875
1 0.6807292 0.3859375 0.0427083 0.0640625
0 0.5481771 0.6820312 0.0536458 0.0828125
3 0.5114583 0.1765625 0.0854167 0.0671875
11 0.4815104 0.3718750 0.0526042 0.1125000
7 0.7822917 0.5105469 0.0916667 0.0851563
9 0.7067708 0.4199219 0.0645833 0.1054688
9 0.6703125 0.5230469 0.0958333 0.1289062
