2 0.5825521 0.3210938 0.0203125 0.0218750
5 0.2721354 0.4457031 0.0234375 0.0195312
4 0.5986979 0.9765625 0.0140625 0.0343750
0 0.4263021 0.3464844 0.0213542 0.0179687
1 0.4518229 0.2488281 0.0151042 0.0226562
2 0.6023437 0.8175781 0.0161458 0.0304687
3 0.5330729 0.3210938 0.0109375 0.0359375
7 0.2260417 0.5652344 0.0177083 0.0210938
11 0.6057292 0.3214844 0.0229167 0.0226562
11 0.5265625 0.6132812 0.0135417 0.0328125
8 0.5736979 0.2218750 0.0223958 0.0265625
6 0.5953125 0.7000000 0.0145833 0.0234375
7 0.3606771 0.4667969 0.0213542 0.0210938
8 0.5380208 0.8523437 0.0239583 0.0265625
9 0.2281250 0.4390625 0.0229167 0.0328125
9 0.5114583 0.3218750 0.0218750 0.0328125
7 0.6729167 0.2011719 0.0229167 0.0226562
6 0.6135417 0.7687500 0.0156250 0.0359375
11 0.3687500 0.4304688 0.0218750 0.0312500
8 0.6494792 0.4976563 0.0156250 0.0343750
6 0.4419271 0.5964844 0.0140625 0.0320312
7 0.4815104 0.1976563 0.0171875 0.0328125
11 0.3283854 0.5628906 0.0151042 0.0273438
8 0.7346354 0.6484375 0.0244792 0.0234375
7 0.4898438 0.3750000 0.0192708 0.0234375
9 0.4585938 0.2968750 0.0223958 0.0312500
10 0.6986979 0.4636719 0.0223958 0.0273438
