2 0.5531250 0.4699219 0.0375000 0.0382813
2 0.3000000 0.2648437 0.0239583 0.0796875
5 0.6393229 0.6593750 0.0536458 0.0437500
2 0.5802083 0.7234375 0.0302083 0.0593750
2 0.4122396 0.4574219 0.0442708 0.0414062
0 0.5986979 0.4546875 0.0484375 0.0328125
3 0.5023437 0.2066406 0.0307292 0.0695313
1 0.6020833 0.3796875 0.0479167 0.0343750
0 0.5963542 0.5441406 0.0552083 0.0398437
1 0.5841146 0.5628906 0.0421875 0.0429688
5 0.7583333 0.6320313 0.0406250 0.0578125
2 0.4101562 0.1976563 0.0276042 0.0609375
3 0.6270833 0.2167969 0.0270833 0.0382813
0 0.5544271 0.7718750 0.0307292 0.0328125
5 0.4513021 0.6929688 0.0348958 0.0750000
1 0.4661458 0.4785156 0.0510417 0.0445313
4 0.6135417 0.5753906 0.0312500 0.0429688
5 0.3979167 0.4660156 0.0239583 0.0601563
2 0.4684896 0.6281250 0.0453125 0.0406250
2 0.4539063 0.2531250 0.0411458 0.0281250
0 0.2752604 0.7140625 0.0484375 0.0343750
4 0.5502604 0.5246094 0.0515625 0.0367188
5 0.3640625 0.6175781 0.0375000 0.0632812
3 0.4549479 0.8632812 0.0317708 0.0515625
3 0.6122396 0.7550781 0.0463542 0.0320312
2 0.5096354 0.6531250 0.0317708 0.0421875
10 0.7567708 0.4867187 0.0395833 0.0625000
9 0.5296875 0.6796875 0.0437500 0.0437500
6 0.5091146 0.3472656 0.0338542 0.0507812
10 0.5455729 0.3843750 0.0421875 0.0625000
9 0.4442708 0.2031250 0.0437500 0.0562500
6 0.3671875 0.4609375 0.0322917 0.0750000
11 0.6674479 0.6867188 0.0494792 0.0500000
10 0.4505208 0.5417969 0.0354167 0.0429688
9 0.6122396 0.4671875 0.0432292 0.0531250
10 0.2986979 0.3519531 0.0328125 0.0492187
9 0.5570312 0.4769531 0.0369792 0.0585938
9 0.3023438 0.5710937 0.0442708 0.0671875
10 0.4479167 0.1503906 0.0447917 0.0539063
9 0.5252604 0.4488281 0.0473958 0.0492187
8 0.6216146 0.6117187 0.0296875 0.0671875
10 0.4833333 0.0667969 0.0416667 0.0601563
6 0.3570313 0.2070312 0.0463542 0.0468750
8 0.4747396 0.6156250 0.0401042 0.0687500
