0 0.6744792 0.2656250 0.0125000 0.0234375
5 0.3645833 0.2605469 0.0250000 0.0195312
4 0.5408854 0.6949219 0.0182292 0.0210938
3 0.4575521 0.3554688 0.0203125 0.0281250
2 0.2161458 0.4781250 0.0197917 0.0281250
0 0.4171875 0.6937500 0.0166667 0.0390625
3 0.5781250 0.5828125 0.0250000 0.0250000
4 0.6559896 0.5914063 0.0192708 0.0234375
2 0.6846354 0.7949219 0.0255208 0.0179687
4 0.4143229 0.3953125 0.0109375 0.0328125
7 0.3242188 0.6246094 0.0151042 0.0335937
10 0.4369792 0.7386719 0.0229167 0.0242188
