4 0.7244792 0.4406250 0.0447917 0.0421875
2 0.6119792 0.7925781 0.0291667 0.0601563
1 0.3601563 0.3039062 0.0234375 0.0640625
4 0.4098958 0.3835938 0.0239583 0.0484375
4 0.5059896 0.5207031 0.0255208 0.0476562
1 0.4007812 0.1160156 0.0411458 0.0460938
3 0.4367187 0.4039063 0.0494792 0.0484375
5 0.6453125 0.2472656 0.0229167 0.0695313
0 0.3145833 0.4734375 0.0239583 0.0484375
5 0.4052083 0.6378906 0.0291667 0.0523438
1 0.7039062 0.2781250 0.0286458 0.0734375
1 0.4848958 0.4449219 0.0218750 0.0570312
1 0.5067708 0.8562500 0.0218750 0.0671875
3 0.5583333 0.3765625 0.0468750 0.0296875
3 0.5843750 0.5109375 0.0239583 0.0359375
5 0.2442708 0.3136719 0.0364583 0.0398437
3 0.3481771 0.3804688 0.0421875 0.0421875
5 0.5937500 0.4417969 0.0291667 0.0429688
2 0.7049479 0.7570313 0.0484375 0.0359375
5 0.5252604 0.7343750 0.0411458 0.0562500
2 0.3973958 0.2429688 0.0239583 0.0312500
4 0.5825521 0.6050781 0.0359375 0.0460938
2 0.4960938 0.7558594 0.0255208 0.0414062
2 0.5666667 0.3605469 0.0375000 0.0335937
5 0.3598958 0.8703125 0.0302083 0.0437500
0 0.4080729 0.2453125 0.0453125 0.0296875
2 0.4684896 0.7773438 0.0286458 0.0703125
1 0.2382812 0.2195313 0.0432292 0.0375000
0 0.5231771 0.5894531 0.0390625 0.0476562
5 0.4843750 0.6226563 0.0364583 0.0312500
3 0.2885417 0.6546875 0.0479167 0.0312500
2 0.4367187 0.3230469 0.0328125 0.0742188
1 0.3656250 0.7101563 0.0437500 0.0500000
2 0.5934896 0.6968750 0.0463542 0.0390625
4 0.6169271 0.7394531 0.0484375 0.0414062
1 0.4302083 0.7425781 0.0322917 0.0570312
4 0.4440104 0.7445312 0.0463542 0.0421875
2 0.4486979 0.3894531 0.0255208 0.0632812
0 0.5651042 0.3550781 0.0385417 0.0398437
5 0.5903646 0.3281250 0.0296875 0.0640625
2 0.2872396 0.6214844 0.0307292 0.0382813
10 0.6117187 0.2625000 0.0401042 0.0593750
10 0.3463542 0.8832031 0.0395833 0.0539063
6 0.3697917 0.1234375 0.0437500 0.0593750
6 0.5059896 0.5445313 0.0401042 0.0593750
9 0.4546875 0.4019531 0.0333333 0.0695313
6 0.5333333 0.1550781 0.0427083 0.0460938
7 0.4049479 0.2140625 0.0348958 0.0656250
9 0.5632812 0.6542969 0.0463542 0.0445313
7 0.4869792 0.2582031 0.0302083 0.0664062
