4 0.3239583 0.4476562 0.0364583 0.0375000
3 0.6348958 0.5171875 0.0302083 0.0359375
3 0.5007812 0.5960937 0.0401042 0.0281250
1 0.4580729 0.5457031 0.0161458 0.0445313
3 0.2835937 0.3406250 0.0390625 0.0296875
0 0.5986979 0.7421875 0.0255208 0.0546875
4 0.7200521 0.4089844 0.0411458 0.0351562
5 0.4468750 0.5312500 0.0208333 0.0421875
0 0.5578125 0.5453125 0.0260417 0.0484375
0 0.5335937 0.7894531 0.0432292 0.0320312
4 0.5098958 0.4445312 0.0197917 0.0421875
1 0.5450521 0.7777344 0.0296875 0.0601563
4 0.6671875 0.5554687 0.0229167 0.0390625
2 0.4932292 0.4515625 0.0177083 0.0484375
3 0.4989583 0.4496094 0.0218750 0.0523438
1 0.6351562 0.6312500 0.0203125 0.0593750
5 0.7533854 0.5683594 0.0401042 0.0335937
5 0.4908854 0.3878906 0.0411458 0.0335937
1 0.6619792 0.2230469 0.0385417 0.0304687
1 0.6625000 0.3800781 0.0375000 0.0445313
4 0.3557292 0.4585938 0.0177083 0.0375000
3 0.5023437 0.1734375 0.0286458 0.0500000
1 0.6697917 0.4316406 0.0250000 0.0289063
4 0.5981771 0.4089844 0.0213542 0.0304687
2 0.6497396 0.7257813 0.0234375 0.0593750
1 0.5861979 0.2285156 0.0328125 0.0367188
0 0.7184896 0.5117188 0.0421875 0.0343750
0 0.2440104 0.3171875 0.0421875 0.0312500
1 0.4867187 0.8667969 0.0359375 0.0367188
2 0.5372396 0.3078125 0.0338542 0.0531250
4 0.2911458 0.4960938 0.0187500 0.0390625
1 0.4005208 0.5839844 0.0218750 0.0351562
0 0.5184896 0.2320312 0.0223958 0.0250000
2 0.5854167 0.4761719 0.0385417 0.0257812
5 0.4770833 0.5011719 0.0416667 0.0289063
2 0.6091146 0.0847656 0.0421875 0.0335937
0 0.4182292 0.6582031 0.0229167 0.0632812
0 0.4830729 0.9035156 0.0276042 0.0585938
5 0.4343750 0.5484375 0.0416667 0.0390625
3 0.4346354 0.4328125 0.0276042 0.0609375
5 0.5312500 0.6964844 0.0302083 0.0539063
3 0.4075521 0.6804687 0.0192708 0.0328125
3 0.6135417 0.7320313 0.0375000 0.0359375
4 0.3424479 0.6250000 0.0171875 0.0281250
0 0.6330729 0.8332031 0.0390625 0.0210938
3 0.6906250 0.6316406 0.0260417 0.0367188
5 0.6468750 0.7062500 0.0177083 0.0312500
9 0.4924479 0.8636719 0.0369792 0.0382813
8 0.7049479 0.5449219 0.0348958 0.0335937
10 0.5145833 0.5632812 0.0322917 0.0390625
6 0.5651042 0.7281250 0.0239583 0.0359375
9 0.5570312 0.2125000 0.0411458 0.0406250
8 0.4299479 0.7964844 0.0244792 0.0570312
11 0.6859375 0.9093750 0.0395833 0.0453125
10 0.3562500 0.4007812 0.0229167 0.0437500
