5 0.6229167 0.8480469 0.0593750 0.0382813
0 0.6192708 0.3640625 0.0552083 0.0390625
1 0.5765625 0.4710937 0.0260417 0.0656250
1 0.5609375 0.2855469 0.0291667 0.0460938
3 0.3835938 0.5937500 0.0338542 0.0593750
4 0.4929688 0.8589844 0.0369792 0.0773438
3 0.2921875 0.5191406 0.0500000 0.0710937
5 0.6562500 0.7851562 0.0260417 0.0890625
3 0.3630208 0.1949219 0.0218750 0.0914062
3 0.3000000 0.5304688 0.0593750 0.0343750
3 0.5674479 0.3511719 0.0234375 0.0539063
4 0.6645833 0.7199219 0.0437500 0.0507812
5 0.4257812 0.6023437 0.0609375 0.0531250
3 0.5776042 0.1437500 0.0531250 0.0609375
1 0.4841146 0.2808594 0.0515625 0.0570312
2 0.5138021 0.2378906 0.0265625 0.0867187
2 0.6278646 0.6164063 0.0546875 0.0687500
1 0.4072917 0.1976563 0.0343750 0.0796875
0 0.6164063 0.4308594 0.0401042 0.0773438
3 0.3731771 0.6734375 0.0515625 0.0390625
3 0.6463542 0.6273437 0.0520833 0.0703125
3 0.6835938 0.3261719 0.0567708 0.0398437
1 0.6591146 0.6914062 0.0536458 0.0625000
0 0.5856771 0.4070313 0.0515625 0.0531250
5 0.3328125 0.5093750 0.0416667 0.0687500
0 0.3507812 0.3203125 0.0619792 0.0421875
5 0.4960938 0.8855469 0.0348958 0.0539063
0 0.5421875 0.3878906 0.0583333 0.0414062
5 0.5955729 0.7621094 0.0463542 0.0632812
4 0.4231771 0.6367188 0.0338542 0.0468750
9 0.5723958 0.7683594 0.0531250 0.0726563
8 0.5479167 0.4839844 0.0489583 0.0492187
11 0.6169271 0.4781250 0.0473958 0.0890625
7 0.6606771 0.7527344 0.0453125 0.0820312
7 0.5882812 0.5234375 0.0369792 0.0671875
6 0.6414062 0.6582031 0.0505208 0.0492187
