1 0.3533854 0.5484375 0.0838542 0.0718750
4 0.2927083 0.4062500 0.0729167 0.0593750
1 0.4455729 0.4789062 0.0588542 0.0609375
5 0.6260417 0.7804688 0.0635417 0.0406250
5 0.3882813 0.5964844 0.0546875 0.1039063
2 0.3973958 0.4765625 0.0760417 0.0640625
0 0.5908854 0.5789062 0.0703125 0.0640625
3 0.5057292 0.9714844 0.0479167 0.0554687
5 0.6427083 0.4355469 0.0583333 0.0554687
2 0.6851563 0.3269531 0.0401042 0.1195313
5 0.5414062 0.3699219 0.0348958 0.0867187
1 0.6747396 0.4351563 0.0463542 0.0578125
2 0.4973958 0.2457031 0.0833333 0.0632812
2 0.5958333 0.3710938 0.0510417 0.0718750
5 0.3260417 0.3078125 0.0833333 0.0640625
5 0.5669271 0.8921875 0.0473958 0.0593750
1 0.7151042 0.5832031 0.0760417 0.0492187
2 0.4390625 0.5812500 0.0395833 0.0671875
3 0.4479167 0.6386719 0.0729167 0.0757812
3 0.7088542 0.6097656 0.0781250 0.0539063
5 0.4601562 0.7074219 0.0421875 0.0757812
3 0.5822917 0.4722656 0.0625000 0.0523438
0 0.5111979 0.3886719 0.0598958 0.0851563
4 0.5286458 0.5679688 0.0583333 0.0656250
1 0.3302083 0.8144531 0.0364583 0.0664062
1 0.6671875 0.7226562 0.0583333 0.1000000
3 0.6979167 0.6750000 0.0791667 0.0593750
4 0.3911458 0.1894531 0.0687500 0.0742188
2 0.5325521 0.6984375 0.0473958 0.0843750
4 0.4645833 0.3464844 0.0500000 0.0710937
2 0.6838542 0.6425781 0.0395833 0.1132812
5 0.6429687 0.8816406 0.0338542 0.0898438
1 0.4888021 0.4527344 0.0734375 0.0523438
3 0.5723958 0.2382812 0.0583333 0.1093750
5 0.5937500 0.7980469 0.0791667 0.0601563
4 0.5606771 0.3382812 0.0421875 0.1125000
2 0.5973958 0.5742188 0.0812500 0.0609375
0 0.5804687 0.6562500 0.0463542 0.0625000
0 0.7106771 0.2953125 0.0390625 0.1031250
0 0.4830729 0.2832031 0.0505208 0.1132812
5 0.4153646 0.1691406 0.0588542 0.1117188
5 0.5799479 0.8742188 0.0734375 0.0578125
2 0.3000000 0.8027344 0.0854167 0.0585938
4 0.6679688 0.6917969 0.0432292 0.0632812
2 0.5820312 0.4500000 0.0609375 0.1156250
0 0.6515625 0.4792969 0.0562500 0.0757812
2 0.4460938 0.4707031 0.0494792 0.1117188
1 0.6333333 0.5445313 0.0687500 0.0718750
2 0.7255208 0.8003906 0.0812500 0.0570312
0 0.6247396 0.6613281 0.0494792 0.0929688
2 0.6695313 0.6429687 0.0651042 0.0937500
5 0.7341146 0.3117187 0.0859375 0.0578125
1 0.3828125 0.6917969 0.0447917 0.1070312
2 0.3916667 0.6507812 0.0510417 0.1109375
5 0.7414063 0.4382813 0.0859375 0.0656250
1 0.6453125 0.6390625 0.0531250 0.0593750
4 0.4729167 0.4562500 0.0500000 0.1156250
3 0.5651042 0.4382813 0.0697917 0.0750000
2 0.5947917 0.8449219 0.0802083 0.0695313
5 0.7598958 0.5734375 0.0760417 0.0734375
1 0.5799479 0.8222656 0.0421875 0.0554687
1 0.5098958 0.5976562 0.0791667 0.0656250
3 0.7442708 0.2699219 0.0395833 0.0664062
0 0.6510417 0.5363281 0.0812500 0.0601563
4 0.7075521 0.7707031 0.0380208 0.1304687
0 0.5973958 0.1902344 0.0531250 0.0710937
0 0.5559896 0.5257812 0.0390625 0.0546875
0 0.7299479 0.4027344 0.0890625 0.0523438
2 0.4848958 0.3492188 0.0729167 0.0593750
8 0.3890625 0.3925781 0.0770833 0.0820312
8 0.4414062 0.5058594 0.0671875 0.0882813
6 0.6291667 0.6796875 0.0531250 0.1250000
8 0.3440104 0.5289063 0.0786458 0.0765625
6 0.5895833 0.3195312 0.0687500 0.0718750
7 0.5098958 0.6316406 0.0479167 0.0742188
9 0.4510417 0.5433594 0.0625000 0.0773438
11 0.4114583 0.0703125 0.0531250 0.1125000
11 0.5268229 0.8738281 0.0671875 0.1054688
7 0.6958333 0.3398438 0.0520833 0.1046875
