5 0.6799479 0.5179687 0.1276042 0.1015625
1 0.6723958 0.8238281 0.1489583 0.0976562
2 0.4877604 0.7511719 0.1182292 0.1210938
5 0.3630208 0.8757812 0.0833333 0.0984375
1 0.4109375 0.7128906 0.1093750 0.0976562
5 0.6059896 0.6222656 0.0442708 0.0867187
2 0.6385417 0.4847656 0.1364583 0.1289062
2 0.1752604 0.5523438 0.0942708 0.1375000
4 0.6354167 0.6265625 0.0739583 0.2140625
3 0.5260417 0.2992187 0.0895833 0.1125000
5 0.6507812 0.7792969 0.0828125 0.2007812
1 0.4848958 0.5453125 0.0645833 0.1531250
4 0.6190104 0.6636719 0.0817708 0.0992187
4 0.4557292 0.3523438 0.1270833 0.0921875
5 0.6734375 0.3671875 0.1270833 0.1000000
1 0.6179687 0.7246094 0.1182292 0.1117188
0 0.3591146 0.1769531 0.1046875 0.1351563
1 0.6106771 0.5246094 0.1401042 0.0992187
4 0.4760417 0.6125000 0.0635417 0.0906250
3 0.6080729 0.5636719 0.1119792 0.1367188
5 0.3226562 0.5875000 0.1171875 0.0812500
0 0.5815104 0.3347656 0.1109375 0.0976562
2 0.7375000 0.4898438 0.1479167 0.1312500
0 0.6341146 0.7250000 0.0901042 0.0859375
3 0.3723958 0.6402344 0.1333333 0.0867187
0 0.8132812 0.3753906 0.1078125 0.1226562
0 0.6158854 0.2382812 0.1432292 0.1093750
3 0.6578125 0.4183594 0.1385417 0.1070312
4 0.7828125 0.4027344 0.1031250 0.0882813
4 0.4171875 0.2414062 0.0802083 0.1703125
1 0.7010417 0.7691406 0.1395833 0.1210938
1 0.3630208 0.3558594 0.0729167 0.1945312
2 0.5877604 0.3234375 0.0942708 0.1687500
2 0.5468750 0.6410156 0.1447917 0.1476562
1 0.6453125 0.8234375 0.1197917 0.1156250
2 0.6398438 0.1335938 0.0817708 0.1781250
0 0.6684896 0.3910156 0.1473958 0.1226562
4 0.4744792 0.8507813 0.1302083 0.1500000
0 0.5559896 0.2714844 0.1119792 0.0867187
2 0.2291667 0.4562500 0.1385417 0.1125000
5 0.5606771 0.9863281 0.0505208 0.0257812
4 0.1859375 0.4628906 0.1093750 0.1554687
0 0.6825521 0.5257812 0.1328125 0.0937500
0 0.3822917 0.5996094 0.0729167 0.1132812
1 0.5617188 0.2710938 0.0734375 0.0937500
2 0.5307292 0.4250000 0.1197917 0.1343750
0 0.4557292 0.5882812 0.0635417 0.1765625
0 0.5760417 0.8921875 0.0885417 0.1812500
3 0.5739583 0.9082031 0.1354167 0.0960938
0 0.1864583 0.7402344 0.0729167 0.1742188
3 0.5195312 0.1488281 0.0807292 0.2132813
4 0.6182292 0.6375000 0.1322917 0.1046875
0 0.3901042 0.5097656 0.1083333 0.1773437
5 0.5869792 0.2867188 0.1343750 0.0859375
4 0.6231771 0.3644531 0.1036458 0.1132812
1 0.6052083 0.4246094 0.1031250 0.1242188
3 0.4062500 0.6140625 0.0708333 0.1265625
5 0.6187500 0.1656250 0.0916667 0.1968750
0 0.6882812 0.4453125 0.1192708 0.1000000
5 0.4338542 0.7242188 0.1114583 0.1640625
2 0.2867188 0.6832031 0.0588542 0.1851562
0 0.4783854 0.3976562 0.1442708 0.1093750
1 0.5268229 0.0882813 0.0890625 0.1765625
8 0.6575521 0.0847656 0.1151042 0.1695312
6 0.4552083 0.7585937 0.0864583 0.1718750
6 0.4510417 0.7242188 0.0781250 0.1703125
11 0.7210937 0.6820312 0.1286458 0.1359375
8 0.6968750 0.3906250 0.1291667 0.1562500
6 0.5708333 0.7679687 0.1020833 0.1406250
10 0.5867187 0.1953125 0.1234375 0.1843750
8 0.3067708 0.2269531 0.1177083 0.1617187
11 0.4518229 0.7460938 0.0786458 0.1843750
10 0.5695313 0.6929688 0.1192708 0.1187500
11 0.5341146 0.4328125 0.1265625 0.1375000
9 0.7265625 0.4015625 0.1281250 0.1281250
