3 0.5562500 0.5066406 0.0260417 0.0273438
0 0.4080729 0.3582031 0.0286458 0.0210938
0 0.6864583 0.8484375 0.0260417 0.0234375
2 0.6851563 0.6503906 0.0192708 0.0320312
1 0.3505208 0.7105469 0.0125000 0.0179687
3 0.5471354 0.3617187 0.0151042 0.0328125
4 0.3765625 0.8355469 0.0156250 0.0226562
3 0.5348958 0.1410156 0.0239583 0.0289063
0 0.5572917 0.3773437 0.0291667 0.0203125
0 0.5156250 0.4527344 0.0250000 0.0210938
1 0.6388021 0.1195313 0.0182292 0.0281250
5 0.6177083 0.4476562 0.0270833 0.0250000
4 0.6604167 0.3613281 0.0218750 0.0289063
1 0.6109375 0.6980469 0.0166667 0.0304687
4 0.3161458 0.2148438 0.0291667 0.0203125
3 0.3278646 0.7429687 0.0119792 0.0296875
2 0.5231771 0.1757812 0.0140625 0.0406250
3 0.3442708 0.6410156 0.0281250 0.0210938
4 0.7216146 0.5195312 0.0130208 0.0265625
3 0.4289062 0.7726563 0.0192708 0.0312500
1 0.5955729 0.6867188 0.0171875 0.0281250
2 0.7062500 0.7191406 0.0135417 0.0398437
3 0.5807292 0.4320312 0.0187500 0.0296875
5 0.4010417 0.6773438 0.0145833 0.0250000
2 0.4486979 0.1097656 0.0171875 0.0382813
5 0.4153646 0.1636719 0.0161458 0.0382813
2 0.6984375 0.5777344 0.0239583 0.0320312
5 0.3505208 0.3628906 0.0166667 0.0289063
1 0.4916667 0.8460937 0.0270833 0.0203125
0 0.2958333 0.3734375 0.0250000 0.0171875
1 0.5927083 0.3496094 0.0250000 0.0179687
3 0.5617188 0.1601562 0.0203125 0.0234375
4 0.6533854 0.6285156 0.0255208 0.0164063
1 0.3997396 0.7789063 0.0244792 0.0281250
5 0.5010417 0.5546875 0.0135417 0.0359375
4 0.4239583 0.6281250 0.0291667 0.0218750
0 0.4489583 0.6574219 0.0250000 0.0195312
3 0.6583333 0.3160156 0.0218750 0.0210938
1 0.5070313 0.6332031 0.0182292 0.0289063
2 0.6273437 0.8132812 0.0265625 0.0187500
5 0.4627604 0.6734375 0.0244792 0.0187500
2 0.6903646 0.6460938 0.0286458 0.0234375
5 0.3731771 0.2648437 0.0203125 0.0187500
1 0.4166667 0.7000000 0.0229167 0.0187500
1 0.6520833 0.5882812 0.0260417 0.0281250
4 0.6809896 0.3871094 0.0171875 0.0195312
0 0.6216146 0.1203125 0.0161458 0.0203125
1 0.6484375 0.4472656 0.0177083 0.0210938
5 0.5794271 0.4445312 0.0265625 0.0281250
5 0.4695313 0.7640625 0.0192708 0.0328125
5 0.5718750 0.3195312 0.0218750 0.0281250
3 0.5572917 0.5113281 0.0156250 0.0242188
5 0.4080729 0.4089844 0.0171875 0.0226562
5 0.3250000 0.6187500 0.0250000 0.0218750
0 0.6070313 0.7089844 0.0255208 0.0179687
4 0.6695313 0.8367187 0.0140625 0.0343750
1 0.5903646 0.7355469 0.0276042 0.0242188
1 0.5648437 0.7609375 0.0130208 0.0406250
3 0.2614583 0.2855469 0.0270833 0.0195312
0 0.7018229 0.7375000 0.0213542 0.0281250
5 0.4195313 0.4429688 0.0151042 0.0359375
4 0.5825521 0.5738281 0.0255208 0.0164063
2 0.5419271 0.7097656 0.0171875 0.0382813
6 0.6505208 0.2699219 0.0270833 0.0257812
6 0.6179687 0.4492188 0.0255208 0.0296875
8 0.4513021 0.4398437 0.0192708 0.0390625
6 0.4757812 0.7464844 0.0171875 0.0351562
11 0.5518229 0.7003906 0.0276042 0.0367188
7 0.3507812 0.4660156 0.0244792 0.0289063
9 0.6216146 0.3695312 0.0223958 0.0281250
9 0.5565104 0.3648438 0.0234375 0.0234375
7 0.5895833 0.5296875 0.0177083 0.0234375
6 0.6950521 0.6269531 0.0182292 0.0429688
8 0.4242187 0.3460937 0.0255208 0.0312500
9 0.6283854 0.7574219 0.0234375 0.0257812
10 0.3562500 0.5542969 0.0197917 0.0335937
10 0.6234375 0.7082031 0.0166667 0.0335937
8 0.5570312 0.7015625 0.0223958 0.0390625
7 0.3203125 0.7070312 0.0166667 0.0390625
9 0.7213542 0.4949219 0.0260417 0.0257812
