5 0.6356771 0.6441406 0.0411458 0.0351562
2 0.2682292 0.1906250 0.0437500 0.0468750
5 0.4692708 0.4394531 0.0208333 0.0382813
4 0.4630208 0.5152344 0.0208333 0.0351562
2 0.4075521 0.5570312 0.0484375 0.0359375
3 0.5906250 0.5121094 0.0229167 0.0476562
2 0.5619792 0.2902344 0.0437500 0.0570312
1 0.5776042 0.6011719 0.0416667 0.0320312
2 0.5817708 0.7695312 0.0479167 0.0406250
1 0.6268229 0.1824219 0.0265625 0.0585938
2 0.7848958 0.4574219 0.0479167 0.0367188
1 0.5377604 0.5828125 0.0411458 0.0281250
0 0.5893229 0.2683594 0.0203125 0.0351562
0 0.3945312 0.2585938 0.0276042 0.0562500
5 0.8046875 0.5468750 0.0354167 0.0406250
0 0.5236979 0.4738281 0.0421875 0.0273438
2 0.4695313 0.5339844 0.0484375 0.0398437
3 0.3312500 0.5066406 0.0489583 0.0460938
2 0.5932292 0.4726562 0.0354167 0.0390625
4 0.4338542 0.2027344 0.0375000 0.0664062
0 0.6085938 0.4058594 0.0380208 0.0382813
0 0.4270833 0.1667969 0.0260417 0.0398437
2 0.4911458 0.6289062 0.0458333 0.0312500
2 0.3807292 0.3144531 0.0343750 0.0632812
4 0.5997396 0.6378906 0.0359375 0.0585938
0 0.5182292 0.7976562 0.0291667 0.0640625
5 0.6721354 0.2160156 0.0213542 0.0695313
5 0.6088542 0.6718750 0.0229167 0.0375000
2 0.6648437 0.3617187 0.0421875 0.0359375
4 0.5072917 0.7343750 0.0229167 0.0359375
1 0.5578125 0.5558594 0.0385417 0.0476562
3 0.4846354 0.5269531 0.0307292 0.0398437
4 0.5346354 0.4828125 0.0234375 0.0625000
0 0.4325521 0.7183594 0.0213542 0.0726563
1 0.3966146 0.6257812 0.0442708 0.0453125
5 0.6460938 0.6214844 0.0380208 0.0414062
3 0.5893229 0.4031250 0.0442708 0.0406250
1 0.8046875 0.5148438 0.0416667 0.0453125
3 0.4734375 0.2925781 0.0239583 0.0289063
3 0.4559896 0.2273438 0.0328125 0.0437500
2 0.3630208 0.6136719 0.0187500 0.0476562
1 0.4552083 0.2355469 0.0218750 0.0570312
2 0.3218750 0.6335937 0.0447917 0.0421875
0 0.3460937 0.0824219 0.0484375 0.0382813
1 0.4510417 0.6550781 0.0197917 0.0632812
3 0.5497396 0.4011719 0.0369792 0.0398437
5 0.6005208 0.6625000 0.0416667 0.0359375
3 0.3096354 0.6011719 0.0463542 0.0335937
3 0.5088542 0.2691406 0.0458333 0.0335937
1 0.6062500 0.7335938 0.0437500 0.0375000
3 0.3520833 0.6929688 0.0260417 0.0625000
1 0.4114583 0.4085937 0.0489583 0.0312500
4 0.4338542 0.4765625 0.0468750 0.0437500
3 0.7335938 0.5679688 0.0463542 0.0406250
4 0.6828125 0.5867187 0.0291667 0.0750000
2 0.2864583 0.4398437 0.0437500 0.0390625
0 0.2330729 0.5761719 0.0223958 0.0382813
0 0.5856771 0.7339844 0.0453125 0.0367188
1 0.6666667 0.6105469 0.0416667 0.0382813
5 0.6059896 0.5269531 0.0421875 0.0460938
3 0.5867187 0.5082031 0.0390625 0.0398437
5 0.5768229 0.4617188 0.0328125 0.0640625
4 0.4205729 0.6847656 0.0442708 0.0367188
3 0.5289063 0.4855469 0.0296875 0.0414062
3 0.3531250 0.5160156 0.0437500 0.0476562
0 0.2812500 0.2644531 0.0229167 0.0648438
5 0.4361979 0.4800781 0.0526042 0.0398437
5 0.4218750 0.7382812 0.0447917 0.0312500
4 0.5013021 0.1945312 0.0369792 0.0343750
5 0.4570312 0.5492187 0.0411458 0.0406250
3 0.5942708 0.3855469 0.0437500 0.0429688
3 0.4445312 0.5285156 0.0213542 0.0460938
8 0.4815104 0.7781250 0.0307292 0.0609375
