5 0.4458333 0.6988281 0.0531250 0.0585938
3 0.8059896 0.6882812 0.0734375 0.0906250
0 0.7166667 0.2910156 0.0812500 0.0570312
3 0.6492187 0.6246094 0.0859375 0.0695313
5 0.5132813 0.7761719 0.0505208 0.0523438
3 0.4260417 0.5476562 0.0843750 0.0593750
3 0.6966146 0.3664062 0.0723958 0.0578125
2 0.4567708 0.2230469 0.0854167 0.0632812
3 0.5812500 0.3441406 0.0458333 0.1023437
3 0.6195312 0.3808594 0.0796875 0.0929688
2 0.6184896 0.6281250 0.0713542 0.0515625
0 0.5697917 0.3035156 0.0822917 0.0617188
4 0.6294271 0.8558594 0.0765625 0.0804688
5 0.7455729 0.4371094 0.0703125 0.0898438
6 0.4453125 0.7921875 0.0479167 0.1078125
7 0.3572917 0.5343750 0.0593750 0.1140625
8 0.5640625 0.5570312 0.0479167 0.1015625
