5 0.4627604 0.4625000 0.0265625 0.0687500
4 0.6554688 0.0738281 0.0557292 0.0445313
0 0.4703125 0.8816406 0.0437500 0.0742188
5 0.6197917 0.3082031 0.0479167 0.0476562
2 0.3929687 0.7367187 0.0546875 0.0437500
2 0.5888021 0.4160156 0.0432292 0.0726563
1 0.6588542 0.5000000 0.0250000 0.0437500
3 0.4203125 0.6242188 0.0312500 0.0484375
6 0.3424479 0.5542969 0.0546875 0.0554687
7 0.3476562 0.5800781 0.0526042 0.0742188
11 0.2125000 0.3410156 0.0531250 0.0820312
7 0.4093750 0.8433594 0.0500000 0.0554687
8 0.2898438 0.5429688 0.0546875 0.0750000
8 0.6122396 0.3316406 0.0515625 0.0601563
6 0.4747396 0.6707031 0.0348958 0.0726563
7 0.4403646 0.2382812 0.0505208 0.0500000
9 0.6335937 0.4632812 0.0494792 0.0671875
11 0.6078125 0.4472656 0.0427083 0.0632812
6 0.6161458 0.2335937 0.0375000 0.0875000
7 0.5882812 0.1785156 0.0526042 0.0835937
8 0.6562500 0.0824219 0.0541667 0.0742188
9 0.3679688 0.5769531 0.0390625 0.0679687
10 0.5932292 0.5414062 0.0520833 0.0531250
11 0.4424479 0.4707031 0.0390625 0.0742188
