4 0.5046875 0.6425781 0.0541667 0.1773437
0 0.6421875 0.4187500 0.1229167 0.0890625
3 0.7414063 0.4675781 0.1130208 0.0773438
1 0.5372396 0.3199219 0.1255208 0.1007813
3 0.7330729 0.7648438 0.1244792 0.0859375
1 0.7015625 0.3664062 0.0645833 0.1796875
1 0.5955729 0.5191406 0.1317708 0.0976562
5 0.5138021 0.7863281 0.0598958 0.1507813
5 0.6531250 0.7964844 0.1145833 0.1007813
0 0.6614583 0.7566406 0.1218750 0.0898438
4 0.7299479 0.2785156 0.1213542 0.1085938
4 0.7013021 0.6492187 0.1192708 0.0859375
0 0.4109375 0.2863281 0.1156250 0.0679687
5 0.5533854 0.3914063 0.1119792 0.0765625
5 0.6015625 0.8164062 0.0895833 0.1375000
0 0.6093750 0.8257813 0.0822917 0.0734375
5 0.4062500 0.2179687 0.1010417 0.0687500
0 0.4976563 0.7632813 0.0682292 0.1843750
3 0.6945313 0.2507813 0.1192708 0.0968750
2 0.5119792 0.2449219 0.0593750 0.1664063
0 0.3645833 0.5300781 0.1072917 0.1117188
2 0.3544271 0.5695313 0.0744792 0.1484375
5 0.2307292 0.5539063 0.0593750 0.1312500
4 0.6739583 0.5863281 0.0656250 0.0742188
11 0.5648437 0.3832031 0.0984375 0.1664063
8 0.6325521 0.1058594 0.1067708 0.1132812
9 0.7023438 0.8710938 0.0713542 0.1343750
9 0.6898437 0.5519531 0.1078125 0.1039063
7 0.5479167 0.3425781 0.1041667 0.1257813
9 0.6335937 0.6601562 0.0776042 0.1562500
9 0.7273437 0.5796875 0.1244792 0.1625000
8 0.6932292 0.4582031 0.0656250 0.1398437
11 0.6315104 0.7308594 0.0942708 0.1742188
8 0.7299479 0.5648437 0.0921875 0.1375000
6 0.3945312 0.5386719 0.0661458 0.1195313
6 0.2828125 0.5914063 0.1072917 0.1156250
6 0.6036458 0.6718750 0.1020833 0.1078125
10 0.6734375 0.6320313 0.1000000 0.1078125
7 0.4851563 0.4542969 0.1026042 0.1117188
10 0.4210937 0.2855469 0.0932292 0.1539062
8 0.4804688 0.4828125 0.0755208 0.1281250
9 0.2549479 0.4890625 0.1161458 0.1140625
9 0.4572917 0.5562500 0.1093750 0.1375000
