2 0.6140625 0.5753906 0.0281250 0.0226562
2 0.4786458 0.4132812 0.0208333 0.0171875
3 0.3875000 0.7355469 0.0281250 0.0164063
4 0.3114583 0.6128906 0.0114583 0.0210938
0 0.4161458 0.7085938 0.0145833 0.0375000
4 0.4247396 0.6753906 0.0203125 0.0289063
3 0.3997396 0.5074219 0.0255208 0.0226562
1 0.4546875 0.5601563 0.0156250 0.0265625
5 0.4341146 0.3117187 0.0151042 0.0250000
2 0.2893229 0.6167969 0.0255208 0.0210938
5 0.2593750 0.7035156 0.0229167 0.0335937
1 0.4718750 0.2019531 0.0166667 0.0414062
5 0.4861979 0.7835937 0.0171875 0.0359375
3 0.5039062 0.1511719 0.0244792 0.0242188
0 0.6778646 0.2386719 0.0255208 0.0195312
0 0.5989583 0.7078125 0.0250000 0.0171875
2 0.6104167 0.4839844 0.0239583 0.0257812
2 0.6236979 0.2726562 0.0265625 0.0250000
2 0.5007812 0.2792969 0.0151042 0.0382813
0 0.6080729 0.3214844 0.0244792 0.0164063
2 0.5713542 0.1480469 0.0177083 0.0257812
3 0.4398437 0.3078125 0.0151042 0.0203125
5 0.4234375 0.3722656 0.0166667 0.0242188
4 0.4544271 0.5910156 0.0140625 0.0398437
5 0.4726562 0.6839844 0.0140625 0.0289063
3 0.5210938 0.7949219 0.0234375 0.0226562
5 0.4067708 0.5976562 0.0135417 0.0343750
0 0.4583333 0.7000000 0.0197917 0.0250000
3 0.2695312 0.4781250 0.0255208 0.0218750
4 0.6078125 0.2417969 0.0125000 0.0398437
5 0.7427083 0.3839844 0.0239583 0.0210938
5 0.3630208 0.3925781 0.0197917 0.0351562
3 0.3622396 0.1597656 0.0255208 0.0210938
3 0.5864583 0.3710938 0.0145833 0.0171875
5 0.6791667 0.7691406 0.0218750 0.0273438
1 0.3919271 0.2226562 0.0140625 0.0281250
4 0.3799479 0.2089844 0.0161458 0.0320312
0 0.4705729 0.1414063 0.0244792 0.0234375
5 0.5270833 0.5027344 0.0270833 0.0195312
3 0.4447917 0.9367188 0.0166667 0.0312500
2 0.2971354 0.3453125 0.0130208 0.0234375
5 0.3231771 0.2996094 0.0161458 0.0257812
2 0.5312500 0.5878906 0.0156250 0.0210938
2 0.5856771 0.4386719 0.0151042 0.0210938
4 0.5536458 0.2519531 0.0239583 0.0242188
1 0.5395833 0.8082031 0.0197917 0.0179687
2 0.3481771 0.2476562 0.0161458 0.0421875
5 0.5184896 0.2832031 0.0119792 0.0367188
2 0.5507812 0.2683594 0.0151042 0.0351562
0 0.5666667 0.7152344 0.0239583 0.0148437
4 0.5812500 0.2964844 0.0218750 0.0210938
3 0.6442708 0.7078125 0.0239583 0.0328125
5 0.2718750 0.6558594 0.0239583 0.0226562
7 0.4367187 0.2562500 0.0255208 0.0328125
8 0.4270833 0.0128906 0.0239583 0.0257812
10 0.4380208 0.6816406 0.0218750 0.0226562
