1 0.4135417 0.1226562 0.0229167 0.0218750
0 0.5239583 0.2625000 0.0197917 0.0343750
5 0.6296875 0.7078125 0.0302083 0.0312500
0 0.5382813 0.3203125 0.0234375 0.0359375
3 0.5442708 0.5667969 0.0125000 0.0320312
3 0.5059896 0.2246094 0.0244792 0.0257812
3 0.4296875 0.6746094 0.0302083 0.0273438
4 0.7270833 0.4343750 0.0197917 0.0250000
0 0.2914062 0.6003906 0.0328125 0.0304687
2 0.4434896 0.6226563 0.0171875 0.0296875
5 0.4437500 0.5414062 0.0177083 0.0203125
5 0.4322917 0.2078125 0.0270833 0.0265625
3 0.4369792 0.8148437 0.0208333 0.0312500
1 0.4276042 0.1332031 0.0322917 0.0242188
0 0.5953125 0.6714844 0.0166667 0.0476562
4 0.5007812 0.7851562 0.0317708 0.0250000
5 0.5257812 0.5636719 0.0286458 0.0242188
4 0.5205729 0.6203125 0.0265625 0.0265625
0 0.5664062 0.2511719 0.0151042 0.0429688
3 0.6848958 0.5230469 0.0260417 0.0460938
4 0.5216146 0.7734375 0.0161458 0.0218750
2 0.6276042 0.4261719 0.0218750 0.0335937
1 0.6723958 0.5156250 0.0291667 0.0328125
4 0.6750000 0.4714844 0.0166667 0.0210938
1 0.4083333 0.9117188 0.0156250 0.0375000
2 0.3802083 0.1988281 0.0197917 0.0414062
2 0.4328125 0.2769531 0.0229167 0.0351562
0 0.6684896 0.7773438 0.0328125 0.0250000
4 0.4367187 0.3167969 0.0338542 0.0257812
5 0.5807292 0.4554687 0.0302083 0.0234375
5 0.4625000 0.6203125 0.0250000 0.0281250
1 0.5192708 0.4667969 0.0354167 0.0242188
1 0.4242187 0.5820312 0.0203125 0.0328125
4 0.3210938 0.3800781 0.0171875 0.0460938
3 0.6283854 0.7742187 0.0296875 0.0312500
4 0.6044271 0.2878906 0.0119792 0.0476562
5 0.5927083 0.4238281 0.0166667 0.0289063
2 0.6614583 0.2246094 0.0312500 0.0226562
5 0.4864583 0.4921875 0.0197917 0.0265625
5 0.4151042 0.5039062 0.0197917 0.0250000
3 0.3846354 0.6468750 0.0223958 0.0296875
5 0.5156250 0.5105469 0.0145833 0.0226562
3 0.4981771 0.6027344 0.0244792 0.0320312
2 0.4223958 0.2558594 0.0187500 0.0226562
5 0.6416667 0.2769531 0.0322917 0.0304687
5 0.4562500 0.5691406 0.0312500 0.0351562
3 0.4731771 0.5910156 0.0182292 0.0523438
5 0.4500000 0.4113281 0.0197917 0.0382813
1 0.5546875 0.5214844 0.0343750 0.0257812
4 0.3830729 0.3996094 0.0307292 0.0195312
3 0.4604167 0.8503906 0.0302083 0.0226562
3 0.4872396 0.5398437 0.0286458 0.0203125
4 0.7997396 0.5449219 0.0296875 0.0335937
4 0.4734375 0.8832031 0.0177083 0.0257812
3 0.4992187 0.4750000 0.0140625 0.0390625
5 0.7049479 0.5316406 0.0119792 0.0273438
3 0.5229167 0.7160156 0.0260417 0.0226562
0 0.3200521 0.4816406 0.0307292 0.0257812
4 0.3890625 0.6156250 0.0166667 0.0484375
1 0.6536458 0.5957031 0.0270833 0.0195312
5 0.5895833 0.4226563 0.0208333 0.0421875
5 0.6929688 0.1070312 0.0213542 0.0312500
2 0.6565104 0.5000000 0.0286458 0.0312500
2 0.3901042 0.2789063 0.0166667 0.0281250
2 0.3414063 0.3917969 0.0317708 0.0226562
5 0.4273438 0.6898437 0.0317708 0.0234375
3 0.5958333 0.4007812 0.0291667 0.0343750
5 0.6398438 0.6292969 0.0213542 0.0398437
1 0.6424479 0.6714844 0.0296875 0.0210938
0 0.5815104 0.6464844 0.0151042 0.0445313
0 0.5039062 0.7062500 0.0234375 0.0328125
0 0.3466146 0.6300781 0.0276042 0.0242188
0 0.3539062 0.5589844 0.0317708 0.0242188
3 0.7200521 0.7082031 0.0307292 0.0289063
7 0.7776042 0.6011719 0.0291667 0.0289063
6 0.3645833 0.5527344 0.0291667 0.0289063
11 0.6710938 0.3437500 0.0307292 0.0406250
11 0.3731771 0.5035156 0.0234375 0.0460938
9 0.7145833 0.3343750 0.0218750 0.0468750
10 0.4466146 0.6683594 0.0296875 0.0460938
7 0.6036458 0.5949219 0.0260417 0.0289063
