0 0.6747396 0.8019531 0.0338542 0.0226562
0 0.6479167 0.0859375 0.0125000 0.0421875
0 0.5007812 0.7867188 0.0328125 0.0343750
2 0.5880208 0.4832031 0.0322917 0.0289063
3 0.3203125 0.1378906 0.0239583 0.0304687
3 0.6986979 0.6167969 0.0307292 0.0351562
3 0.2703125 0.4648438 0.0302083 0.0328125
3 0.6953125 0.2039063 0.0270833 0.0265625
4 0.6908854 0.7042969 0.0286458 0.0335937
3 0.6276042 0.6292969 0.0291667 0.0210938
5 0.4132812 0.4218750 0.0203125 0.0406250
1 0.5768229 0.3382812 0.0307292 0.0265625
3 0.4976563 0.5949219 0.0255208 0.0289063
4 0.6151042 0.3765625 0.0354167 0.0218750
3 0.5416667 0.7289062 0.0177083 0.0453125
4 0.4197917 0.4664063 0.0125000 0.0218750
3 0.4494792 0.2437500 0.0281250 0.0218750
2 0.5648437 0.7335938 0.0161458 0.0359375
4 0.4817708 0.4316406 0.0302083 0.0320312
5 0.5820312 0.3253906 0.0317708 0.0226562
1 0.5736979 0.7601562 0.0296875 0.0250000
4 0.3619792 0.3644531 0.0177083 0.0320312
1 0.5239583 0.7175781 0.0322917 0.0320312
1 0.5653646 0.1507813 0.0130208 0.0500000
5 0.4656250 0.6167969 0.0375000 0.0304687
1 0.3924479 0.2902344 0.0213542 0.0445313
1 0.6023437 0.3468750 0.0359375 0.0296875
2 0.5742188 0.6750000 0.0286458 0.0328125
5 0.4919271 0.4351563 0.0317708 0.0234375
4 0.4260417 0.4632812 0.0312500 0.0203125
3 0.6986979 0.5460938 0.0328125 0.0265625
2 0.6486979 0.4179688 0.0338542 0.0281250
0 0.3322917 0.3218750 0.0281250 0.0515625
5 0.5981771 0.8554688 0.0182292 0.0406250
3 0.4158854 0.7582031 0.0192708 0.0335937
1 0.6601562 0.6089844 0.0307292 0.0351562
4 0.7424479 0.4640625 0.0244792 0.0390625
3 0.4747396 0.5429688 0.0359375 0.0343750
5 0.5895833 0.3089844 0.0343750 0.0382813
2 0.2265625 0.3582031 0.0270833 0.0445313
2 0.5859375 0.4769531 0.0260417 0.0304687
10 0.5815104 0.3871094 0.0317708 0.0304687
9 0.6372396 0.7121094 0.0276042 0.0445313
11 0.7585937 0.4687500 0.0276042 0.0468750
8 0.5216146 0.3964844 0.0348958 0.0335937
8 0.2645833 0.4347656 0.0322917 0.0460938
10 0.6744792 0.6410156 0.0187500 0.0273438
6 0.4111979 0.4332031 0.0223958 0.0445313
6 0.6437500 0.4609375 0.0218750 0.0343750
