4 0.6739583 0.5769531 0.0291667 0.0195312
2 0.5549479 0.6015625 0.0286458 0.0203125
5 0.6750000 0.4535156 0.0250000 0.0289063
2 0.6846354 0.3175781 0.0307292 0.0289063
3 0.6929688 0.3566406 0.0307292 0.0226562
3 0.5065104 0.4933594 0.0182292 0.0382813
4 0.3325521 0.5968750 0.0286458 0.0203125
3 0.3791667 0.2667969 0.0291667 0.0164063
5 0.4273438 0.5957031 0.0161458 0.0382813
2 0.4223958 0.4257812 0.0156250 0.0453125
5 0.6015625 0.4480469 0.0239583 0.0179687
3 0.4822917 0.5878906 0.0177083 0.0429688
5 0.5315104 0.7222656 0.0328125 0.0226562
4 0.6380208 0.4562500 0.0270833 0.0187500
1 0.3630208 0.4953125 0.0156250 0.0312500
5 0.5658854 0.5847656 0.0317708 0.0257812
0 0.5401042 0.2828125 0.0187500 0.0437500
1 0.5619792 0.5308594 0.0333333 0.0226562
1 0.5028646 0.2882812 0.0203125 0.0312500
0 0.4591146 0.5558594 0.0171875 0.0195312
1 0.6044271 0.5261719 0.0286458 0.0210938
0 0.2671875 0.6140625 0.0208333 0.0312500
4 0.4117188 0.8066406 0.0213542 0.0414062
2 0.5356771 0.5789062 0.0296875 0.0218750
1 0.6523438 0.3742187 0.0276042 0.0234375
4 0.5229167 0.6171875 0.0187500 0.0375000
2 0.5054688 0.6023437 0.0234375 0.0281250
2 0.6302083 0.1601562 0.0302083 0.0312500
1 0.5299479 0.8761719 0.0265625 0.0226562
5 0.4950521 0.6000000 0.0234375 0.0218750
1 0.6679688 0.6906250 0.0244792 0.0312500
3 0.2815104 0.5539063 0.0203125 0.0375000
3 0.7382812 0.6859375 0.0328125 0.0218750
0 0.5781250 0.4222656 0.0177083 0.0351562
4 0.7161458 0.6351562 0.0166667 0.0250000
2 0.5971354 0.4640625 0.0317708 0.0250000
3 0.5184896 0.4207031 0.0213542 0.0210938
2 0.3531250 0.3441406 0.0229167 0.0210938
5 0.5408854 0.5027344 0.0276042 0.0195312
4 0.3895833 0.7601562 0.0156250 0.0203125
4 0.2713542 0.4367187 0.0166667 0.0296875
3 0.3356771 0.5968750 0.0130208 0.0203125
3 0.5513021 0.7695312 0.0244792 0.0218750
3 0.4955729 0.2730469 0.0151042 0.0320312
3 0.7195312 0.5777344 0.0171875 0.0210938
4 0.6976562 0.8089844 0.0255208 0.0257812
5 0.5958333 0.5652344 0.0135417 0.0335937
3 0.5541667 0.6230469 0.0270833 0.0289063
4 0.3726563 0.5292969 0.0151042 0.0429688
5 0.2882812 0.4914062 0.0234375 0.0390625
2 0.4986979 0.5203125 0.0307292 0.0218750
1 0.5674479 0.5648437 0.0234375 0.0359375
4 0.4661458 0.5132813 0.0187500 0.0421875
0 0.5627604 0.6257812 0.0223958 0.0234375
0 0.6661458 0.2796875 0.0291667 0.0234375
10 0.7161458 0.5332031 0.0281250 0.0382813
11 0.2588542 0.4640625 0.0197917 0.0375000
8 0.5651042 0.4781250 0.0291667 0.0312500
8 0.4372396 0.2886719 0.0276042 0.0273438
7 0.3229167 0.3968750 0.0250000 0.0250000
9 0.5981771 0.5390625 0.0255208 0.0281250
11 0.3192708 0.1632812 0.0260417 0.0328125
8 0.7705729 0.4136719 0.0307292 0.0304687
9 0.5820312 0.5300781 0.0203125 0.0382813
8 0.6486979 0.4484375 0.0296875 0.0453125
11 0.5320312 0.8003906 0.0276042 0.0273438
7 0.4507813 0.6304688 0.0182292 0.0359375
6 0.4122396 0.0417969 0.0182292 0.0414062
