4 0.4796875 0.6851563 0.0291667 0.0828125
0 0.3039062 0.7906250 0.0223958 0.0437500
0 0.6458333 0.3828125 0.0302083 0.0734375
3 0.5611979 0.2960937 0.0421875 0.0421875
0 0.5776042 0.8203125 0.0531250 0.0578125
3 0.5841146 0.1898438 0.0598958 0.0453125
4 0.4653646 0.6503906 0.0369792 0.0398437
4 0.3739583 0.2804687 0.0437500 0.0750000
2 0.4960938 0.4113281 0.0473958 0.0570312
2 0.4802083 0.6968750 0.0500000 0.0781250
5 0.2955729 0.2089844 0.0588542 0.0367188
1 0.5476562 0.3621094 0.0255208 0.0835937
5 0.6343750 0.3011719 0.0531250 0.0507812
4 0.6440104 0.3074219 0.0557292 0.0554687
5 0.3408854 0.3718750 0.0328125 0.0562500
3 0.4432292 0.7847656 0.0447917 0.0554687
5 0.4627604 0.6027344 0.0401042 0.0773438
5 0.4562500 0.8449219 0.0333333 0.0835937
0 0.5351562 0.8378906 0.0369792 0.0929688
5 0.5690104 0.2457031 0.0578125 0.0398437
1 0.4872396 0.3097656 0.0421875 0.0804688
0 0.3632812 0.2457031 0.0630208 0.0476562
3 0.3747396 0.4464844 0.0432292 0.0554687
2 0.4338542 0.6000000 0.0677083 0.0484375
3 0.5268229 0.5804687 0.0296875 0.0562500
5 0.6330729 0.7460938 0.0598958 0.0437500
1 0.6666667 0.7066406 0.0270833 0.0898438
5 0.5437500 0.5765625 0.0614583 0.0390625
0 0.5036458 0.7902344 0.0645833 0.0460938
5 0.5257812 0.3703125 0.0567708 0.0500000
0 0.4846354 0.7992187 0.0359375 0.1031250
1 0.5140625 0.5675781 0.0333333 0.0820312
5 0.3752604 0.5761719 0.0578125 0.0445313
1 0.4489583 0.5472656 0.0541667 0.0492187
1 0.6880208 0.8375000 0.0281250 0.0750000
3 0.4765625 0.3593750 0.0489583 0.0609375
1 0.7585937 0.7644531 0.0619792 0.0476562
2 0.4539063 0.5136719 0.0359375 0.0726563
3 0.4294271 0.6531250 0.0442708 0.0812500
3 0.7143229 0.5367188 0.0619792 0.0625000
3 0.6169271 0.4769531 0.0578125 0.0476562
3 0.6880208 0.5144531 0.0364583 0.0445313
4 0.5929688 0.4496094 0.0588542 0.0679687
3 0.3161458 0.5882812 0.0593750 0.0406250
1 0.4377604 0.3382812 0.0671875 0.0421875
5 0.7536458 0.3359375 0.0645833 0.0437500
5 0.5296875 0.9363281 0.0322917 0.0492187
2 0.7552083 0.2886719 0.0302083 0.0929688
3 0.5729167 0.6062500 0.0354167 0.0968750
0 0.4984375 0.9578125 0.0322917 0.0828125
2 0.6341146 0.3503906 0.0255208 0.0648438
0 0.4890625 0.6585937 0.0520833 0.0781250
1 0.6513021 0.5152344 0.0609375 0.0476562
5 0.7263021 0.4523437 0.0505208 0.0671875
0 0.3903646 0.4507813 0.0401042 0.0812500
1 0.3726563 0.7183594 0.0390625 0.0945312
3 0.6671875 0.4285156 0.0635417 0.0382813
3 0.7078125 0.7171875 0.0677083 0.0500000
3 0.7486979 0.3621094 0.0296875 0.0804688
4 0.2927083 0.4765625 0.0666667 0.0437500
3 0.4830729 0.3761719 0.0578125 0.0601563
1 0.5804687 0.6511719 0.0505208 0.0460938
1 0.6151042 0.2585938 0.0322917 0.0390625
5 0.3208333 0.6675781 0.0645833 0.0585938
2 0.5247396 0.4773438 0.0588542 0.0468750
4 0.3536458 0.6968750 0.0250000 0.0796875
1 0.5739583 0.5210938 0.0458333 0.0765625
4 0.4666667 0.7324219 0.0447917 0.0601563
0 0.6127604 0.7601562 0.0598958 0.0343750
1 0.3791667 0.2437500 0.0520833 0.0468750
3 0.4755208 0.6562500 0.0625000 0.0453125
2 0.6632813 0.5386719 0.0578125 0.0507812
1 0.5705729 0.8476562 0.0307292 0.0953125
1 0.5380208 0.6558594 0.0333333 0.0476562
4 0.3742187 0.1996094 0.0505208 0.0914062
5 0.3242188 0.4554687 0.0276042 0.0531250
4 0.4973958 0.9238281 0.0385417 0.0898438
2 0.1880208 0.6050781 0.0604167 0.0539063
1 0.4875000 0.7628906 0.0531250 0.0695313
5 0.3794271 0.8957031 0.0390625 0.0726563
6 0.3101563 0.4691406 0.0557292 0.0570312
6 0.5013021 0.4773438 0.0432292 0.0828125
10 0.6130208 0.8144531 0.0531250 0.0539063
8 0.2992187 0.2777344 0.0421875 0.0757812
10 0.3992188 0.7062500 0.0567708 0.0578125
