5 0.5328125 0.5511719 0.0260417 0.0242188
1 0.6544271 0.0718750 0.0161458 0.0375000
5 0.7083333 0.6320313 0.0114583 0.0187500
4 0.3164062 0.4253906 0.0171875 0.0195312
5 0.5864583 0.1605469 0.0260417 0.0195312
3 0.6940104 0.4585938 0.0130208 0.0421875
4 0.2690104 0.4054687 0.0223958 0.0296875
2 0.6927083 0.5757813 0.0250000 0.0218750
4 0.4096354 0.5722656 0.0265625 0.0179687
5 0.6171875 0.5722656 0.0187500 0.0257812
3 0.6028646 0.4457031 0.0286458 0.0273438
1 0.5700521 0.6875000 0.0151042 0.0234375
1 0.5007812 0.2921875 0.0171875 0.0375000
3 0.7070312 0.5339844 0.0140625 0.0242188
5 0.3856771 0.7171875 0.0265625 0.0203125
0 0.6731771 0.4785156 0.0265625 0.0195312
1 0.7018229 0.3031250 0.0265625 0.0187500
5 0.3020833 0.4039063 0.0166667 0.0250000
3 0.6114583 0.8406250 0.0270833 0.0187500
3 0.5757813 0.1808594 0.0161458 0.0367188
4 0.4815104 0.5949219 0.0130208 0.0414062
4 0.4013021 0.5878906 0.0130208 0.0226562
0 0.2687500 0.6863281 0.0281250 0.0226562
3 0.5953125 0.7058594 0.0260417 0.0195312
1 0.4007812 0.7703125 0.0130208 0.0312500
2 0.3007812 0.4980469 0.0234375 0.0320312
0 0.5109375 0.4554687 0.0260417 0.0218750
2 0.4036458 0.1664063 0.0208333 0.0406250
1 0.4794271 0.6644531 0.0161458 0.0367188
1 0.5406250 0.2941406 0.0239583 0.0148437
4 0.3822917 0.5042969 0.0197917 0.0195312
0 0.5059896 0.5480469 0.0151042 0.0210938
0 0.3427083 0.8097656 0.0260417 0.0226562
3 0.3859375 0.1835938 0.0270833 0.0218750
2 0.7351562 0.3121094 0.0223958 0.0320312
3 0.5638021 0.3281250 0.0286458 0.0234375
5 0.6033854 0.7792969 0.0234375 0.0210938
1 0.5705729 0.3839844 0.0130208 0.0367188
0 0.6346354 0.5843750 0.0119792 0.0250000
1 0.4057292 0.5027344 0.0260417 0.0210938
4 0.6755208 0.7949219 0.0260417 0.0210938
4 0.7322917 0.3117187 0.0218750 0.0218750
4 0.4697917 0.6140625 0.0166667 0.0218750
7 0.3247396 0.6222656 0.0223958 0.0226562
6 0.6695313 0.2367188 0.0182292 0.0359375
9 0.7184896 0.3867188 0.0213542 0.0234375
7 0.7182292 0.7746094 0.0229167 0.0351562
8 0.6059896 0.2812500 0.0234375 0.0343750
9 0.7734375 0.5605469 0.0250000 0.0273438
6 0.7661458 0.3515625 0.0239583 0.0312500
