1 0.2531250 0.4671875 0.0416667 0.0406250
0 0.5625000 0.6578125 0.0250000 0.0343750
1 0.3588542 0.8773437 0.0281250 0.0625000
4 0.4846354 0.8816406 0.0296875 0.0710937
3 0.7140625 0.4957031 0.0427083 0.0289063
3 0.6953125 0.8988281 0.0375000 0.0351562
0 0.4119792 0.2699219 0.0489583 0.0351562
4 0.5778646 0.3355469 0.0192708 0.0648438
3 0.2992187 0.6515625 0.0432292 0.0328125
4 0.2919271 0.2750000 0.0411458 0.0296875
2 0.3684896 0.7605469 0.0463542 0.0289063
3 0.4359375 0.5816406 0.0322917 0.0445313
1 0.6684896 0.3093750 0.0411458 0.0296875
3 0.5486979 0.4093750 0.0442708 0.0328125
4 0.5351562 0.1539062 0.0338542 0.0593750
3 0.2403646 0.6031250 0.0234375 0.0640625
0 0.3825521 0.7011719 0.0473958 0.0367188
1 0.5036458 0.2691406 0.0156250 0.0617188
5 0.5940104 0.3960938 0.0255208 0.0687500
5 0.5833333 0.8195313 0.0302083 0.0500000
4 0.7239583 0.3320312 0.0458333 0.0484375
4 0.5085937 0.3472656 0.0296875 0.0570312
4 0.5221354 0.4960938 0.0411458 0.0312500
2 0.4997396 0.4554687 0.0505208 0.0375000
1 0.5554687 0.4925781 0.0411458 0.0398437
2 0.6651042 0.3937500 0.0406250 0.0390625
2 0.6239583 0.6843750 0.0375000 0.0468750
5 0.6440104 0.5585938 0.0348958 0.0437500
5 0.7013021 0.5574219 0.0255208 0.0507812
2 0.3643229 0.2996094 0.0411458 0.0445313
1 0.6005208 0.1648438 0.0479167 0.0484375
4 0.4752604 0.3906250 0.0380208 0.0453125
1 0.5846354 0.5519531 0.0223958 0.0601563
3 0.4276042 0.3136719 0.0447917 0.0367188
0 0.4523437 0.3644531 0.0265625 0.0429688
5 0.5914063 0.6382813 0.0307292 0.0546875
2 0.6447917 0.5539063 0.0395833 0.0406250
4 0.5510417 0.6675781 0.0270833 0.0335937
1 0.4341146 0.3609375 0.0286458 0.0468750
4 0.6523438 0.8347656 0.0296875 0.0679687
3 0.4205729 0.6812500 0.0421875 0.0328125
5 0.5765625 0.2839844 0.0458333 0.0320312
2 0.5518229 0.8742188 0.0390625 0.0531250
3 0.5119792 0.1875000 0.0218750 0.0468750
4 0.5427083 0.3234375 0.0395833 0.0359375
5 0.7166667 0.6871094 0.0229167 0.0398437
4 0.7041667 0.4109375 0.0406250 0.0281250
1 0.3005208 0.4210937 0.0375000 0.0468750
3 0.3692708 0.4187500 0.0208333 0.0375000
2 0.6341146 0.5835938 0.0369792 0.0468750
1 0.6585937 0.6312500 0.0338542 0.0453125
3 0.7609375 0.3187500 0.0385417 0.0578125
1 0.2348958 0.6914062 0.0427083 0.0406250
4 0.3710938 0.1863281 0.0380208 0.0570312
2 0.3018229 0.5015625 0.0223958 0.0500000
2 0.4588542 0.5628906 0.0489583 0.0367188
3 0.7546875 0.6007813 0.0250000 0.0687500
4 0.7067708 0.3984375 0.0437500 0.0312500
11 0.2802083 0.4781250 0.0437500 0.0437500
8 0.7299479 0.5347656 0.0432292 0.0414062
8 0.7846354 0.6019531 0.0286458 0.0648438
8 0.7080729 0.2195313 0.0432292 0.0531250
10 0.3687500 0.4355469 0.0375000 0.0460938
8 0.2302083 0.3128906 0.0437500 0.0429688
