2 0.5744792 0.7285156 0.0239583 0.0195312
1 0.5151042 0.3492188 0.0229167 0.0171875
2 0.7494792 0.3148437 0.0239583 0.0171875
1 0.4937500 0.7390625 0.0208333 0.0265625
5 0.4114583 0.8296875 0.0197917 0.0250000
5 0.5731771 0.3406250 0.0140625 0.0156250
5 0.5348958 0.5324219 0.0229167 0.0132812
2 0.2562500 0.3761719 0.0197917 0.0242188
5 0.6455729 0.4105469 0.0140625 0.0226562
1 0.7411458 0.4269531 0.0187500 0.0179687
5 0.6278646 0.5296875 0.0244792 0.0203125
5 0.6341146 0.4347656 0.0119792 0.0335937
2 0.6882812 0.7566406 0.0244792 0.0179687
0 0.3661458 0.3539062 0.0156250 0.0234375
3 0.4755208 0.6390625 0.0239583 0.0187500
1 0.4973958 0.5281250 0.0166667 0.0203125
3 0.6315104 0.6406250 0.0213542 0.0156250
4 0.6541667 0.8160156 0.0177083 0.0320312
0 0.6039062 0.4855469 0.0182292 0.0351562
0 0.5518229 0.8382812 0.0140625 0.0203125
5 0.3559896 0.5496094 0.0213542 0.0164063
3 0.4742188 0.2550781 0.0213542 0.0226562
5 0.5182292 0.5972656 0.0135417 0.0210938
4 0.4200521 0.5417969 0.0182292 0.0210938
0 0.5322917 0.4648438 0.0218750 0.0187500
1 0.5088542 0.3671875 0.0156250 0.0156250
5 0.5721354 0.5265625 0.0161458 0.0281250
4 0.4080729 0.4121094 0.0140625 0.0273438
4 0.5815104 0.1796875 0.0234375 0.0234375
2 0.3411458 0.3859375 0.0145833 0.0187500
0 0.5541667 0.5320312 0.0135417 0.0203125
4 0.4914062 0.8726563 0.0151042 0.0343750
1 0.7020833 0.2867188 0.0229167 0.0156250
1 0.2992187 0.4437500 0.0109375 0.0328125
1 0.3888021 0.4503906 0.0151042 0.0304687
0 0.6726562 0.1902344 0.0119792 0.0289063
0 0.7781250 0.3902344 0.0229167 0.0179687
3 0.4677083 0.4695313 0.0145833 0.0203125
1 0.2817708 0.5691406 0.0156250 0.0335937
0 0.2390625 0.3976562 0.0187500 0.0296875
1 0.6322917 0.5000000 0.0239583 0.0187500
5 0.5338542 0.8359375 0.0145833 0.0296875
5 0.5416667 0.7312500 0.0166667 0.0234375
2 0.2947917 0.3703125 0.0166667 0.0187500
4 0.4054687 0.5050781 0.0244792 0.0179687
4 0.6013021 0.5230469 0.0213542 0.0148437
5 0.4421875 0.4980469 0.0197917 0.0273438
1 0.5096354 0.4757812 0.0223958 0.0140625
0 0.6583333 0.2816406 0.0156250 0.0257812
4 0.4229167 0.7617188 0.0114583 0.0328125
4 0.6421875 0.5687500 0.0208333 0.0296875
1 0.4106771 0.6875000 0.0192708 0.0156250
1 0.5481771 0.7964844 0.0130208 0.0164063
4 0.5971354 0.5582031 0.0098958 0.0367188
3 0.3877604 0.1960938 0.0161458 0.0171875
0 0.1695312 0.5476562 0.0244792 0.0203125
0 0.3260417 0.4953125 0.0250000 0.0187500
4 0.4687500 0.4320312 0.0135417 0.0156250
0 0.6638021 0.3125000 0.0234375 0.0171875
9 0.5299479 0.4164062 0.0171875 0.0296875
6 0.5265625 0.2507813 0.0239583 0.0343750
11 0.4768229 0.3250000 0.0213542 0.0234375
8 0.3768229 0.7437500 0.0223958 0.0390625
6 0.5494792 0.2550781 0.0208333 0.0335937
10 0.4559896 0.2386719 0.0213542 0.0210938
9 0.7083333 0.3582031 0.0208333 0.0210938
7 0.3070312 0.2664063 0.0223958 0.0234375
8 0.6963542 0.6242188 0.0218750 0.0234375
8 0.5989583 0.5207031 0.0218750 0.0242188
9 0.5184896 0.4960938 0.0161458 0.0218750
8 0.4726562 0.8777344 0.0161458 0.0351562
