4 0.5171875 0.6535156 0.0239583 0.0289063
1 0.6515625 0.5406250 0.0239583 0.0281250
4 0.4997396 0.7312500 0.0130208 0.0343750
3 0.6781250 0.5226563 0.0260417 0.0187500
0 0.5575521 0.7796875 0.0203125 0.0390625
3 0.5414062 0.6960937 0.0130208 0.0406250
4 0.4434896 0.0832031 0.0130208 0.0289063
4 0.4005208 0.6992188 0.0218750 0.0343750
0 0.6169271 0.1539062 0.0276042 0.0234375
5 0.3250000 0.3507812 0.0260417 0.0187500
2 0.6442708 0.3851562 0.0239583 0.0250000
0 0.4408854 0.3941406 0.0140625 0.0226562
5 0.3479167 0.7023438 0.0291667 0.0250000
3 0.3210938 0.6890625 0.0265625 0.0187500
0 0.6820312 0.7730469 0.0161458 0.0367188
5 0.4513021 0.5578125 0.0130208 0.0406250
5 0.4377604 0.3546875 0.0286458 0.0203125
0 0.6664062 0.6593750 0.0265625 0.0203125
1 0.6093750 0.2578125 0.0125000 0.0375000
5 0.6260417 0.8281250 0.0177083 0.0203125
1 0.1526042 0.4316406 0.0229167 0.0226562
0 0.6440104 0.5503906 0.0276042 0.0226562
5 0.3395833 0.5257812 0.0281250 0.0203125
5 0.4057292 0.3257813 0.0166667 0.0296875
0 0.6354167 0.2484375 0.0166667 0.0406250
1 0.3447917 0.7105469 0.0239583 0.0289063
1 0.3460937 0.2019531 0.0182292 0.0320312
0 0.6557292 0.3996094 0.0250000 0.0242188
4 0.4695313 0.7082031 0.0234375 0.0195312
0 0.3888021 0.9078125 0.0140625 0.0390625
7 0.6770833 0.6742187 0.0239583 0.0312500
9 0.3101563 0.4636719 0.0244792 0.0242188
11 0.5106771 0.4203125 0.0171875 0.0343750
10 0.7041667 0.6667969 0.0281250 0.0320312
10 0.3236979 0.5925781 0.0234375 0.0335937
11 0.4382813 0.5171875 0.0234375 0.0234375
9 0.6023437 0.6375000 0.0192708 0.0343750
11 0.5424479 0.4500000 0.0234375 0.0390625
