0 0.7640625 0.3808594 0.0156250 0.0289063
3 0.3955729 0.7101563 0.0182292 0.0312500
1 0.6026042 0.7820312 0.0260417 0.0171875
0 0.5984375 0.4234375 0.0156250 0.0171875
2 0.4119792 0.6316406 0.0197917 0.0242188
5 0.6210938 0.4710937 0.0223958 0.0156250
0 0.5833333 0.7449219 0.0177083 0.0335937
1 0.6604167 0.8773437 0.0208333 0.0171875
3 0.6072917 0.6277344 0.0208333 0.0289063
0 0.5679688 0.6253906 0.0109375 0.0226562
1 0.4895833 0.5457031 0.0197917 0.0257812
5 0.2598958 0.5144531 0.0239583 0.0226562
1 0.3169271 0.3914063 0.0234375 0.0156250
2 0.2856771 0.6792969 0.0109375 0.0367188
2 0.5046875 0.2710938 0.0239583 0.0234375
4 0.5625000 0.1843750 0.0177083 0.0296875
1 0.6369792 0.6488281 0.0208333 0.0164063
1 0.3901042 0.1398437 0.0166667 0.0187500
0 0.7273437 0.1683594 0.0119792 0.0320312
5 0.4778646 0.6609375 0.0244792 0.0203125
4 0.5903646 0.4609375 0.0223958 0.0156250
5 0.6664062 0.5355469 0.0213542 0.0226562
4 0.5666667 0.4679687 0.0156250 0.0296875
5 0.7291667 0.4726562 0.0187500 0.0250000
3 0.6890625 0.7347656 0.0250000 0.0164063
1 0.6111979 0.5910156 0.0109375 0.0179687
3 0.5044271 0.2042969 0.0130208 0.0367188
0 0.5802083 0.7781250 0.0218750 0.0250000
5 0.7424479 0.4199219 0.0171875 0.0242188
1 0.6361979 0.3542969 0.0130208 0.0367188
0 0.2960937 0.3675781 0.0203125 0.0257812
3 0.6539063 0.4117188 0.0223958 0.0171875
3 0.3138021 0.8125000 0.0109375 0.0375000
5 0.2742188 0.5785156 0.0119792 0.0320312
9 0.4692708 0.0093750 0.0145833 0.0187500
7 0.4375000 0.3308594 0.0187500 0.0210938
8 0.5468750 0.5195312 0.0208333 0.0203125
7 0.4596354 0.4167969 0.0151042 0.0226562
6 0.6794271 0.5031250 0.0213542 0.0296875
6 0.2468750 0.4683594 0.0229167 0.0226562
8 0.5174479 0.5824219 0.0171875 0.0289063
6 0.5916667 0.7851562 0.0229167 0.0375000
8 0.2950521 0.3929687 0.0234375 0.0234375
8 0.5773438 0.6347656 0.0140625 0.0320312
9 0.6789063 0.2210938 0.0223958 0.0234375
9 0.4632812 0.3527344 0.0213542 0.0210938
8 0.6098958 0.5816406 0.0218750 0.0210938
7 0.4270833 0.6992188 0.0145833 0.0234375
8 0.5135417 0.7894531 0.0156250 0.0367188
11 0.4283854 0.9597656 0.0182292 0.0304687
10 0.4992187 0.2511719 0.0151042 0.0320312
