5 0.7229167 0.4746094 0.0583333 0.0429688
3 0.3632812 0.7980469 0.0671875 0.0492187
0 0.6984375 0.3019531 0.0354167 0.0710937
4 0.6221354 0.4882812 0.0296875 0.0671875
4 0.5151042 0.7316406 0.0437500 0.0664062
0 0.5692708 0.7183594 0.0427083 0.0539063
1 0.6567708 0.3453125 0.0625000 0.0453125
4 0.5963542 0.1851562 0.0614583 0.0406250
6 0.4427083 0.3230469 0.0447917 0.0757812
7 0.6223958 0.0531250 0.0520833 0.0750000
10 0.6984375 0.5226563 0.0645833 0.0625000
9 0.5927083 0.3769531 0.0437500 0.0914062
7 0.5109375 0.6660156 0.0593750 0.1007813
9 0.4710937 0.7914062 0.0588542 0.1031250
10 0.6552083 0.7886719 0.0583333 0.0945312
8 0.4122396 0.2363281 0.0588542 0.0585938
