0 0.3359375 0.5328125 0.0281250 0.0250000
3 0.4299479 0.7554688 0.0119792 0.0406250
2 0.2958333 0.5296875 0.0218750 0.0312500
2 0.5195312 0.4222656 0.0234375 0.0289063
3 0.5898438 0.7324219 0.0286458 0.0226562
5 0.5270833 0.1550781 0.0291667 0.0226562
4 0.5497396 0.3507812 0.0161458 0.0234375
3 0.6471354 0.4046875 0.0265625 0.0203125
3 0.6763021 0.3011719 0.0265625 0.0195312
5 0.4770833 0.5851563 0.0156250 0.0328125
3 0.5164062 0.4175781 0.0203125 0.0320312
5 0.6395833 0.3070312 0.0250000 0.0265625
2 0.4132812 0.4492188 0.0244792 0.0203125
4 0.5057292 0.2160156 0.0281250 0.0179687
5 0.4888021 0.5742188 0.0203125 0.0187500
5 0.4656250 0.1332031 0.0166667 0.0445313
3 0.2757812 0.3527344 0.0265625 0.0210938
5 0.7138021 0.3898437 0.0140625 0.0390625
3 0.5622396 0.4277344 0.0265625 0.0289063
3 0.4070313 0.3652344 0.0130208 0.0289063
3 0.5632812 0.2222656 0.0130208 0.0429688
0 0.3098958 0.7859375 0.0125000 0.0406250
2 0.5583333 0.3406250 0.0302083 0.0265625
2 0.6554688 0.7218750 0.0265625 0.0156250
5 0.4291667 0.0621094 0.0156250 0.0289063
4 0.4460938 0.5710937 0.0244792 0.0312500
4 0.5078125 0.2945313 0.0208333 0.0171875
3 0.5585938 0.6187500 0.0265625 0.0234375
4 0.6716146 0.6917969 0.0140625 0.0445313
4 0.7255208 0.5792969 0.0229167 0.0273438
1 0.5828125 0.6007813 0.0270833 0.0156250
2 0.5669271 0.4066406 0.0203125 0.0257812
4 0.3023438 0.2917969 0.0234375 0.0367188
3 0.3156250 0.2496094 0.0156250 0.0273438
0 0.3986979 0.4453125 0.0203125 0.0375000
5 0.6125000 0.4718750 0.0177083 0.0250000
4 0.4364583 0.4847656 0.0270833 0.0320312
2 0.5341146 0.3093750 0.0213542 0.0218750
1 0.4867187 0.6230469 0.0161458 0.0179687
4 0.2401042 0.6796875 0.0270833 0.0187500
4 0.3674479 0.2902344 0.0151042 0.0257812
5 0.7385417 0.5351562 0.0312500 0.0265625
1 0.3408854 0.2203125 0.0213542 0.0453125
3 0.6734375 0.7765625 0.0197917 0.0343750
0 0.6802083 0.9046875 0.0302083 0.0234375
1 0.5893229 0.6453125 0.0307292 0.0250000
1 0.3924479 0.2792969 0.0234375 0.0210938
4 0.4736979 0.3597656 0.0244792 0.0289063
0 0.2718750 0.5179687 0.0166667 0.0265625
1 0.6848958 0.6605469 0.0104167 0.0242188
3 0.3328125 0.4593750 0.0187500 0.0281250
5 0.6911458 0.7480469 0.0114583 0.0242188
0 0.3252604 0.3066406 0.0140625 0.0335937
2 0.6588542 0.1632812 0.0302083 0.0203125
5 0.5723958 0.5578125 0.0229167 0.0234375
4 0.6320313 0.2980469 0.0223958 0.0242188
2 0.5020833 0.3203125 0.0145833 0.0187500
2 0.6703125 0.3472656 0.0166667 0.0414062
2 0.4184896 0.3402344 0.0119792 0.0195312
1 0.7184896 0.6812500 0.0192708 0.0281250
0 0.3841146 0.8203125 0.0171875 0.0265625
3 0.6049479 0.6656250 0.0255208 0.0234375
4 0.4578125 0.3734375 0.0312500 0.0234375
4 0.3765625 0.7742187 0.0291667 0.0234375
5 0.3856771 0.5972656 0.0140625 0.0273438
4 0.5656250 0.7453125 0.0281250 0.0203125
5 0.5114583 0.6730469 0.0239583 0.0273438
2 0.6861979 0.6679688 0.0130208 0.0453125
1 0.4093750 0.7675781 0.0166667 0.0382813
5 0.3528646 0.3562500 0.0161458 0.0250000
1 0.6393229 0.7562500 0.0276042 0.0234375
8 0.6169271 0.2367188 0.0244792 0.0250000
7 0.4500000 0.3652344 0.0281250 0.0320312
11 0.4690104 0.3429687 0.0213542 0.0250000
8 0.4960938 0.4835937 0.0223958 0.0343750
6 0.5539063 0.6953125 0.0234375 0.0359375
8 0.6473958 0.8074219 0.0270833 0.0289063
11 0.5388021 0.3671875 0.0286458 0.0328125
6 0.6567708 0.4917969 0.0166667 0.0257812
8 0.6015625 0.1425781 0.0281250 0.0273438
