0 0.5174479 0.4757812 0.0265625 0.0421875
3 0.2257812 0.2878906 0.0505208 0.0335937
4 0.3880208 0.2839844 0.0218750 0.0445313
4 0.6315104 0.8531250 0.0255208 0.0312500
2 0.4346354 0.8304687 0.0421875 0.0515625
1 0.5851563 0.7800781 0.0244792 0.0632812
0 0.6666667 0.8152344 0.0489583 0.0382813
5 0.5187500 0.8636719 0.0239583 0.0710937
2 0.2309896 0.5515625 0.0255208 0.0484375
3 0.3385417 0.1378906 0.0406250 0.0382813
2 0.5104167 0.5250000 0.0437500 0.0343750
1 0.5718750 0.5371094 0.0437500 0.0398437
2 0.7239583 0.2808594 0.0500000 0.0320312
1 0.3471354 0.4125000 0.0432292 0.0484375
1 0.4835937 0.5707031 0.0421875 0.0320312
5 0.3856771 0.4960938 0.0255208 0.0406250
3 0.4843750 0.3945312 0.0406250 0.0312500
2 0.4572917 0.0742188 0.0333333 0.0328125
4 0.7585937 0.6632813 0.0296875 0.0359375
4 0.4898438 0.5726562 0.0223958 0.0265625
4 0.7385417 0.8363281 0.0291667 0.0726563
4 0.4455729 0.3105469 0.0296875 0.0273438
5 0.7388021 0.5101562 0.0494792 0.0390625
2 0.3911458 0.2078125 0.0239583 0.0656250
11 0.5708333 0.8695312 0.0302083 0.0703125
10 0.5020833 0.7925781 0.0416667 0.0414062
11 0.6302083 0.6093750 0.0385417 0.0625000
9 0.6859375 0.3312500 0.0437500 0.0406250
10 0.4247396 0.3828125 0.0265625 0.0609375
11 0.7611979 0.6152344 0.0421875 0.0632812
11 0.5208333 0.6632813 0.0375000 0.0578125
7 0.3463542 0.4839844 0.0343750 0.0664062
7 0.5330729 0.6839844 0.0265625 0.0445313
9 0.7018229 0.4832031 0.0421875 0.0492187
9 0.2619792 0.5519531 0.0427083 0.0476562
11 0.6914062 0.4273438 0.0369792 0.0656250
9 0.3085938 0.2187500 0.0442708 0.0437500
6 0.6049479 0.5371094 0.0390625 0.0414062
10 0.4768229 0.9230469 0.0328125 0.0648438
11 0.2765625 0.5734375 0.0281250 0.0640625
9 0.5872396 0.6500000 0.0390625 0.0390625
9 0.6322917 0.1796875 0.0447917 0.0437500
