5 0.6260417 0.3621094 0.0302083 0.0210938
2 0.6973958 0.8878906 0.0281250 0.0210938
3 0.6757812 0.5878906 0.0276042 0.0179687
5 0.6359375 0.7175781 0.0260417 0.0210938
5 0.3945312 0.3484375 0.0244792 0.0218750
5 0.5820312 0.3613281 0.0286458 0.0179687
3 0.5523438 0.6132812 0.0265625 0.0187500
0 0.6643229 0.5406250 0.0140625 0.0343750
1 0.7502604 0.5398437 0.0182292 0.0343750
4 0.4294271 0.9375000 0.0161458 0.0343750
1 0.6518229 0.5929688 0.0276042 0.0203125
2 0.6554688 0.7339844 0.0265625 0.0257812
2 0.6721354 0.2117188 0.0276042 0.0203125
2 0.5544271 0.4910156 0.0255208 0.0210938
1 0.6197917 0.7304688 0.0270833 0.0187500
2 0.3088542 0.6519531 0.0260417 0.0242188
1 0.4406250 0.6867188 0.0145833 0.0187500
2 0.5195312 0.7101563 0.0182292 0.0390625
3 0.5572917 0.3039062 0.0156250 0.0156250
5 0.6203125 0.7574219 0.0270833 0.0210938
0 0.3153646 0.1804688 0.0255208 0.0203125
5 0.5445313 0.5640625 0.0171875 0.0281250
1 0.5838542 0.3246094 0.0104167 0.0382813
5 0.4989583 0.4062500 0.0291667 0.0203125
2 0.7218750 0.5675781 0.0250000 0.0195312
4 0.7502604 0.3058594 0.0234375 0.0226562
1 0.5507812 0.5390625 0.0255208 0.0234375
3 0.5364583 0.2214844 0.0187500 0.0242188
0 0.5244792 0.2390625 0.0281250 0.0218750
3 0.7156250 0.8109375 0.0281250 0.0187500
0 0.6138021 0.2191406 0.0161458 0.0179687
2 0.3802083 0.5101562 0.0166667 0.0203125
3 0.6059896 0.5113281 0.0255208 0.0195312
5 0.4575521 0.7769531 0.0255208 0.0257812
11 0.6052083 0.1570313 0.0250000 0.0265625
8 0.7458333 0.2601562 0.0239583 0.0390625
10 0.7385417 0.5035156 0.0218750 0.0304687
10 0.7057292 0.5968750 0.0145833 0.0218750
8 0.7473958 0.4070313 0.0208333 0.0421875
6 0.4273438 0.9082031 0.0203125 0.0367188
6 0.5320312 0.0855469 0.0244792 0.0273438
8 0.3192708 0.6335937 0.0250000 0.0250000
11 0.3973958 0.5460938 0.0281250 0.0343750
10 0.6359375 0.7597656 0.0239583 0.0226562
9 0.4828125 0.3492188 0.0197917 0.0265625
