2 0.6361979 0.2847656 0.0546875 0.0367188
1 0.3091146 0.4242187 0.0276042 0.0531250
1 0.6442708 0.4437500 0.0593750 0.0437500
2 0.4375000 0.8816406 0.0322917 0.0867187
5 0.7221354 0.4046875 0.0453125 0.0609375
5 0.7682292 0.6273437 0.0510417 0.0828125
1 0.4765625 0.2941406 0.0520833 0.0460938
0 0.6890625 0.4214844 0.0458333 0.0492187
0 0.6614583 0.5648437 0.0656250 0.0484375
5 0.5401042 0.6835938 0.0531250 0.0625000
8 0.7552083 0.4804688 0.0531250 0.0828125
6 0.5437500 0.3226562 0.0395833 0.0593750
9 0.5005208 0.6511719 0.0343750 0.0789062
6 0.5244792 0.6871094 0.0500000 0.0585938
10 0.2666667 0.4167969 0.0489583 0.0710937
10 0.4033854 0.6539063 0.0578125 0.0562500
10 0.3447917 0.5171875 0.0531250 0.0890625
11 0.6177083 0.2421875 0.0479167 0.0781250
11 0.3513021 0.4601562 0.0505208 0.0515625
11 0.6033854 0.8593750 0.0588542 0.0640625
11 0.5179687 0.2324219 0.0494792 0.0882813
10 0.4908854 0.6023437 0.0463542 0.0562500
11 0.4171875 0.3890625 0.0354167 0.0812500
8 0.5752604 0.8996094 0.0463542 0.0789062
11 0.5187500 0.7773438 0.0531250 0.0515625
11 0.7619792 0.6812500 0.0593750 0.0625000
