1 0.5851563 0.7898437 0.0317708 0.0578125
4 0.6557292 0.1882813 0.0281250 0.0625000
5 0.6848958 0.1398437 0.0322917 0.0937500
0 0.6125000 0.7542969 0.0343750 0.0851563
5 0.3114583 0.5953125 0.0614583 0.0437500
4 0.3976562 0.0929688 0.0463542 0.0828125
5 0.6572917 0.5906250 0.0281250 0.0875000
0 0.3833333 0.9496094 0.0635417 0.0601563
2 0.6736979 0.6199219 0.0244792 0.0476562
5 0.5903646 0.6007813 0.0411458 0.0718750
2 0.5588542 0.0054687 0.0177083 0.0109375
2 0.6143229 0.6531250 0.0546875 0.0562500
5 0.6997396 0.3417969 0.0609375 0.0367188
1 0.7007813 0.2378906 0.0578125 0.0367188
4 0.4708333 0.1109375 0.0239583 0.0875000
5 0.8333333 0.3917969 0.0583333 0.0445313
5 0.3765625 0.8531250 0.0364583 0.0640625
1 0.6895833 0.3945312 0.0479167 0.0578125
5 0.4684896 0.2816406 0.0536458 0.0414062
3 0.7075521 0.6632813 0.0557292 0.0343750
2 0.3791667 0.5914063 0.0385417 0.0640625
2 0.7299479 0.3808594 0.0567708 0.0414062
0 0.6328125 0.1621094 0.0416667 0.0820312
4 0.5635417 0.7613281 0.0437500 0.0445313
0 0.6825521 0.8199219 0.0484375 0.0476562
3 0.7247396 0.5585938 0.0442708 0.0734375
1 0.6611979 0.5210938 0.0505208 0.0437500
0 0.5179687 0.5062500 0.0421875 0.0375000
5 0.5625000 0.6550781 0.0593750 0.0445313
1 0.3364583 0.5140625 0.0437500 0.0375000
5 0.5583333 0.6921875 0.0489583 0.0593750
3 0.5093750 0.3398438 0.0322917 0.0937500
1 0.3088542 0.8320312 0.0604167 0.0359375
5 0.5015625 0.5000000 0.0583333 0.0500000
1 0.5872396 0.2957031 0.0338542 0.0945312
5 0.6190104 0.5796875 0.0473958 0.0437500
5 0.6385417 0.5027344 0.0427083 0.0742188
1 0.2755208 0.5328125 0.0656250 0.0453125
0 0.3835938 0.0917969 0.0401042 0.0820312
8 0.4216146 0.3324219 0.0453125 0.0710937
7 0.5203125 0.4441406 0.0583333 0.0851563
11 0.4919271 0.5605469 0.0526042 0.0664062
11 0.6656250 0.5757813 0.0406250 0.0609375
9 0.7406250 0.3285156 0.0572917 0.0570312
6 0.3562500 0.5843750 0.0468750 0.0734375
9 0.5328125 0.2687500 0.0395833 0.0906250
6 0.4635417 0.6140625 0.0614583 0.0671875
11 0.5945312 0.4527344 0.0536458 0.0523438
10 0.3627604 0.7796875 0.0526042 0.0734375
7 0.6338542 0.6101562 0.0385417 0.0906250
9 0.5903646 0.4164062 0.0557292 0.0578125
10 0.7291667 0.6718750 0.0552083 0.0531250
11 0.5809896 0.2824219 0.0463542 0.0929688
8 0.4158854 0.4332031 0.0588542 0.0585938
10 0.6846354 0.4144531 0.0536458 0.0585938
8 0.6270833 0.6082031 0.0552083 0.0554687
