4 0.5859375 0.6417969 0.0229167 0.0257812
1 0.4169271 0.2980469 0.0140625 0.0335937
3 0.3700521 0.5308594 0.0192708 0.0257812
5 0.5645833 0.5117188 0.0135417 0.0171875
1 0.7085938 0.3113281 0.0192708 0.0242188
0 0.7247396 0.7089844 0.0203125 0.0179687
1 0.4609375 0.3792969 0.0229167 0.0179687
5 0.6856771 0.7675781 0.0234375 0.0164063
0 0.5958333 0.9023438 0.0156250 0.0359375
3 0.7421875 0.8148437 0.0239583 0.0218750
0 0.3070312 0.3550781 0.0223958 0.0164063
0 0.1989583 0.6250000 0.0250000 0.0265625
1 0.5330729 0.4062500 0.0192708 0.0234375
0 0.4510417 0.3539062 0.0135417 0.0328125
4 0.4710937 0.8648438 0.0203125 0.0281250
3 0.5695313 0.8148437 0.0182292 0.0296875
4 0.6815104 0.4316406 0.0151042 0.0226562
2 0.4169271 0.3726563 0.0171875 0.0250000
2 0.4221354 0.4675781 0.0234375 0.0289063
3 0.4234375 0.5746094 0.0239583 0.0226562
2 0.5169271 0.2035156 0.0213542 0.0195312
0 0.5440104 0.8699219 0.0171875 0.0351562
1 0.4520833 0.2945313 0.0156250 0.0343750
2 0.7364583 0.6464844 0.0125000 0.0289063
3 0.6109375 0.9156250 0.0218750 0.0281250
3 0.3229167 0.3058594 0.0135417 0.0367188
2 0.4416667 0.2746094 0.0218750 0.0242188
3 0.3317708 0.7917969 0.0239583 0.0179687
10 0.5958333 0.6941406 0.0156250 0.0320312
11 0.6494792 0.4296875 0.0177083 0.0359375
9 0.3638021 0.3625000 0.0203125 0.0312500
9 0.3968750 0.3496094 0.0250000 0.0242188
9 0.6328125 0.7984375 0.0239583 0.0234375
9 0.6630208 0.7503906 0.0218750 0.0226562
10 0.5557292 0.3136719 0.0187500 0.0210938
8 0.5182292 0.5031250 0.0229167 0.0234375
9 0.6052083 0.6871094 0.0187500 0.0289063
11 0.4997396 0.8664063 0.0192708 0.0281250
8 0.6976562 0.6738281 0.0213542 0.0210938
10 0.4117188 0.7988281 0.0223958 0.0351562
11 0.3023438 0.4750000 0.0223958 0.0265625
11 0.3695312 0.2750000 0.0161458 0.0312500
10 0.5947917 0.4621094 0.0229167 0.0226562
11 0.4908854 0.6007813 0.0182292 0.0343750
8 0.7377604 0.5121094 0.0223958 0.0304687
