1 0.5677083 0.3277344 0.0302083 0.0164063
3 0.3489583 0.5449219 0.0270833 0.0257812
1 0.2507813 0.5093750 0.0276042 0.0265625
2 0.5419271 0.8718750 0.0223958 0.0328125
0 0.2846354 0.5429688 0.0296875 0.0218750
1 0.3296875 0.4121094 0.0250000 0.0320312
2 0.5567708 0.7121094 0.0166667 0.0445313
5 0.5250000 0.6242188 0.0177083 0.0375000
5 0.6385417 0.7625000 0.0270833 0.0218750
4 0.5302083 0.8417969 0.0208333 0.0382813
5 0.5135417 0.6304688 0.0166667 0.0437500
4 0.6484375 0.5164062 0.0270833 0.0296875
1 0.4447917 0.4363281 0.0270833 0.0257812
5 0.4617188 0.7980469 0.0171875 0.0195312
2 0.6226563 0.3812500 0.0296875 0.0296875
1 0.4627604 0.6386719 0.0098958 0.0242188
0 0.5539063 0.1792969 0.0192708 0.0273438
3 0.6546875 0.2781250 0.0166667 0.0203125
4 0.4947917 0.2738281 0.0218750 0.0304687
0 0.6361979 0.4914062 0.0265625 0.0187500
4 0.7242188 0.4281250 0.0286458 0.0203125
0 0.2945313 0.7378906 0.0171875 0.0414062
3 0.6960937 0.6515625 0.0307292 0.0218750
4 0.5263021 0.5656250 0.0234375 0.0218750
4 0.3786458 0.4070313 0.0177083 0.0187500
2 0.5757813 0.5429688 0.0182292 0.0328125
1 0.6528646 0.4562500 0.0213542 0.0265625
10 0.4950521 0.5523438 0.0234375 0.0312500
8 0.5976562 0.4898438 0.0265625 0.0265625
10 0.6010417 0.6027344 0.0239583 0.0242188
10 0.4588542 0.6414062 0.0229167 0.0281250
8 0.5002604 0.6269531 0.0265625 0.0367188
8 0.3559896 0.6609375 0.0307292 0.0296875
9 0.4421875 0.5695313 0.0281250 0.0328125
8 0.7901042 0.3199219 0.0270833 0.0289063
8 0.6585937 0.1750000 0.0255208 0.0281250
9 0.5968750 0.6574219 0.0229167 0.0304687
10 0.4250000 0.3976562 0.0291667 0.0281250
11 0.5830729 0.1304687 0.0276042 0.0296875
9 0.5539063 0.2132813 0.0276042 0.0390625
10 0.5843750 0.5671875 0.0239583 0.0234375
8 0.3088542 0.2484375 0.0197917 0.0437500
7 0.4911458 0.5535156 0.0166667 0.0382813
7 0.4825521 0.6765625 0.0182292 0.0296875
11 0.6908854 0.3992188 0.0276042 0.0265625
9 0.5796875 0.9238281 0.0270833 0.0414062
11 0.5713542 0.7375000 0.0302083 0.0343750
