4 0.5848958 0.7019531 0.0437500 0.0351562
2 0.5242187 0.7839844 0.0401042 0.0257812
4 0.6299479 0.4613281 0.0359375 0.0367188
0 0.5184896 0.6437500 0.0359375 0.0500000
1 0.5776042 0.1714844 0.0437500 0.0289063
1 0.6617188 0.5136719 0.0421875 0.0320312
4 0.4992187 0.6371094 0.0432292 0.0351562
2 0.3195312 0.6187500 0.0255208 0.0406250
5 0.4049479 0.6093750 0.0255208 0.0406250
0 0.4322917 0.3679688 0.0416667 0.0343750
0 0.3419271 0.7007813 0.0286458 0.0640625
1 0.2260417 0.5273438 0.0375000 0.0359375
5 0.4411458 0.8308594 0.0260417 0.0695313
3 0.6778646 0.6929688 0.0411458 0.0296875
1 0.7393229 0.4785156 0.0421875 0.0289063
5 0.4721354 0.4644531 0.0213542 0.0351562
1 0.6372396 0.5582031 0.0213542 0.0304687
0 0.4106771 0.3953125 0.0411458 0.0296875
5 0.5945312 0.6046875 0.0380208 0.0500000
3 0.6674479 0.4808594 0.0244792 0.0304687
3 0.7395833 0.2875000 0.0479167 0.0281250
0 0.5687500 0.3058594 0.0302083 0.0476562
3 0.3445313 0.4414062 0.0463542 0.0312500
0 0.2786458 0.4660156 0.0468750 0.0335937
0 0.5640625 0.1050781 0.0270833 0.0585938
4 0.5231771 0.8902344 0.0328125 0.0617188
3 0.4953125 0.3707031 0.0312500 0.0320312
2 0.5330729 0.4011719 0.0317708 0.0632812
5 0.6924479 0.2417969 0.0484375 0.0320312
1 0.5242187 0.6625000 0.0380208 0.0546875
5 0.6205729 0.5515625 0.0296875 0.0640625
5 0.5708333 0.1917969 0.0281250 0.0601563
0 0.4104167 0.2664063 0.0260417 0.0406250
4 0.3799479 0.6621094 0.0484375 0.0320312
5 0.2505208 0.6437500 0.0437500 0.0375000
5 0.7408854 0.6503906 0.0338542 0.0507812
1 0.5356771 0.6511719 0.0453125 0.0320312
1 0.5932292 0.8003906 0.0197917 0.0664062
5 0.6520833 0.7605469 0.0406250 0.0257812
4 0.6763021 0.4863281 0.0151042 0.0492187
0 0.5533854 0.5898438 0.0328125 0.0453125
0 0.6138021 0.3988281 0.0421875 0.0445313
5 0.5255208 0.3945312 0.0385417 0.0500000
0 0.5755208 0.7214844 0.0458333 0.0351562
2 0.7015625 0.3371094 0.0322917 0.0585938
1 0.3570313 0.1523438 0.0182292 0.0640625
5 0.5815104 0.3679688 0.0307292 0.0656250
2 0.4875000 0.9000000 0.0312500 0.0640625
1 0.6942708 0.6964844 0.0416667 0.0242188
0 0.4723958 0.6195312 0.0239583 0.0515625
0 0.7794271 0.4019531 0.0442708 0.0351562
2 0.3755208 0.4480469 0.0260417 0.0460938
2 0.5723958 0.5714844 0.0458333 0.0289063
4 0.4062500 0.2710938 0.0343750 0.0500000
3 0.3971354 0.5980469 0.0244792 0.0617188
1 0.7460938 0.8085938 0.0338542 0.0515625
5 0.5718750 0.6015625 0.0333333 0.0578125
2 0.5518229 0.6011719 0.0244792 0.0351562
1 0.3981771 0.4351563 0.0421875 0.0437500
0 0.4705729 0.2921875 0.0380208 0.0312500
4 0.4921875 0.5425781 0.0156250 0.0570312
4 0.6476563 0.2750000 0.0390625 0.0328125
5 0.6330729 0.5917969 0.0244792 0.0617188
2 0.3747396 0.5421875 0.0255208 0.0375000
1 0.5859375 0.7093750 0.0427083 0.0312500
1 0.3114583 0.5398437 0.0187500 0.0468750
0 0.5906250 0.7972656 0.0416667 0.0289063
5 0.4945312 0.5597656 0.0338542 0.0320312
5 0.5054688 0.2687500 0.0421875 0.0343750
1 0.6125000 0.3195312 0.0354167 0.0453125
2 0.4130208 0.4363281 0.0229167 0.0273438
3 0.3914063 0.3527344 0.0244792 0.0335937
1 0.6080729 0.7800781 0.0432292 0.0335937
0 0.4791667 0.9015625 0.0291667 0.0593750
5 0.5567708 0.6722656 0.0437500 0.0382813
1 0.4682292 0.3949219 0.0385417 0.0382813
5 0.2708333 0.7664062 0.0437500 0.0265625
2 0.2981771 0.6480469 0.0192708 0.0632812
10 0.6671875 0.8117188 0.0385417 0.0375000
7 0.7268229 0.4921875 0.0390625 0.0546875
11 0.4901042 0.5738281 0.0416667 0.0492187
10 0.4098958 0.7214844 0.0250000 0.0570312
11 0.5750000 0.2898438 0.0302083 0.0453125
6 0.6653646 0.3968750 0.0401042 0.0500000
10 0.3841146 0.5667969 0.0401042 0.0460938
10 0.3703125 0.3996094 0.0343750 0.0632812
11 0.6414062 0.7660156 0.0411458 0.0414062
6 0.5802083 0.3855469 0.0427083 0.0414062
11 0.4778646 0.3250000 0.0338542 0.0406250
10 0.6328125 0.3468750 0.0468750 0.0453125
7 0.4565104 0.6898437 0.0380208 0.0484375
8 0.3747396 0.6148438 0.0265625 0.0390625
11 0.5968750 0.3281250 0.0437500 0.0421875
6 0.5609375 0.6449219 0.0437500 0.0429688
11 0.6192708 0.7015625 0.0354167 0.0500000
