3 0.5247396 0.6519531 0.0140625 0.0210938
2 0.2739583 0.5386719 0.0135417 0.0398437
1 0.6125000 0.6328125 0.0270833 0.0187500
2 0.7125000 0.6082031 0.0260417 0.0195312
4 0.3731771 0.2492187 0.0182292 0.0375000
3 0.5481771 0.1484375 0.0244792 0.0203125
0 0.5364583 0.5464844 0.0187500 0.0289063
0 0.3638021 0.8468750 0.0265625 0.0203125
3 0.6104167 0.5453125 0.0208333 0.0187500
5 0.4588542 0.1496094 0.0166667 0.0335937
3 0.4213542 0.1707031 0.0177083 0.0289063
2 0.5265625 0.3449219 0.0135417 0.0195312
3 0.5132813 0.3109375 0.0171875 0.0375000
5 0.4888021 0.4750000 0.0276042 0.0218750
5 0.5333333 0.5605469 0.0156250 0.0195312
2 0.5653646 0.4890625 0.0255208 0.0187500
3 0.4205729 0.6621094 0.0140625 0.0429688
5 0.7270833 0.3757813 0.0197917 0.0203125
2 0.5947917 0.3886719 0.0187500 0.0257812
3 0.6367188 0.5886719 0.0276042 0.0195312
1 0.5736979 0.3281250 0.0119792 0.0234375
1 0.4940104 0.6484375 0.0171875 0.0390625
3 0.4911458 0.5558594 0.0239583 0.0179687
2 0.3270833 0.4222656 0.0197917 0.0257812
4 0.5947917 0.2707031 0.0145833 0.0367188
4 0.3114583 0.3816406 0.0260417 0.0210938
4 0.5851563 0.4757812 0.0286458 0.0250000
2 0.5492187 0.8597656 0.0265625 0.0210938
5 0.5179687 0.5292969 0.0182292 0.0242188
0 0.3013021 0.6089844 0.0140625 0.0210938
4 0.4403646 0.9828125 0.0151042 0.0328125
5 0.5317708 0.5812500 0.0177083 0.0312500
1 0.3934896 0.2824219 0.0244792 0.0210938
4 0.5578125 0.5308594 0.0270833 0.0179687
1 0.7687500 0.6964844 0.0270833 0.0210938
3 0.5802083 0.5828125 0.0208333 0.0156250
3 0.6151042 0.3882813 0.0166667 0.0312500
0 0.5971354 0.1839844 0.0276042 0.0179687
1 0.3369792 0.6710938 0.0239583 0.0171875
2 0.5278646 0.5132813 0.0161458 0.0328125
4 0.7007813 0.2593750 0.0244792 0.0156250
2 0.5942708 0.5546875 0.0239583 0.0156250
0 0.5914063 0.7996094 0.0140625 0.0367188
4 0.5414062 0.2246094 0.0161458 0.0351562
3 0.5348958 0.4609375 0.0187500 0.0312500
1 0.5778646 0.3039062 0.0265625 0.0140625
2 0.4460938 0.5957031 0.0182292 0.0226562
5 0.4153646 0.4750000 0.0223958 0.0265625
3 0.5304688 0.2203125 0.0234375 0.0187500
0 0.6809896 0.6367188 0.0255208 0.0234375
5 0.5731771 0.7542969 0.0255208 0.0210938
1 0.4338542 0.5179687 0.0229167 0.0234375
1 0.4593750 0.2984375 0.0177083 0.0250000
4 0.4789062 0.5644531 0.0130208 0.0304687
4 0.6695313 0.7156250 0.0119792 0.0359375
5 0.6028646 0.4023438 0.0130208 0.0328125
4 0.3190104 0.5792969 0.0244792 0.0164063
1 0.5239583 0.4183594 0.0260417 0.0179687
0 0.4117188 0.6898437 0.0234375 0.0234375
5 0.6731771 0.7937500 0.0265625 0.0171875
10 0.4898438 0.6109375 0.0255208 0.0250000
8 0.4153646 0.6726562 0.0234375 0.0390625
7 0.4309896 0.2753906 0.0213542 0.0382813
11 0.3695312 0.3585937 0.0203125 0.0328125
9 0.2572917 0.6023437 0.0218750 0.0359375
8 0.3028646 0.8378906 0.0265625 0.0273438
6 0.5635417 0.8128906 0.0239583 0.0351562
9 0.5010417 0.3578125 0.0250000 0.0250000
9 0.4932292 0.2546875 0.0145833 0.0218750
8 0.6296875 0.6957031 0.0187500 0.0367188
