0 0.5276042 0.8367187 0.0145833 0.0421875
3 0.6270833 0.2886719 0.0375000 0.0429688
3 0.5984375 0.4781250 0.0250000 0.0531250
2 0.6125000 0.5117188 0.0177083 0.0437500
5 0.6486979 0.1718750 0.0171875 0.0578125
4 0.6796875 0.4796875 0.0322917 0.0265625
5 0.3195312 0.6871094 0.0369792 0.0257812
3 0.3716146 0.7960938 0.0380208 0.0265625
1 0.2736979 0.3304687 0.0348958 0.0437500
4 0.3505208 0.2226562 0.0291667 0.0484375
3 0.5770833 0.5148438 0.0364583 0.0250000
4 0.6635417 0.7707031 0.0177083 0.0492187
5 0.6158854 0.5292969 0.0234375 0.0304687
5 0.6593750 0.2371094 0.0437500 0.0429688
1 0.5822917 0.4484375 0.0395833 0.0343750
5 0.7765625 0.6578125 0.0437500 0.0312500
3 0.5015625 0.4644531 0.0406250 0.0304687
0 0.6088542 0.3640625 0.0270833 0.0531250
10 0.7953125 0.4429688 0.0333333 0.0437500
7 0.2588542 0.3484375 0.0343750 0.0500000
11 0.6268229 0.3910156 0.0380208 0.0382813
6 0.6372396 0.2542969 0.0359375 0.0570312
11 0.3734375 0.4804688 0.0281250 0.0500000
11 0.5085937 0.3828125 0.0296875 0.0593750
7 0.5994792 0.3894531 0.0250000 0.0429688
9 0.2971354 0.7476563 0.0369792 0.0359375
8 0.7039062 0.4015625 0.0369792 0.0453125
6 0.4130208 0.4023438 0.0354167 0.0359375
11 0.5596354 0.6761719 0.0234375 0.0476562
6 0.4291667 0.7011719 0.0364583 0.0570312
8 0.5377604 0.4351563 0.0244792 0.0406250
8 0.6627604 0.2566406 0.0348958 0.0476562
6 0.5807292 0.7707031 0.0291667 0.0585938
7 0.4661458 0.4496094 0.0218750 0.0414062
7 0.4760417 0.4621094 0.0291667 0.0382813
