2 0.6932292 0.2875000 0.0562500 0.0484375
1 0.4994792 0.6296875 0.0614583 0.0453125
1 0.7710938 0.6726562 0.0411458 0.0656250
3 0.2388021 0.2851562 0.0619792 0.0468750
4 0.7544271 0.4484375 0.0348958 0.0671875
2 0.7044271 0.5457031 0.0578125 0.0523438
1 0.6325521 0.7394531 0.0390625 0.0898438
0 0.6062500 0.6355469 0.0541667 0.0742188
0 0.5565104 0.3312500 0.0484375 0.0531250
4 0.6635417 0.7570313 0.0322917 0.0390625
5 0.2591146 0.4792969 0.0588542 0.0601563
5 0.7101563 0.6292969 0.0244792 0.1007813
1 0.5072917 0.2507813 0.0510417 0.0718750
0 0.5885417 0.5277344 0.0562500 0.0554687
5 0.7125000 0.6750000 0.0583333 0.0343750
5 0.3486979 0.6234375 0.0421875 0.0578125
1 0.5192708 0.1511719 0.0375000 0.0835937
4 0.3924479 0.7300781 0.0567708 0.0507812
0 0.4812500 0.2917969 0.0385417 0.0414062
3 0.7500000 0.5125000 0.0604167 0.0593750
1 0.4989583 0.1789062 0.0364583 0.0546875
2 0.5195312 0.6820312 0.0463542 0.0796875
3 0.4835937 0.2363281 0.0369792 0.0679687
11 0.4812500 0.2457031 0.0395833 0.0898438
10 0.3460937 0.6777344 0.0557292 0.0695313
6 0.5929688 0.3421875 0.0609375 0.0593750
11 0.5752604 0.4152344 0.0578125 0.0570312
6 0.2619792 0.4781250 0.0572917 0.0562500
6 0.5403646 0.5457031 0.0380208 0.0789062
10 0.5080729 0.1527344 0.0473958 0.0789062
8 0.7562500 0.6667969 0.0458333 0.0898438
8 0.6552083 0.8503906 0.0385417 0.0914062
7 0.6458333 0.6550781 0.0614583 0.0601563
8 0.7424479 0.3097656 0.0578125 0.0570312
11 0.2924479 0.6656250 0.0390625 0.0921875
9 0.5106771 0.1492188 0.0380208 0.0890625
8 0.5111979 0.6324219 0.0588542 0.0851563
8 0.7322917 0.3113281 0.0416667 0.0632812
7 0.4408854 0.7531250 0.0442708 0.0625000
