4 0.5109375 0.7156250 0.0552083 0.0421875
0 0.6562500 0.3562500 0.0250000 0.0890625
5 0.3174479 0.4992187 0.0473958 0.0593750
4 0.4841146 0.4500000 0.0609375 0.0468750
1 0.6018229 0.2320312 0.0546875 0.0343750
3 0.5882812 0.3507812 0.0463542 0.0718750
0 0.6924479 0.5542969 0.0619792 0.0523438
0 0.4533854 0.3390625 0.0463542 0.0546875
4 0.4424479 0.5093750 0.0453125 0.0406250
2 0.5250000 0.8093750 0.0343750 0.0906250
0 0.7101563 0.6050781 0.0578125 0.0429688
2 0.7145833 0.5101562 0.0583333 0.0515625
1 0.4708333 0.7144531 0.0395833 0.0398437
3 0.5273438 0.3765625 0.0526042 0.0421875
0 0.5119792 0.6437500 0.0437500 0.0671875
4 0.5984375 0.1468750 0.0333333 0.0718750
4 0.2859375 0.5726562 0.0510417 0.0390625
0 0.5229167 0.4636719 0.0260417 0.0851563
2 0.4572917 0.7414063 0.0552083 0.0515625
0 0.5783854 0.6746094 0.0411458 0.0742188
3 0.7158854 0.4863281 0.0536458 0.0742188
1 0.5848958 0.5964844 0.0291667 0.0539063
0 0.3729167 0.7781250 0.0593750 0.0421875
0 0.3572917 0.4566406 0.0447917 0.0476562
0 0.5882812 0.2953125 0.0598958 0.0406250
8 0.4135417 0.2085937 0.0552083 0.0656250
7 0.5138021 0.2093750 0.0546875 0.0562500
9 0.3354167 0.1078125 0.0510417 0.0515625
10 0.6091146 0.6433594 0.0484375 0.0507812
7 0.6039062 0.6539063 0.0588542 0.0562500
11 0.5635417 0.1960938 0.0437500 0.0562500
9 0.4635417 0.4890625 0.0354167 0.0828125
10 0.6559896 0.2453125 0.0442708 0.0734375
