5 0.6796875 0.3949219 0.0156250 0.0242188
1 0.5625000 0.4285156 0.0187500 0.0289063
0 0.3153646 0.6652344 0.0255208 0.0195312
2 0.5367188 0.6507812 0.0265625 0.0203125
2 0.6195312 0.6039062 0.0213542 0.0234375
5 0.6992188 0.3230469 0.0265625 0.0242188
5 0.5356771 0.7968750 0.0234375 0.0281250
3 0.6617188 0.5414062 0.0192708 0.0218750
2 0.5611979 0.6582031 0.0244792 0.0242188
4 0.6768229 0.2351563 0.0255208 0.0218750
3 0.5760417 0.5214844 0.0208333 0.0242188
10 0.5895833 0.2574219 0.0177083 0.0320312
9 0.6684896 0.4410156 0.0223958 0.0367188
7 0.2901042 0.6687500 0.0239583 0.0234375
8 0.7140625 0.2718750 0.0239583 0.0234375
10 0.4934896 0.2074219 0.0244792 0.0242188
6 0.4783854 0.3304687 0.0161458 0.0359375
11 0.7380208 0.4613281 0.0260417 0.0257812
9 0.5520833 0.4222656 0.0260417 0.0273438
6 0.5460938 0.8074219 0.0161458 0.0320312
6 0.4630208 0.8167969 0.0239583 0.0242188
7 0.4932292 0.6699219 0.0239583 0.0320312
7 0.7278646 0.4800781 0.0244792 0.0242188
10 0.5812500 0.2835937 0.0145833 0.0218750
9 0.5833333 0.8445312 0.0197917 0.0359375
11 0.6309896 0.2402344 0.0223958 0.0335937
