3 0.5255208 0.4164062 0.0187500 0.0203125
0 0.4864583 0.1601562 0.0208333 0.0281250
4 0.6169271 0.6125000 0.0234375 0.0171875
2 0.2432292 0.3433594 0.0229167 0.0179687
5 0.6039062 0.0867187 0.0234375 0.0265625
2 0.4653646 0.6148438 0.0223958 0.0171875
0 0.6421875 0.0097656 0.0166667 0.0195312
0 0.5802083 0.7273437 0.0229167 0.0203125
3 0.3716146 0.3347656 0.0140625 0.0210938
1 0.2335937 0.4167969 0.0119792 0.0320312
1 0.2901042 0.4609375 0.0104167 0.0328125
5 0.7768229 0.5007812 0.0244792 0.0171875
5 0.4458333 0.6585937 0.0125000 0.0359375
5 0.3013021 0.4039063 0.0151042 0.0312500
5 0.5812500 0.6906250 0.0197917 0.0187500
0 0.3627604 0.7601562 0.0234375 0.0171875
3 0.4208333 0.5117188 0.0114583 0.0359375
2 0.5752604 0.1128906 0.0234375 0.0195312
5 0.5343750 0.4441406 0.0229167 0.0226562
2 0.6054688 0.7816406 0.0223958 0.0164063
3 0.5479167 0.5640625 0.0218750 0.0203125
5 0.6096354 0.7828125 0.0192708 0.0296875
8 0.6197917 0.6691406 0.0145833 0.0273438
7 0.6471354 0.1816406 0.0213542 0.0242188
10 0.5736979 0.3464844 0.0213542 0.0273438
11 0.4638021 0.6324219 0.0223958 0.0242188
10 0.3882813 0.7687500 0.0203125 0.0218750
9 0.4630208 0.6312500 0.0208333 0.0328125
7 0.4111979 0.5035156 0.0140625 0.0242188
10 0.4429688 0.2160156 0.0161458 0.0289063
9 0.4867187 0.7167969 0.0234375 0.0273438
9 0.3520833 0.2097656 0.0156250 0.0320312
9 0.6247396 0.4785156 0.0213542 0.0289063
10 0.6216146 0.3390625 0.0192708 0.0328125
6 0.6013021 0.3750000 0.0140625 0.0203125
6 0.4325521 0.5937500 0.0223958 0.0234375
7 0.7111979 0.3210938 0.0223958 0.0234375
8 0.5148438 0.1984375 0.0203125 0.0218750
9 0.4151042 0.1882813 0.0218750 0.0234375
9 0.7158854 0.5917969 0.0213542 0.0210938
7 0.6486979 0.7246094 0.0234375 0.0257812
9 0.4822917 0.2542969 0.0187500 0.0210938
