4 0.4479167 0.6660156 0.0343750 0.0601563
0 0.5463542 0.5718750 0.0239583 0.0562500
3 0.4640625 0.2250000 0.0208333 0.0640625
1 0.3411458 0.4109375 0.0229167 0.0625000
5 0.5190104 0.2171875 0.0484375 0.0343750
5 0.5861979 0.6031250 0.0484375 0.0421875
3 0.3460937 0.5433594 0.0432292 0.0429688
4 0.7218750 0.6882812 0.0458333 0.0296875
0 0.3510417 0.8160156 0.0500000 0.0445313
0 0.6307292 0.2558594 0.0177083 0.0601563
5 0.5268229 0.1824219 0.0307292 0.0710937
5 0.2731771 0.8492188 0.0473958 0.0343750
4 0.7533854 0.5144531 0.0473958 0.0351562
1 0.6013021 0.7214844 0.0463542 0.0539063
4 0.4437500 0.8695312 0.0385417 0.0359375
1 0.4052083 0.3230469 0.0489583 0.0460938
2 0.4286458 0.8449219 0.0312500 0.0617188
5 0.5585938 0.3128906 0.0265625 0.0398437
0 0.3604167 0.5949219 0.0437500 0.0382813
0 0.3367188 0.4964844 0.0401042 0.0460938
1 0.4377604 0.4156250 0.0223958 0.0343750
2 0.3416667 0.5652344 0.0239583 0.0679687
1 0.5533854 0.8898438 0.0338542 0.0609375
0 0.7869792 0.3660156 0.0458333 0.0289063
4 0.3645833 0.2031250 0.0291667 0.0546875
5 0.3877604 0.0957031 0.0463542 0.0367188
5 0.5307292 0.2257812 0.0447917 0.0328125
4 0.4726562 0.8042969 0.0411458 0.0460938
2 0.7312500 0.3996094 0.0322917 0.0414062
1 0.4236979 0.6933594 0.0265625 0.0664062
4 0.6802083 0.4578125 0.0479167 0.0546875
2 0.3252604 0.6777344 0.0317708 0.0476562
4 0.3765625 0.6328125 0.0302083 0.0296875
2 0.5421875 0.7398438 0.0437500 0.0453125
3 0.6986979 0.5292969 0.0432292 0.0351562
3 0.4273438 0.3152344 0.0296875 0.0523438
4 0.5299479 0.4371094 0.0453125 0.0335937
2 0.4273438 0.8800781 0.0421875 0.0554687
5 0.4343750 0.6214844 0.0385417 0.0460938
2 0.7445312 0.6484375 0.0442708 0.0390625
10 0.5312500 0.3667969 0.0437500 0.0492187
9 0.3992188 0.5355469 0.0328125 0.0710937
9 0.2809896 0.4468750 0.0494792 0.0484375
6 0.6914062 0.6710938 0.0442708 0.0718750
8 0.3653646 0.6203125 0.0432292 0.0515625
