1 0.4755208 0.3382812 0.0197917 0.0453125
5 0.3437500 0.4726562 0.0281250 0.0390625
5 0.8125000 0.3542969 0.0291667 0.0320312
5 0.5161458 0.1312500 0.0281250 0.0265625
4 0.6588542 0.5500000 0.0187500 0.0234375
3 0.5578125 0.2878906 0.0354167 0.0289063
1 0.5252604 0.7722656 0.0171875 0.0507812
2 0.6200521 0.2640625 0.0244792 0.0328125
5 0.6763021 0.2054688 0.0359375 0.0281250
2 0.6122396 0.3695312 0.0276042 0.0281250
1 0.5005208 0.6488281 0.0302083 0.0242188
10 0.2739583 0.3832031 0.0333333 0.0320312
9 0.4354167 0.5492187 0.0218750 0.0312500
9 0.7229167 0.4937500 0.0239583 0.0312500
