5 0.3773437 0.7976562 0.0203125 0.0375000
0 0.3494792 0.2910156 0.0229167 0.0523438
3 0.7171875 0.2699219 0.0250000 0.0679687
4 0.5692708 0.4957031 0.0416667 0.0414062
5 0.4578125 0.7957031 0.0250000 0.0773438
4 0.6518229 0.2378906 0.0390625 0.0476562
2 0.3041667 0.4792969 0.0458333 0.0320312
2 0.6085938 0.0531250 0.0286458 0.0687500
4 0.5726562 0.5851563 0.0338542 0.0343750
3 0.5997396 0.2714844 0.0494792 0.0492187
1 0.7460938 0.5761719 0.0473958 0.0367188
1 0.4841146 0.6597656 0.0432292 0.0539063
2 0.3375000 0.2765625 0.0250000 0.0734375
1 0.5455729 0.6175781 0.0484375 0.0429688
5 0.6127604 0.3363281 0.0432292 0.0414062
3 0.3020833 0.2316406 0.0447917 0.0382813
4 0.5445313 0.0437500 0.0328125 0.0468750
1 0.7036458 0.1808594 0.0302083 0.0617188
1 0.5736979 0.6640625 0.0223958 0.0687500
3 0.5992188 0.6363281 0.0192708 0.0414062
4 0.5583333 0.4308594 0.0437500 0.0304687
3 0.6033854 0.2230469 0.0213542 0.0757812
3 0.4664063 0.1441406 0.0286458 0.0601563
2 0.6033854 0.1464844 0.0338542 0.0507812
1 0.5125000 0.6339844 0.0260417 0.0570312
0 0.6291667 0.3972656 0.0520833 0.0367188
1 0.3578125 0.3148437 0.0437500 0.0296875
1 0.4289062 0.2144531 0.0171875 0.0726563
1 0.5763021 0.5160156 0.0265625 0.0570312
1 0.6440104 0.1839844 0.0432292 0.0257812
3 0.7135417 0.6441406 0.0447917 0.0429688
1 0.6578125 0.2683594 0.0250000 0.0351562
4 0.5085937 0.5835938 0.0307292 0.0406250
4 0.5101562 0.5859375 0.0192708 0.0328125
3 0.4804688 0.7269531 0.0421875 0.0351562
0 0.3700521 0.1339844 0.0307292 0.0320312
3 0.3169271 0.4562500 0.0213542 0.0281250
1 0.3830729 0.6371094 0.0463542 0.0398437
3 0.7315104 0.3406250 0.0255208 0.0640625
3 0.3630208 0.2917969 0.0447917 0.0382813
4 0.5632812 0.5476562 0.0442708 0.0296875
0 0.5992188 0.3417969 0.0494792 0.0476562
4 0.7132812 0.6789063 0.0380208 0.0515625
1 0.5856771 0.6289062 0.0234375 0.0453125
4 0.4888021 0.5953125 0.0484375 0.0390625
1 0.5750000 0.5320312 0.0333333 0.0500000
0 0.4888021 0.8187500 0.0432292 0.0359375
2 0.4843750 0.8875000 0.0354167 0.0515625
0 0.7307292 0.3882813 0.0520833 0.0437500
1 0.5427083 0.3750000 0.0343750 0.0421875
0 0.7348958 0.4386719 0.0395833 0.0554687
4 0.7354167 0.3917969 0.0281250 0.0664062
5 0.5039062 0.4574219 0.0359375 0.0617188
5 0.5442708 0.4808594 0.0281250 0.0695313
4 0.5307292 0.4828125 0.0500000 0.0343750
4 0.5830729 0.7753906 0.0296875 0.0429688
1 0.2799479 0.3242188 0.0411458 0.0390625
1 0.5640625 0.3351562 0.0427083 0.0453125
5 0.5994792 0.5445313 0.0291667 0.0359375
1 0.5593750 0.2027344 0.0489583 0.0367188
2 0.5705729 0.6742187 0.0494792 0.0453125
4 0.4976563 0.4339844 0.0494792 0.0382813
5 0.4028646 0.1335938 0.0213542 0.0484375
5 0.4005208 0.5960937 0.0322917 0.0406250
5 0.5664062 0.6140625 0.0369792 0.0609375
0 0.6507812 0.5332031 0.0442708 0.0429688
0 0.6718750 0.7644531 0.0468750 0.0351562
1 0.3424479 0.5492187 0.0442708 0.0359375
2 0.5333333 0.7687500 0.0458333 0.0546875
1 0.4361979 0.5992188 0.0463542 0.0421875
3 0.3872396 0.6238281 0.0265625 0.0351562
0 0.4484375 0.8199219 0.0427083 0.0414062
2 0.5242187 0.3375000 0.0296875 0.0343750
7 0.7125000 0.5328125 0.0302083 0.0453125
9 0.7520833 0.8210937 0.0458333 0.0515625
11 0.5005208 0.1488281 0.0395833 0.0726563
9 0.3403646 0.5546875 0.0401042 0.0468750
