0 0.3210938 0.5652344 0.0942708 0.0679687
5 0.5231771 0.4769531 0.0703125 0.0976562
1 0.3364583 0.7480469 0.0760417 0.1210938
5 0.6786458 0.3507812 0.0552083 0.0750000
2 0.6408854 0.5027344 0.0598958 0.1554687
2 0.6419271 0.4113281 0.0473958 0.0882813
4 0.2971354 0.7816406 0.0994792 0.0617188
4 0.5861979 0.4855469 0.0859375 0.0851563
1 0.7125000 0.3535156 0.1010417 0.1273438
5 0.5703125 0.8148437 0.1052083 0.0781250
0 0.5583333 0.6812500 0.1010417 0.0750000
4 0.7463542 0.6285156 0.1145833 0.0914062
1 0.3122396 0.7664062 0.0703125 0.1546875
0 0.4164062 0.2683594 0.0734375 0.1242188
5 0.4463542 0.5468750 0.0979167 0.0640625
5 0.5713542 0.6535156 0.1000000 0.0679687
0 0.5398437 0.5847656 0.1046875 0.0804688
1 0.6716146 0.2710938 0.1151042 0.0843750
1 0.6955729 0.2394531 0.0703125 0.1273438
5 0.5203125 0.8097656 0.0864583 0.1382812
0 0.2497396 0.5347656 0.1067708 0.1054688
5 0.5497396 0.3402344 0.0869792 0.0882813
1 0.7270833 0.6156250 0.1072917 0.0796875
4 0.5981771 0.4769531 0.1140625 0.0882813
4 0.4437500 0.6554688 0.0895833 0.1078125
3 0.3947917 0.3332031 0.0562500 0.1492188
5 0.4773438 0.9292969 0.0682292 0.0882813
5 0.3763021 0.3625000 0.0682292 0.0640625
5 0.7302083 0.2753906 0.0895833 0.0976562
5 0.2820313 0.5722656 0.0838542 0.0835937
2 0.2591146 0.5765625 0.0828125 0.1062500
1 0.6320313 0.4164062 0.0390625 0.1093750
2 0.4802083 0.2808594 0.0697917 0.0726563
4 0.5427083 0.7300781 0.0645833 0.1460937
4 0.2809896 0.8050781 0.1088542 0.0914062
7 0.5468750 0.8507813 0.1083333 0.1562500
11 0.5843750 0.5449219 0.0677083 0.1570313
10 0.3304687 0.7058594 0.0932292 0.0929688
7 0.5013021 0.5722656 0.0796875 0.1039063
6 0.4924479 0.3664062 0.0619792 0.1171875
