0 0.2820313 0.4488281 0.0380208 0.0476562
1 0.3934896 0.4476562 0.0432292 0.0625000
3 0.5408854 0.5316406 0.0307292 0.0773438
1 0.3231771 0.5265625 0.0546875 0.0375000
3 0.3130208 0.6367188 0.0520833 0.0656250
3 0.4557292 0.6171875 0.0291667 0.0562500
2 0.5091146 0.2316406 0.0296875 0.0789062
2 0.5229167 0.5851563 0.0510417 0.0375000
0 0.4234375 0.4527344 0.0281250 0.0804688
1 0.6401042 0.4230469 0.0510417 0.0492187
0 0.7286458 0.6195312 0.0635417 0.0421875
2 0.4130208 0.8511719 0.0364583 0.0601563
1 0.4049479 0.1960938 0.0276042 0.0437500
9 0.7221354 0.4628906 0.0536458 0.0617188
6 0.5341146 0.7765625 0.0526042 0.0718750
10 0.4888021 0.6199219 0.0473958 0.0492187
11 0.3710938 0.6859375 0.0348958 0.0687500
