1 0.4773438 0.1613281 0.0317708 0.0414062
5 0.4255208 0.3144531 0.0281250 0.0523438
0 0.6403646 0.2570312 0.0255208 0.0500000
3 0.3020833 0.5312500 0.0197917 0.0281250
1 0.6078125 0.3121094 0.0291667 0.0273438
0 0.6148438 0.3398438 0.0203125 0.0312500
4 0.5718750 0.6816406 0.0187500 0.0351562
4 0.2791667 0.3210938 0.0395833 0.0250000
0 0.6656250 0.4296875 0.0156250 0.0406250
2 0.6119792 0.0765625 0.0218750 0.0562500
2 0.4729167 0.5031250 0.0291667 0.0296875
3 0.4265625 0.6867188 0.0343750 0.0343750
5 0.5242187 0.6281250 0.0276042 0.0468750
4 0.5156250 0.7304688 0.0395833 0.0281250
1 0.3132813 0.4191406 0.0411458 0.0320312
3 0.4177083 0.6441406 0.0333333 0.0242188
0 0.4911458 0.2425781 0.0364583 0.0429688
4 0.2994792 0.3906250 0.0343750 0.0421875
1 0.5247396 0.8375000 0.0223958 0.0406250
0 0.3255208 0.6355469 0.0416667 0.0304687
4 0.4541667 0.8343750 0.0239583 0.0484375
3 0.5489583 0.2398437 0.0312500 0.0312500
5 0.6059896 0.7515625 0.0411458 0.0296875
2 0.3513021 0.6074219 0.0213542 0.0492187
3 0.3380208 0.4242187 0.0208333 0.0312500
1 0.3976562 0.5636719 0.0192708 0.0273438
5 0.5440104 0.5925781 0.0401042 0.0304687
2 0.4890625 0.7101563 0.0260417 0.0453125
1 0.6130208 0.3507812 0.0406250 0.0281250
3 0.5604167 0.7753906 0.0312500 0.0304687
2 0.5091146 0.6378906 0.0369792 0.0242188
4 0.5380208 0.7230469 0.0260417 0.0429688
2 0.3960938 0.6039062 0.0213542 0.0468750
2 0.5588542 0.4765625 0.0281250 0.0484375
1 0.5666667 0.5023437 0.0416667 0.0296875
5 0.6455729 0.7058594 0.0359375 0.0476562
1 0.6820312 0.3531250 0.0338542 0.0390625
1 0.3140625 0.2964844 0.0385417 0.0320312
3 0.7286458 0.5429688 0.0312500 0.0406250
3 0.4635417 0.4062500 0.0218750 0.0312500
4 0.3080729 0.5925781 0.0390625 0.0429688
1 0.7533854 0.4324219 0.0286458 0.0414062
2 0.4023438 0.5300781 0.0213542 0.0335937
4 0.5697917 0.1171875 0.0260417 0.0437500
2 0.5966146 0.2496094 0.0265625 0.0476562
2 0.5947917 0.7539062 0.0406250 0.0328125
0 0.3703125 0.3476562 0.0177083 0.0546875
0 0.6846354 0.7121094 0.0390625 0.0304687
4 0.6174479 0.7164063 0.0411458 0.0296875
4 0.3361979 0.5558594 0.0369792 0.0382813
3 0.4296875 0.4390625 0.0187500 0.0593750
2 0.6479167 0.3281250 0.0197917 0.0546875
3 0.5653646 0.2640625 0.0203125 0.0546875
0 0.5940104 0.4273438 0.0390625 0.0437500
3 0.6757812 0.5843750 0.0286458 0.0265625
3 0.7500000 0.5589844 0.0385417 0.0289063
0 0.7390625 0.4652344 0.0364583 0.0351562
0 0.5432292 0.7652344 0.0218750 0.0257812
9 0.5299479 0.2414062 0.0369792 0.0546875
8 0.4283854 0.5125000 0.0296875 0.0531250
10 0.5010417 0.5621094 0.0375000 0.0398437
9 0.7497396 0.4863281 0.0255208 0.0445313
10 0.5070313 0.9015625 0.0234375 0.0437500
10 0.5625000 0.6050781 0.0260417 0.0460938
10 0.7276042 0.4890625 0.0322917 0.0375000
