1 0.6359375 0.7128906 0.0208333 0.0351562
3 0.5760417 0.2941406 0.0177083 0.0164063
5 0.4635417 0.7910156 0.0270833 0.0195312
5 0.5466146 0.3582031 0.0276042 0.0226562
1 0.4604167 0.8738281 0.0270833 0.0195312
0 0.5111979 0.5500000 0.0151042 0.0375000
0 0.6502604 0.7406250 0.0109375 0.0375000
4 0.4796875 0.3273437 0.0197917 0.0312500
5 0.3059896 0.4429688 0.0151042 0.0359375
5 0.4593750 0.3054688 0.0208333 0.0312500
5 0.5278646 0.8984375 0.0255208 0.0218750
3 0.5932292 0.5359375 0.0145833 0.0250000
3 0.7812500 0.6593750 0.0291667 0.0218750
5 0.3916667 0.5296875 0.0250000 0.0203125
5 0.3544271 0.5132813 0.0296875 0.0234375
4 0.5611979 0.2667969 0.0203125 0.0320312
5 0.6156250 0.6851563 0.0291667 0.0203125
1 0.3187500 0.5546875 0.0145833 0.0312500
1 0.4364583 0.5589844 0.0291667 0.0210938
1 0.7018229 0.1011719 0.0161458 0.0414062
4 0.6098958 0.1765625 0.0260417 0.0187500
1 0.3497396 0.6890625 0.0255208 0.0234375
3 0.6635417 0.6875000 0.0270833 0.0203125
5 0.4356771 0.4343750 0.0140625 0.0250000
0 0.5666667 0.7437500 0.0197917 0.0234375
3 0.4226563 0.3671875 0.0182292 0.0265625
0 0.6031250 0.1125000 0.0239583 0.0265625
5 0.4981771 0.8562500 0.0213542 0.0359375
5 0.4697917 0.4000000 0.0270833 0.0250000
3 0.5450521 0.6457031 0.0276042 0.0195312
7 0.6437500 0.4699219 0.0270833 0.0320312
11 0.6875000 0.6992188 0.0187500 0.0437500
9 0.5476562 0.4894531 0.0234375 0.0289063
9 0.4979167 0.7707031 0.0250000 0.0398437
10 0.4484375 0.6691406 0.0260417 0.0257812
11 0.6341146 0.5644531 0.0276042 0.0320312
9 0.4203125 0.0652344 0.0270833 0.0382813
6 0.5648437 0.5121094 0.0255208 0.0289063
10 0.4955729 0.6882812 0.0265625 0.0281250
8 0.6075521 0.3371094 0.0223958 0.0351562
11 0.6760417 0.4816406 0.0239583 0.0289063
8 0.7101563 0.4671875 0.0255208 0.0328125
10 0.2429688 0.5453125 0.0161458 0.0359375
9 0.5213542 0.5246094 0.0270833 0.0273438
9 0.6947917 0.2921875 0.0177083 0.0390625
11 0.5682292 0.4925781 0.0270833 0.0351562
