2 0.5700521 0.6226563 0.0203125 0.0265625
1 0.4111979 0.5390625 0.0130208 0.0390625
2 0.5716146 0.6937500 0.0151042 0.0375000
4 0.4372396 0.5917969 0.0244792 0.0148437
4 0.6075521 0.4832031 0.0223958 0.0164063
5 0.5856771 0.2597656 0.0234375 0.0179687
1 0.5562500 0.8445312 0.0114583 0.0375000
1 0.4541667 0.3023438 0.0125000 0.0171875
3 0.6205729 0.6136719 0.0223958 0.0257812
5 0.4523437 0.4429688 0.0223958 0.0234375
5 0.4380208 0.5910156 0.0187500 0.0304687
5 0.3747396 0.4339844 0.0161458 0.0210938
5 0.6523438 0.4988281 0.0151042 0.0367188
4 0.5700521 0.5062500 0.0119792 0.0312500
3 0.6658854 0.4203125 0.0244792 0.0187500
5 0.6408854 0.6152344 0.0109375 0.0382813
5 0.6281250 0.3574219 0.0270833 0.0195312
3 0.2828125 0.5089844 0.0177083 0.0257812
4 0.5833333 0.4851563 0.0260417 0.0187500
4 0.6367188 0.5292969 0.0244792 0.0148437
3 0.5802083 0.3523438 0.0135417 0.0265625
0 0.3398438 0.6835938 0.0213542 0.0218750
5 0.2843750 0.3199219 0.0208333 0.0289063
2 0.6635417 0.3121094 0.0156250 0.0226562
1 0.6471354 0.4406250 0.0234375 0.0234375
3 0.5984375 0.5804687 0.0260417 0.0203125
3 0.4153646 0.6210938 0.0161458 0.0281250
0 0.6416667 0.5828125 0.0177083 0.0328125
3 0.5958333 0.5976562 0.0270833 0.0218750
0 0.5122396 0.2632813 0.0130208 0.0359375
5 0.5161458 0.2324219 0.0208333 0.0257812
2 0.7177083 0.4277344 0.0208333 0.0226562
1 0.6143229 0.4363281 0.0234375 0.0273438
3 0.5229167 0.6324219 0.0135417 0.0273438
4 0.4697917 0.5441406 0.0114583 0.0351562
0 0.4054687 0.3441406 0.0130208 0.0164063
2 0.2263021 0.5429688 0.0234375 0.0218750
4 0.3778646 0.4574219 0.0213542 0.0195312
2 0.5359375 0.5359375 0.0239583 0.0171875
5 0.5940104 0.8101563 0.0244792 0.0203125
4 0.6369792 0.5257812 0.0104167 0.0218750
3 0.7148438 0.4464844 0.0192708 0.0320312
1 0.4174479 0.8046875 0.0130208 0.0390625
3 0.3539062 0.2898438 0.0223958 0.0234375
6 0.4872396 0.5648437 0.0223958 0.0359375
9 0.5036458 0.3414063 0.0145833 0.0328125
10 0.4169271 0.2914062 0.0161458 0.0281250
6 0.4697917 0.8781250 0.0250000 0.0265625
11 0.6281250 0.4625000 0.0239583 0.0234375
10 0.5291667 0.4300781 0.0208333 0.0242188
8 0.6765625 0.2289063 0.0156250 0.0359375
10 0.5617188 0.5953125 0.0192708 0.0343750
11 0.5419271 0.2816406 0.0213542 0.0210938
7 0.3830729 0.8949219 0.0151042 0.0351562
