4 0.5179687 0.5468750 0.0213542 0.0562500
4 0.5562500 0.4457031 0.0406250 0.0335937
5 0.6515625 0.7476563 0.0541667 0.0343750
5 0.4361979 0.5691406 0.0348958 0.0429688
3 0.4101562 0.3703125 0.0338542 0.0359375
0 0.5210938 0.4226563 0.0338542 0.0421875
0 0.5992188 0.5898438 0.0223958 0.0812500
2 0.7315104 0.8390625 0.0296875 0.0359375
7 0.4427083 0.6164063 0.0427083 0.0453125
7 0.6473958 0.6007813 0.0333333 0.0765625
8 0.6393229 0.6546875 0.0546875 0.0640625
6 0.4877604 0.4015625 0.0473958 0.0500000
10 0.6916667 0.3867188 0.0447917 0.0500000
11 0.5473958 0.5093750 0.0302083 0.0609375
9 0.4044271 0.3398438 0.0317708 0.0718750
7 0.3330729 0.7640625 0.0369792 0.0734375
8 0.2713542 0.6156250 0.0531250 0.0531250
10 0.2848958 0.6023437 0.0479167 0.0484375
11 0.6432292 0.7070312 0.0489583 0.0484375
6 0.5372396 0.6699219 0.0328125 0.0773438
9 0.3562500 0.7937500 0.0489583 0.0468750
6 0.6182292 0.3511719 0.0468750 0.0539063
8 0.4541667 0.7296875 0.0447917 0.0593750
8 0.6963542 0.4871094 0.0458333 0.0554687
