5 0.4817708 0.8355469 0.0489583 0.0429688
1 0.4705729 0.6109375 0.0369792 0.0484375
3 0.6171875 0.4761719 0.0562500 0.0617188
2 0.6552083 0.6667969 0.0593750 0.0539063
5 0.5341146 0.5578125 0.0609375 0.0375000
0 0.2861979 0.3792969 0.0671875 0.0429688
2 0.4348958 0.5843750 0.0385417 0.0625000
4 0.5648437 0.3113281 0.0380208 0.0804688
4 0.6382813 0.3031250 0.0588542 0.0484375
4 0.5231771 0.4574219 0.0671875 0.0445313
2 0.4130208 0.2468750 0.0354167 0.0687500
5 0.4908854 0.7003906 0.0578125 0.0820312
4 0.5859375 0.3761719 0.0677083 0.0476562
3 0.6075521 0.5000000 0.0578125 0.0406250
1 0.5544271 0.5496094 0.0380208 0.0429688
0 0.4914062 0.5644531 0.0598958 0.0554687
1 0.2645833 0.4332031 0.0312500 0.0414062
0 0.6161458 0.2242187 0.0447917 0.0593750
1 0.4278646 0.4257812 0.0515625 0.0640625
2 0.7291667 0.8746094 0.0614583 0.0429688
4 0.3729167 0.2738281 0.0572917 0.0617188
4 0.7031250 0.4238281 0.0614583 0.0445313
0 0.3916667 0.4171875 0.0364583 0.0593750
2 0.6244792 0.8164062 0.0427083 0.0812500
1 0.7356771 0.2722656 0.0682292 0.0414062
5 0.5057292 0.4464844 0.0395833 0.0945312
2 0.5080729 0.1937500 0.0661458 0.0468750
2 0.6307292 0.5843750 0.0479167 0.0593750
5 0.7380208 0.6671875 0.0270833 0.0593750
2 0.4023438 0.3609375 0.0515625 0.0671875
2 0.6440104 0.4199219 0.0411458 0.0867187
3 0.5471354 0.5625000 0.0473958 0.0828125
5 0.4541667 0.2101562 0.0458333 0.0890625
2 0.2882812 0.4656250 0.0526042 0.0609375
2 0.6057292 0.5984375 0.0583333 0.0453125
4 0.2325521 0.3820312 0.0557292 0.0562500
2 0.5421875 0.7531250 0.0343750 0.0937500
0 0.2872396 0.8304687 0.0651042 0.0484375
2 0.4664063 0.8503906 0.0473958 0.0601563
1 0.6471354 0.1945312 0.0390625 0.0609375
3 0.4851563 0.1363281 0.0453125 0.0710937
2 0.5304688 0.7343750 0.0619792 0.0484375
3 0.3510417 0.8851562 0.0625000 0.0453125
2 0.6429687 0.5058594 0.0703125 0.0617188
4 0.6236979 0.7820312 0.0265625 0.0796875
0 0.5789062 0.4164062 0.0421875 0.0859375
2 0.4054687 0.7500000 0.0348958 0.1046875
5 0.5760417 0.5925781 0.0604167 0.0445313
5 0.6757812 0.4152344 0.0307292 0.0554687
4 0.3729167 0.6800781 0.0614583 0.0617188
2 0.6226563 0.7925781 0.0651042 0.0726563
0 0.5677083 0.7933594 0.0354167 0.0882813
0 0.7346354 0.6449219 0.0463542 0.0976562
5 0.6442708 0.3925781 0.0656250 0.0648438
1 0.2132813 0.7171875 0.0640625 0.0656250
2 0.5380208 0.6246094 0.0468750 0.0664062
0 0.5718750 0.7082031 0.0302083 0.0960938
2 0.6559896 0.2390625 0.0484375 0.0812500
5 0.3674479 0.6003906 0.0328125 0.0742188
0 0.6015625 0.7597656 0.0427083 0.0835937
5 0.3244792 0.3578125 0.0666667 0.0390625
4 0.4486979 0.2992187 0.0505208 0.0390625
1 0.4614583 0.3496094 0.0656250 0.0492187
0 0.4971354 0.7625000 0.0369792 0.0562500
5 0.3789062 0.2726562 0.0348958 0.0453125
1 0.4203125 0.7347656 0.0437500 0.0773438
1 0.5231771 0.3632812 0.0567708 0.0593750
4 0.4591146 0.2851562 0.0296875 0.0546875
2 0.4304688 0.5136719 0.0359375 0.0789062
2 0.5794271 0.8800781 0.0432292 0.0867187
1 0.6596354 0.6078125 0.0557292 0.0468750
6 0.4104167 0.8386719 0.0468750 0.0820312
9 0.4367187 0.1972656 0.0567708 0.0867187
9 0.5231771 0.4269531 0.0473958 0.0539063
9 0.4812500 0.6117187 0.0489583 0.0593750
9 0.2682292 0.3160156 0.0583333 0.0664062
7 0.5234375 0.3785156 0.0562500 0.0789062
