0 0.3755208 0.5250000 0.0187500 0.0390625
1 0.5445313 0.6933594 0.0203125 0.0351562
1 0.2583333 0.4992187 0.0302083 0.0312500
3 0.5687500 0.3285156 0.0291667 0.0210938
3 0.4026042 0.5976562 0.0218750 0.0312500
0 0.3552083 0.6472656 0.0333333 0.0226562
1 0.5848958 0.7187500 0.0333333 0.0234375
5 0.3895833 0.4289062 0.0135417 0.0296875
0 0.4731771 0.5929688 0.0192708 0.0312500
1 0.3664062 0.3492188 0.0151042 0.0453125
4 0.4065104 0.4261719 0.0296875 0.0226562
5 0.6184896 0.4753906 0.0161458 0.0367188
1 0.5580729 0.7359375 0.0307292 0.0203125
0 0.6729167 0.4644531 0.0208333 0.0398437
1 0.3757813 0.5371094 0.0265625 0.0179687
4 0.6927083 0.4238281 0.0291667 0.0351562
0 0.4210937 0.2167969 0.0182292 0.0460938
0 0.4619792 0.7671875 0.0291667 0.0296875
5 0.5919271 0.3289063 0.0171875 0.0296875
1 0.3432292 0.3933594 0.0260417 0.0210938
0 0.3677083 0.5449219 0.0302083 0.0242188
4 0.5669271 0.3890625 0.0151042 0.0484375
3 0.4419271 0.6457031 0.0265625 0.0351562
1 0.6539063 0.4035156 0.0265625 0.0367188
2 0.5658854 0.2667969 0.0255208 0.0257812
4 0.5096354 0.2843750 0.0203125 0.0453125
1 0.7364583 0.3664062 0.0229167 0.0390625
0 0.6598958 0.8031250 0.0333333 0.0218750
4 0.7260417 0.4820313 0.0156250 0.0234375
1 0.6414062 0.6648437 0.0234375 0.0296875
4 0.7080729 0.5816406 0.0265625 0.0273438
5 0.4440104 0.2210938 0.0244792 0.0265625
3 0.6770833 0.4800781 0.0281250 0.0210938
2 0.5343750 0.6636719 0.0177083 0.0335937
0 0.6111979 0.1792969 0.0182292 0.0445313
0 0.5036458 0.7804688 0.0197917 0.0453125
3 0.5989583 0.4546875 0.0291667 0.0265625
1 0.7200521 0.3195312 0.0328125 0.0281250
1 0.6518229 0.7476563 0.0317708 0.0250000
5 0.5127604 0.7105469 0.0234375 0.0398437
4 0.5901042 0.4535156 0.0125000 0.0398437
0 0.6492187 0.0792969 0.0286458 0.0226562
4 0.6744792 0.6500000 0.0229167 0.0421875
4 0.5679688 0.2433594 0.0223958 0.0351562
5 0.5419271 0.3691406 0.0296875 0.0273438
0 0.5429688 0.7742187 0.0182292 0.0390625
0 0.3981771 0.2425781 0.0296875 0.0226562
3 0.6856771 0.7074219 0.0328125 0.0257812
0 0.5218750 0.3054688 0.0250000 0.0250000
5 0.6687500 0.5703125 0.0239583 0.0406250
3 0.7492188 0.3199219 0.0296875 0.0210938
4 0.3148437 0.5996094 0.0307292 0.0257812
1 0.4601562 0.4296875 0.0130208 0.0218750
3 0.4226563 0.5144531 0.0223958 0.0273438
0 0.3375000 0.7679687 0.0312500 0.0218750
2 0.4013021 0.8593750 0.0171875 0.0406250
0 0.5195312 0.5562500 0.0140625 0.0359375
3 0.4606771 0.5011719 0.0213542 0.0195312
0 0.7161458 0.7070312 0.0302083 0.0250000
0 0.5195312 0.7582031 0.0171875 0.0257812
4 0.5648437 0.2042969 0.0223958 0.0320312
1 0.4041667 0.7144531 0.0177083 0.0523438
0 0.7151042 0.7382812 0.0333333 0.0234375
4 0.7033854 0.7980469 0.0203125 0.0273438
3 0.4354167 0.5503906 0.0145833 0.0304687
3 0.6916667 0.8019531 0.0312500 0.0226562
0 0.4549479 0.5437500 0.0213542 0.0296875
0 0.4940104 0.8320312 0.0203125 0.0390625
4 0.5335937 0.4363281 0.0182292 0.0351562
0 0.3682292 0.8203125 0.0177083 0.0437500
2 0.6020833 0.3410156 0.0187500 0.0492187
1 0.5541667 0.2226562 0.0208333 0.0343750
1 0.6216146 0.3261719 0.0223958 0.0398437
1 0.5106771 0.6542969 0.0317708 0.0242188
1 0.6893229 0.3000000 0.0151042 0.0468750
2 0.3195312 0.2882812 0.0255208 0.0234375
4 0.6104167 0.4136719 0.0302083 0.0320312
5 0.5125000 0.5261719 0.0239583 0.0382813
10 0.6151042 0.3070312 0.0197917 0.0296875
