2 0.2747396 0.2710938 0.0942708 0.0703125
2 0.5799479 0.3605469 0.0609375 0.1492188
4 0.4270833 0.7062500 0.0687500 0.0515625
0 0.6690104 0.2359375 0.0973958 0.0546875
4 0.5414062 0.7941406 0.0432292 0.0914062
2 0.3502604 0.5750000 0.0526042 0.1062500
1 0.6739583 0.6351562 0.0937500 0.0687500
0 0.7263021 0.3687500 0.0953125 0.0625000
5 0.6750000 0.2265625 0.1010417 0.0671875
4 0.3971354 0.8691406 0.0432292 0.0867187
2 0.3020833 0.1300781 0.0552083 0.0867187
3 0.5684896 0.4574219 0.0776042 0.0617188
5 0.6940104 0.4136719 0.0630208 0.1148437
3 0.3033854 0.3195312 0.0921875 0.0671875
0 0.6708333 0.2085937 0.0562500 0.0734375
0 0.1973958 0.5777344 0.0927083 0.0757812
5 0.5632812 0.4027344 0.0838542 0.1023437
5 0.4705729 0.6058594 0.0651042 0.1179687
1 0.5791667 0.0484375 0.0833333 0.0906250
4 0.5786458 0.3316406 0.0729167 0.0835937
3 0.7135417 0.9261719 0.0864583 0.0757812
1 0.4075521 0.9546875 0.0567708 0.0890625
0 0.6598958 0.5417969 0.0895833 0.0851563
1 0.1960938 0.5039062 0.0859375 0.0843750
1 0.7197917 0.6230469 0.0927083 0.0742188
0 0.7471354 0.2757812 0.0911458 0.0609375
3 0.5231771 0.8679687 0.0546875 0.1546875
2 0.3713542 0.4406250 0.0479167 0.0921875
0 0.6690104 0.4105469 0.0432292 0.1164063
0 0.2955729 0.6957031 0.0880208 0.0632812
3 0.4804688 0.4109375 0.0463542 0.0656250
4 0.7244792 0.4691406 0.0885417 0.0554687
0 0.2838542 0.5089844 0.0854167 0.0867187
5 0.7494792 0.5921875 0.0489583 0.0875000
4 0.2921875 0.5644531 0.0562500 0.0804688
5 0.5963542 0.0968750 0.0927083 0.0703125
5 0.7424479 0.5730469 0.0932292 0.0710937
3 0.3908854 0.6058594 0.0890625 0.0554687
3 0.1921875 0.7679687 0.0489583 0.1171875
1 0.6638021 0.5250000 0.0859375 0.0984375
0 0.5898438 0.2773438 0.0973958 0.0796875
4 0.6627604 0.4722656 0.0557292 0.0992187
0 0.5309896 0.7695312 0.0578125 0.0562500
2 0.5674479 0.3660156 0.0776042 0.0632812
2 0.3588542 0.6449219 0.0500000 0.1398437
0 0.5533854 0.0167969 0.0421875 0.0335937
3 0.6369792 0.1769531 0.0593750 0.0757812
2 0.4421875 0.9550781 0.0583333 0.0882813
5 0.4489583 0.6722656 0.0708333 0.0976562
3 0.3007812 0.4250000 0.0817708 0.0812500
0 0.7544271 0.5750000 0.0963542 0.0640625
0 0.4674479 0.7644531 0.0432292 0.1101562
3 0.4226563 0.4949219 0.0526042 0.0757812
2 0.5164062 0.5933594 0.0661458 0.0679687
1 0.7367187 0.4109375 0.0786458 0.0859375
3 0.5776042 0.0761719 0.0958333 0.0695313
3 0.5666667 0.3187500 0.0625000 0.0984375
4 0.3921875 0.2281250 0.0500000 0.1312500
2 0.4255208 0.4570312 0.0510417 0.1109375
4 0.4390625 0.1550781 0.0718750 0.0976562
3 0.7221354 0.5082031 0.0401042 0.0617188
1 0.5192708 0.6355469 0.0791667 0.0976562
3 0.6184896 0.5351562 0.1005208 0.0593750
1 0.6903646 0.1777344 0.0953125 0.0601563
1 0.4036458 0.6906250 0.0593750 0.1593750
1 0.4929688 0.3679688 0.0494792 0.0718750
0 0.4981771 0.8750000 0.0963542 0.0828125
7 0.6466146 0.5757813 0.0932292 0.1000000
9 0.4796875 0.7164063 0.0604167 0.1343750
10 0.6039062 0.7191406 0.0869792 0.1507813
6 0.6687500 0.7191406 0.0760417 0.0804688
10 0.4765625 0.4222656 0.0593750 0.0945312
