2 0.4130208 0.2730469 0.0343750 0.0929688
2 0.4072917 0.6015625 0.0427083 0.0718750
2 0.4783854 0.7296875 0.0380208 0.0781250
3 0.6533854 0.8242188 0.0651042 0.0421875
4 0.4325521 0.2089844 0.0442708 0.0570312
2 0.3877604 0.1777344 0.0494792 0.0898438
0 0.7729167 0.2925781 0.0666667 0.0523438
5 0.6679688 0.2902344 0.0588542 0.0570312
2 0.6335937 0.7703125 0.0505208 0.0546875
3 0.2796875 0.3496094 0.0593750 0.0382813
5 0.5002604 0.6929688 0.0380208 0.0843750
3 0.5632812 0.7441406 0.0609375 0.0460938
0 0.5716146 0.6867188 0.0286458 0.0765625
0 0.3643229 0.3164062 0.0442708 0.0625000
0 0.7580729 0.7332031 0.0317708 0.0679687
4 0.7119792 0.6218750 0.0645833 0.0421875
5 0.5348958 0.1976563 0.0427083 0.0734375
0 0.3783854 0.6359375 0.0411458 0.0937500
4 0.3039062 0.2726562 0.0473958 0.0656250
4 0.4932292 0.3355469 0.0593750 0.0789062
3 0.4190104 0.2796875 0.0286458 0.0656250
4 0.5114583 0.8964844 0.0322917 0.0960938
5 0.4020833 0.3433594 0.0333333 0.0507812
2 0.6179687 0.6628906 0.0463542 0.0835937
0 0.6408854 0.5582031 0.0578125 0.0523438
5 0.5083333 0.1742188 0.0479167 0.0750000
1 0.7244792 0.3453125 0.0531250 0.0484375
2 0.4197917 0.2058594 0.0625000 0.0398437
11 0.4937500 0.6503906 0.0489583 0.0882813
9 0.7557292 0.5402344 0.0593750 0.0789062
6 0.5028646 0.4835937 0.0630208 0.0843750
7 0.5864583 0.3867188 0.0531250 0.0640625
