3 0.6471354 0.3667969 0.0442708 0.0273438
3 0.6421875 0.2839844 0.0322917 0.0414062
4 0.3781250 0.5507812 0.0427083 0.0312500
5 0.6585937 0.6316406 0.0473958 0.0382813
0 0.5919271 0.5191406 0.0234375 0.0648438
0 0.5596354 0.7144531 0.0286458 0.0648438
0 0.3507812 0.6007813 0.0223958 0.0703125
5 0.4395833 0.1183594 0.0343750 0.0460938
4 0.6835938 0.3531250 0.0515625 0.0406250
4 0.4778646 0.2265625 0.0411458 0.0468750
4 0.4153646 0.3597656 0.0463542 0.0367188
5 0.6606771 0.5101562 0.0484375 0.0390625
5 0.5966146 0.3183594 0.0234375 0.0570312
5 0.4890625 0.4628906 0.0291667 0.0585938
5 0.4604167 0.9226562 0.0239583 0.0343750
2 0.4328125 0.2777344 0.0239583 0.0320312
0 0.6049479 0.2238281 0.0432292 0.0304687
2 0.3554688 0.4644531 0.0338542 0.0289063
4 0.4682292 0.4183594 0.0218750 0.0492187
2 0.5752604 0.4320312 0.0505208 0.0484375
2 0.3596354 0.6101562 0.0317708 0.0328125
2 0.6598958 0.5019531 0.0333333 0.0304687
2 0.3880208 0.4582031 0.0291667 0.0351562
2 0.4346354 0.5996094 0.0338542 0.0414062
4 0.6828125 0.3828125 0.0500000 0.0359375
5 0.4390625 0.6511719 0.0302083 0.0554687
0 0.7867188 0.3765625 0.0442708 0.0453125
0 0.5822917 0.7460938 0.0437500 0.0468750
0 0.2911458 0.6835938 0.0385417 0.0390625
8 0.3450521 0.5183594 0.0421875 0.0585938
7 0.5312500 0.4410156 0.0291667 0.0570312
6 0.5028646 0.7593750 0.0401042 0.0531250
6 0.2859375 0.5753906 0.0437500 0.0429688
11 0.2598958 0.3687500 0.0364583 0.0468750
8 0.6635417 0.3027344 0.0406250 0.0398437
7 0.4518229 0.4769531 0.0432292 0.0429688
6 0.7307292 0.3593750 0.0447917 0.0484375
6 0.6424479 0.2441406 0.0296875 0.0445313
11 0.5856771 0.5355469 0.0369792 0.0445313
8 0.5265625 0.5207031 0.0333333 0.0460938
9 0.5580729 0.2265625 0.0296875 0.0421875
10 0.5226563 0.4230469 0.0432292 0.0414062
11 0.5664062 0.5503906 0.0276042 0.0492187
9 0.4481771 0.6847656 0.0265625 0.0570312
