5 0.6817708 0.3527344 0.1208333 0.1054688
2 0.3148437 0.3640625 0.1432292 0.1000000
0 0.3671875 0.3312500 0.1000000 0.1515625
5 0.6763021 0.6128906 0.0838542 0.2164062
3 0.5507812 0.3300781 0.1130208 0.1382812
4 0.8682292 0.4968750 0.1229167 0.2031250
1 0.5992188 0.0949219 0.0911458 0.1898438
0 0.5494792 0.5496094 0.1541667 0.1132812
3 0.5565104 0.4996094 0.1057292 0.1664063
0 0.4401042 0.6335937 0.1218750 0.1343750
1 0.6140625 0.0187500 0.0697917 0.0375000
2 0.2981771 0.3156250 0.1421875 0.1031250
1 0.6156250 0.3031250 0.1177083 0.2046875
5 0.6489583 0.2949219 0.1041667 0.2148438
5 0.6005208 0.3085938 0.0791667 0.1437500
4 0.6221354 0.4121094 0.0817708 0.1007813
0 0.4940104 0.2597656 0.1484375 0.0992187
2 0.6153646 0.4140625 0.0734375 0.2062500
3 0.2742188 0.3390625 0.1505208 0.0890625
4 0.4369792 0.4097656 0.1531250 0.1070312
0 0.3989583 0.8144531 0.1395833 0.1289062
5 0.2252604 0.4996094 0.0901042 0.0976562
3 0.3700521 0.2613281 0.0703125 0.2492187
2 0.3679688 0.4292969 0.1494792 0.1164063
3 0.5036458 0.4214844 0.1322917 0.1351563
3 0.2687500 0.5414062 0.0666667 0.1953125
1 0.3210938 0.8160156 0.1296875 0.1054688
1 0.5492187 0.2503906 0.0734375 0.1210938
0 0.4757812 0.3500000 0.0994792 0.1156250
5 0.7106771 0.4175781 0.0755208 0.1601562
1 0.6132812 0.7660156 0.0921875 0.2539062
2 0.7257813 0.3574219 0.1182292 0.1554687
10 0.5929688 0.3460937 0.0869792 0.1375000
6 0.5997396 0.1464844 0.1494792 0.1414063
11 0.6148438 0.1550781 0.0932292 0.2289063
6 0.4518229 0.5140625 0.1223958 0.1406250
9 0.5335937 0.1851562 0.1244792 0.1765625
9 0.2960937 0.6558594 0.1098958 0.1757812
8 0.2890625 0.5820312 0.0979167 0.2390625
7 0.3567708 0.2593750 0.1052083 0.2406250
10 0.7174479 0.3382812 0.1369792 0.1484375
6 0.2859375 0.8480469 0.1343750 0.1351563
7 0.2804687 0.3128906 0.1380208 0.1929687
7 0.6434896 0.2546875 0.1234375 0.2312500
6 0.6682292 0.9285156 0.1447917 0.1414063
9 0.7265625 0.6695313 0.1520833 0.1750000
7 0.4046875 0.4765625 0.1020833 0.2171875
9 0.2856771 0.6675781 0.1359375 0.1539062
11 0.5333333 0.7625000 0.1489583 0.2265625
10 0.3927083 0.2089844 0.1531250 0.1773437
