2 0.5049479 0.5941406 0.0317708 0.1023437
1 0.5091146 0.6632813 0.0442708 0.1078125
5 0.4861979 0.6578125 0.0630208 0.0390625
3 0.5471354 0.6667969 0.0734375 0.0539063
0 0.5515625 0.2226562 0.0447917 0.0578125
0 0.3630208 0.4925781 0.0604167 0.0882813
1 0.4765625 0.4171875 0.0343750 0.0671875
4 0.4533854 0.1179687 0.0411458 0.0515625
1 0.6489583 0.1878906 0.0322917 0.1023437
3 0.6992188 0.6285156 0.0744792 0.0523438
3 0.5927083 0.5597656 0.0677083 0.0507812
1 0.4091146 0.4472656 0.0598958 0.0773438
5 0.6791667 0.5230469 0.0572917 0.0757812
0 0.2466146 0.4652344 0.0755208 0.0507812
3 0.5932292 0.8886719 0.0572917 0.0789062
2 0.4062500 0.4460938 0.0593750 0.0468750
3 0.7682292 0.7347656 0.0322917 0.0554687
3 0.5473958 0.2855469 0.0625000 0.0820312
4 0.6114583 0.5859375 0.0645833 0.0375000
1 0.6278646 0.5398437 0.0348958 0.0515625
4 0.7335938 0.5460938 0.0588542 0.0593750
5 0.6403646 0.4605469 0.0640625 0.0585938
2 0.6111979 0.3750000 0.0703125 0.0500000
2 0.7158854 0.6046875 0.0390625 0.0906250
1 0.5875000 0.4128906 0.0354167 0.0835937
1 0.6606771 0.5726562 0.0640625 0.0609375
0 0.3351562 0.6757812 0.0411458 0.0859375
5 0.2492187 0.4507813 0.0567708 0.0593750
4 0.3760417 0.3261719 0.0677083 0.0523438
3 0.5437500 0.4890625 0.0385417 0.0546875
2 0.5958333 0.5027344 0.0677083 0.0492187
1 0.5492187 0.3929687 0.0588542 0.0890625
1 0.5726562 0.1687500 0.0473958 0.0765625
4 0.5497396 0.4199219 0.0328125 0.0523438
5 0.6010417 0.6820312 0.0531250 0.0859375
2 0.3692708 0.7898437 0.0541667 0.0937500
0 0.6851563 0.3667969 0.0348958 0.1007813
1 0.3088542 0.1320312 0.0479167 0.0750000
3 0.5455729 0.4886719 0.0484375 0.0835937
2 0.5192708 0.3660156 0.0750000 0.0617188
0 0.4463542 0.7761719 0.0375000 0.0664062
5 0.6335937 0.5203125 0.0640625 0.0500000
1 0.5677083 0.4695313 0.0729167 0.0390625
5 0.5921875 0.4527344 0.0333333 0.1085938
2 0.3903646 0.2316406 0.0348958 0.0664062
4 0.6846354 0.3644531 0.0682292 0.0695313
2 0.4716146 0.4929688 0.0328125 0.0515625
4 0.5065104 0.6167969 0.0578125 0.0507812
0 0.6773438 0.4437500 0.0640625 0.0453125
0 0.3585937 0.4796875 0.0557292 0.0703125
5 0.4486979 0.1093750 0.0307292 0.1015625
0 0.3559896 0.5898438 0.0765625 0.0484375
4 0.2854167 0.3937500 0.0697917 0.0468750
3 0.4143229 0.7906250 0.0526042 0.0484375
2 0.5895833 0.5167969 0.0583333 0.0492187
2 0.5546875 0.5328125 0.0447917 0.0765625
0 0.6890625 0.7035156 0.0666667 0.0460938
0 0.6723958 0.4898438 0.0572917 0.0921875
1 0.5671875 0.6480469 0.0375000 0.0710937
0 0.4307292 0.2093750 0.0562500 0.0718750
0 0.4182292 0.1851562 0.0531250 0.0875000
5 0.6057292 0.4667969 0.0677083 0.0523438
4 0.3492188 0.5089844 0.0682292 0.0789062
3 0.2898438 0.3281250 0.0442708 0.1015625
1 0.5346354 0.1777344 0.0401042 0.0648438
4 0.5182292 0.2640625 0.0625000 0.0421875
5 0.3635417 0.6925781 0.0583333 0.0523438
5 0.6552083 0.5218750 0.0625000 0.0750000
2 0.6848958 0.6355469 0.0479167 0.0742188
4 0.6114583 0.2679687 0.0520833 0.0765625
2 0.5992188 0.3375000 0.0348958 0.0546875
1 0.5434896 0.2339844 0.0598958 0.0648438
4 0.5513021 0.3296875 0.0390625 0.0968750
4 0.5773438 0.2734375 0.0682292 0.0437500
0 0.7052083 0.5046875 0.0635417 0.0593750
5 0.6908854 0.5613281 0.0640625 0.0664062
9 0.6632813 0.4929688 0.0390625 0.0578125
11 0.4348958 0.8535156 0.0562500 0.0976562
6 0.8265625 0.3347656 0.0697917 0.0679687
7 0.3802083 0.2828125 0.0437500 0.1015625
11 0.5640625 0.7652344 0.0552083 0.0820312
11 0.4091146 0.5535156 0.0546875 0.0929688
7 0.6250000 0.8015625 0.0437500 0.0781250
10 0.5190104 0.1417969 0.0640625 0.0648438
6 0.5270833 0.4128906 0.0614583 0.1054688
11 0.6020833 0.5218750 0.0604167 0.0593750
8 0.7070312 0.4031250 0.0640625 0.0765625
10 0.7179688 0.2265625 0.0598958 0.0687500
9 0.5117188 0.7625000 0.0651042 0.0750000
8 0.5908854 0.4023438 0.0515625 0.0734375
8 0.4955729 0.7054687 0.0619792 0.0609375
