1 0.5114583 0.6156250 0.0333333 0.0296875
5 0.4820313 0.2699219 0.0359375 0.0242188
4 0.5656250 0.7324219 0.0239583 0.0273438
5 0.4283854 0.5406250 0.0171875 0.0468750
4 0.5885417 0.5917969 0.0354167 0.0273438
5 0.4015625 0.4695313 0.0416667 0.0406250
4 0.6997396 0.6199219 0.0307292 0.0460938
5 0.4585938 0.5035156 0.0328125 0.0398437
4 0.4934896 0.3585937 0.0380208 0.0265625
2 0.4020833 0.3589844 0.0291667 0.0585938
3 0.4997396 0.8054687 0.0182292 0.0281250
0 0.4054687 0.6281250 0.0213542 0.0500000
4 0.5078125 0.7375000 0.0260417 0.0343750
3 0.6718750 0.8101563 0.0364583 0.0421875
3 0.3187500 0.8156250 0.0333333 0.0421875
2 0.6846354 0.6695313 0.0369792 0.0328125
4 0.5067708 0.4250000 0.0302083 0.0328125
3 0.3190104 0.6453125 0.0359375 0.0343750
3 0.6130208 0.2550781 0.0187500 0.0257812
4 0.5208333 0.5132813 0.0312500 0.0218750
1 0.4817708 0.5804687 0.0333333 0.0250000
0 0.7299479 0.2359375 0.0338542 0.0328125
5 0.6356771 0.6621094 0.0338542 0.0335937
0 0.5619792 0.2558594 0.0218750 0.0570312
0 0.5221354 0.7937500 0.0369792 0.0250000
0 0.2976563 0.5144531 0.0369792 0.0351562
1 0.5018229 0.7476563 0.0255208 0.0484375
5 0.5205729 0.9867187 0.0296875 0.0250000
3 0.3140625 0.3328125 0.0343750 0.0406250
5 0.5817708 0.2539062 0.0218750 0.0250000
0 0.3846354 0.3527344 0.0390625 0.0351562
3 0.5799479 0.2082031 0.0390625 0.0304687
3 0.5322917 0.6914062 0.0177083 0.0546875
3 0.5611979 0.7082031 0.0244792 0.0601563
4 0.5143229 0.7414063 0.0255208 0.0500000
5 0.5005208 0.4750000 0.0239583 0.0281250
4 0.5820312 0.0714844 0.0255208 0.0492187
4 0.4492188 0.5691406 0.0276042 0.0335937
4 0.5140625 0.2687500 0.0239583 0.0500000
3 0.5299479 0.3898437 0.0296875 0.0328125
4 0.4632812 0.4402344 0.0182292 0.0398437
0 0.5690104 0.2375000 0.0348958 0.0390625
5 0.3015625 0.6593750 0.0270833 0.0265625
2 0.5059896 0.5441406 0.0161458 0.0492187
0 0.7156250 0.5597656 0.0229167 0.0570312
3 0.5351562 0.3781250 0.0401042 0.0250000
3 0.6273437 0.2796875 0.0244792 0.0421875
0 0.4651042 0.6527344 0.0343750 0.0335937
3 0.7052083 0.4636719 0.0229167 0.0367188
3 0.4085937 0.6191406 0.0182292 0.0242188
0 0.8354167 0.6058594 0.0260417 0.0289063
1 0.6148438 0.1621094 0.0380208 0.0257812
5 0.4289062 0.5339844 0.0286458 0.0351562
5 0.5281250 0.4148438 0.0385417 0.0390625
2 0.3054688 0.3152344 0.0421875 0.0367188
4 0.5734375 0.8640625 0.0375000 0.0265625
0 0.6346354 0.2277344 0.0348958 0.0289063
2 0.3752604 0.7449219 0.0244792 0.0320312
0 0.5510417 0.1968750 0.0322917 0.0390625
5 0.2911458 0.5367188 0.0385417 0.0296875
8 0.5611979 0.4847656 0.0255208 0.0414062
7 0.6479167 0.5414062 0.0354167 0.0343750
9 0.5869792 0.5371094 0.0322917 0.0492187
9 0.3203125 0.4636719 0.0333333 0.0351562
7 0.6270833 0.6175781 0.0354167 0.0585938
9 0.2877604 0.2910156 0.0369792 0.0367188
7 0.5585938 0.4496094 0.0265625 0.0382813
6 0.4385417 0.4343750 0.0354167 0.0390625
10 0.4859375 0.9472656 0.0270833 0.0398437
11 0.4463542 0.5285156 0.0364583 0.0539063
11 0.4598958 0.5644531 0.0260417 0.0523438
6 0.3442708 0.4722656 0.0333333 0.0351562
