5 0.4434896 0.7699219 0.0119792 0.0195312
1 0.5140625 0.0050781 0.0114583 0.0101563
0 0.5893229 0.6050781 0.0130208 0.0195312
0 0.5591146 0.7582031 0.0161458 0.0320312
3 0.6208333 0.6406250 0.0197917 0.0250000
5 0.4822917 0.6445312 0.0197917 0.0171875
3 0.5924479 0.3578125 0.0244792 0.0171875
4 0.7294271 0.6644531 0.0098958 0.0320312
2 0.6190104 0.2964844 0.0244792 0.0179687
4 0.5643229 0.7015625 0.0213542 0.0203125
3 0.4179688 0.2175781 0.0140625 0.0335937
0 0.3570313 0.6339844 0.0171875 0.0289063
3 0.5484375 0.4703125 0.0229167 0.0171875
1 0.4356771 0.2929688 0.0223958 0.0156250
3 0.5192708 0.6746094 0.0135417 0.0273438
3 0.6846354 0.6601562 0.0244792 0.0171875
0 0.4304688 0.2171875 0.0171875 0.0187500
0 0.7734375 0.3253906 0.0145833 0.0320312
3 0.4208333 0.4265625 0.0239583 0.0187500
4 0.5960937 0.6296875 0.0130208 0.0250000
2 0.5859375 0.2046875 0.0250000 0.0156250
2 0.8161458 0.3160156 0.0218750 0.0226562
4 0.3736979 0.5109375 0.0182292 0.0250000
1 0.6700521 0.7457031 0.0213542 0.0210938
2 0.7192708 0.5207031 0.0104167 0.0335937
5 0.5216146 0.4207031 0.0140625 0.0320312
5 0.4781250 0.3292969 0.0114583 0.0289063
1 0.3718750 0.6117187 0.0197917 0.0187500
1 0.7091146 0.4058594 0.0223958 0.0226562
4 0.7937500 0.5515625 0.0218750 0.0187500
0 0.4419271 0.5621094 0.0151042 0.0289063
5 0.3924479 0.7453125 0.0140625 0.0328125
2 0.3369792 0.6847656 0.0156250 0.0335937
0 0.3781250 0.3582031 0.0208333 0.0164063
0 0.5591146 0.2753906 0.0130208 0.0257812
4 0.5888021 0.1664063 0.0223958 0.0156250
3 0.3406250 0.6097656 0.0145833 0.0335937
2 0.5182292 0.2398437 0.0125000 0.0296875
3 0.7208333 0.5609375 0.0208333 0.0187500
4 0.6669271 0.4972656 0.0130208 0.0179687
2 0.4598958 0.3937500 0.0135417 0.0171875
5 0.6838542 0.3238281 0.0177083 0.0226562
3 0.5390625 0.3640625 0.0135417 0.0203125
4 0.4614583 0.3031250 0.0218750 0.0171875
2 0.6109375 0.8277344 0.0187500 0.0257812
0 0.5934896 0.2746094 0.0119792 0.0367188
5 0.7713542 0.3835938 0.0218750 0.0171875
1 0.3375000 0.5351562 0.0135417 0.0156250
5 0.6236979 0.3152344 0.0213542 0.0226562
5 0.6380208 0.4019531 0.0260417 0.0210938
9 0.5481771 0.6804687 0.0223958 0.0343750
7 0.6268229 0.4605469 0.0203125 0.0210938
11 0.6859375 0.4062500 0.0208333 0.0234375
9 0.6130208 0.6527344 0.0218750 0.0257812
