3 0.7148438 0.4582031 0.0598958 0.0710937
2 0.4463542 0.5195312 0.0406250 0.0687500
2 0.2848958 0.6917969 0.0625000 0.0804688
2 0.4401042 0.8765625 0.0354167 0.1046875
2 0.6755208 0.1062500 0.0489583 0.1093750
5 0.5380208 0.2007812 0.0583333 0.1125000
0 0.2924479 0.5375000 0.0515625 0.0875000
4 0.3427083 0.6378906 0.0447917 0.1070312
2 0.6291667 0.4656250 0.0333333 0.0921875
2 0.6057292 0.6308594 0.0552083 0.0851563
0 0.4890625 0.1941406 0.0666667 0.0914062
0 0.4635417 0.6671875 0.0833333 0.0593750
2 0.6513021 0.5292969 0.0536458 0.1070312
3 0.5744792 0.4121094 0.0739583 0.0570312
3 0.3700521 0.3550781 0.0536458 0.0679687
1 0.5846354 0.4378906 0.0588542 0.0585938
4 0.3661458 0.3097656 0.0718750 0.0507812
2 0.7677083 0.3191406 0.0458333 0.0445313
2 0.4450521 0.3972656 0.0432292 0.1085938
0 0.4533854 0.5117188 0.0338542 0.0515625
1 0.6106771 0.2339844 0.0432292 0.1273438
3 0.5494792 0.8218750 0.0510417 0.0968750
2 0.5453125 0.3472656 0.0552083 0.0945312
4 0.4062500 0.1246094 0.0458333 0.1132812
4 0.5812500 0.6253906 0.0635417 0.0398437
1 0.5346354 0.6222656 0.0546875 0.0664062
4 0.4486979 0.3468750 0.0432292 0.1031250
4 0.5419271 0.1996094 0.0661458 0.0789062
2 0.5708333 0.6484375 0.0822917 0.0625000
5 0.3721354 0.3398438 0.0578125 0.0796875
0 0.7601562 0.2988281 0.0401042 0.0664062
4 0.6250000 0.3554688 0.0635417 0.0578125
2 0.4833333 0.2558594 0.0354167 0.0726563
5 0.7434896 0.2789063 0.0765625 0.0484375
0 0.5638021 0.4781250 0.0744792 0.0562500
3 0.3776042 0.2636719 0.0489583 0.0523438
3 0.4635417 0.4960938 0.0760417 0.0781250
0 0.5453125 0.1527344 0.0500000 0.0476562
5 0.6786458 0.5406250 0.0489583 0.0890625
5 0.5273438 0.5996094 0.0723958 0.0554687
0 0.5794271 0.5121094 0.0296875 0.0679687
0 0.5497396 0.2453125 0.0671875 0.0875000
2 0.5812500 0.2035156 0.0593750 0.0601563
4 0.4093750 0.5492187 0.0322917 0.0593750
3 0.3005208 0.6074219 0.0677083 0.0539063
5 0.4242187 0.3656250 0.0546875 0.0765625
0 0.5177083 0.1566406 0.0520833 0.0617188
1 0.5708333 0.4875000 0.0729167 0.0468750
1 0.5632812 0.7085938 0.0734375 0.0437500
3 0.7328125 0.5101562 0.0760417 0.0546875
0 0.5213542 0.3496094 0.0468750 0.0976562
4 0.2611979 0.5472656 0.0703125 0.0664062
1 0.6453125 0.8609375 0.0697917 0.0484375
3 0.3106771 0.4882812 0.0703125 0.0484375
1 0.5864583 0.5449219 0.0343750 0.0695313
1 0.3401042 0.4570312 0.0791667 0.0703125
2 0.2541667 0.2046875 0.0729167 0.0578125
0 0.6229167 0.6902344 0.0625000 0.0929688
2 0.6078125 0.3648438 0.0781250 0.0578125
4 0.6494792 0.5972656 0.0385417 0.1101562
1 0.5013021 0.1160156 0.0526042 0.0742188
5 0.6247396 0.6386719 0.0703125 0.0851563
4 0.6080729 0.1921875 0.0401042 0.0812500
4 0.4515625 0.7757812 0.0697917 0.0687500
1 0.6986979 0.5289063 0.0755208 0.0671875
4 0.5966146 0.8070312 0.0692708 0.0609375
5 0.4125000 0.6781250 0.0447917 0.0984375
3 0.5898438 0.4261719 0.0630208 0.0539063
1 0.7205729 0.4304688 0.0369792 0.0562500
4 0.7377604 0.4761719 0.0807292 0.0539063
4 0.7203125 0.2007812 0.0552083 0.0578125
5 0.4799479 0.8007812 0.0359375 0.1125000
1 0.6200521 0.7972656 0.0567708 0.0710937
3 0.4080729 0.2175781 0.0369792 0.1148437
2 0.2554688 0.6367188 0.0807292 0.0500000
2 0.3270833 0.4625000 0.0583333 0.0578125
0 0.5242187 0.6933594 0.0609375 0.0601563
5 0.5080729 0.2300781 0.0494792 0.0804688
9 0.6513021 0.7394531 0.0682292 0.0664062
9 0.4429688 0.1496094 0.0640625 0.0851563
10 0.3143229 0.4492188 0.0640625 0.0640625
10 0.4802083 0.4058594 0.0635417 0.0898438
9 0.5559896 0.5636719 0.0453125 0.1039063
6 0.4041667 0.2375000 0.0645833 0.1093750
