5 0.5432292 0.4406250 0.0187500 0.0156250
3 0.5057292 0.2453125 0.0166667 0.0296875
2 0.5950521 0.6910156 0.0244792 0.0179687
3 0.5731771 0.5558594 0.0234375 0.0179687
1 0.4075521 0.5343750 0.0130208 0.0203125
1 0.6416667 0.7230469 0.0239583 0.0148437
3 0.5041667 0.7558594 0.0218750 0.0164063
4 0.6049479 0.0617188 0.0223958 0.0218750
5 0.5679688 0.9265625 0.0182292 0.0296875
2 0.5796875 0.6269531 0.0187500 0.0273438
3 0.5179687 0.2335937 0.0234375 0.0156250
5 0.7450521 0.5171875 0.0244792 0.0187500
1 0.4640625 0.5667969 0.0104167 0.0257812
4 0.6354167 0.7703125 0.0218750 0.0218750
2 0.5070313 0.6605469 0.0234375 0.0195312
0 0.6408854 0.3312500 0.0161458 0.0250000
2 0.6549479 0.5734375 0.0171875 0.0343750
2 0.5752604 0.9109375 0.0223958 0.0234375
5 0.3968750 0.8214844 0.0156250 0.0367188
4 0.6742187 0.3570313 0.0088542 0.0187500
2 0.6539063 0.4617188 0.0119792 0.0187500
4 0.4919271 0.3753906 0.0192708 0.0164063
3 0.3479167 0.2371094 0.0218750 0.0164063
5 0.7507812 0.6933594 0.0109375 0.0210938
3 0.4643229 0.8707031 0.0119792 0.0257812
0 0.3755208 0.4906250 0.0104167 0.0296875
2 0.6218750 0.7625000 0.0104167 0.0203125
3 0.3135417 0.5054688 0.0104167 0.0187500
3 0.6523438 0.5996094 0.0192708 0.0226562
0 0.5791667 0.7695312 0.0239583 0.0171875
1 0.6953125 0.2613281 0.0125000 0.0210938
5 0.5747396 0.5339844 0.0192708 0.0257812
4 0.5653646 0.5515625 0.0234375 0.0156250
2 0.4864583 0.9902344 0.0135417 0.0179687
3 0.3609375 0.2925781 0.0145833 0.0226562
5 0.4559896 0.8285156 0.0151042 0.0164063
1 0.7088542 0.4816406 0.0229167 0.0179687
5 0.5031250 0.2250000 0.0208333 0.0171875
4 0.6963542 0.5304688 0.0114583 0.0234375
2 0.5856771 0.4453125 0.0119792 0.0281250
2 0.5171875 0.4769531 0.0208333 0.0148437
1 0.3492188 0.7148438 0.0192708 0.0218750
3 0.5359375 0.4519531 0.0250000 0.0179687
4 0.7117187 0.4320312 0.0192708 0.0281250
2 0.6486979 0.5347656 0.0192708 0.0242188
2 0.3580729 0.5058594 0.0088542 0.0289063
0 0.4341146 0.5187500 0.0171875 0.0171875
0 0.6460938 0.6183594 0.0234375 0.0242188
1 0.5317708 0.3070312 0.0250000 0.0187500
4 0.5955729 0.5718750 0.0109375 0.0343750
1 0.5856771 0.6207031 0.0234375 0.0195312
1 0.5578125 0.4386719 0.0145833 0.0320312
5 0.4898438 0.8570313 0.0213542 0.0265625
4 0.5252604 0.7703125 0.0130208 0.0375000
2 0.5984375 0.5492187 0.0208333 0.0250000
2 0.3838542 0.3058594 0.0125000 0.0335937
5 0.4690104 0.4972656 0.0109375 0.0320312
3 0.6791667 0.7507812 0.0218750 0.0140625
3 0.5598958 0.3464844 0.0208333 0.0226562
0 0.4018229 0.4292969 0.0223958 0.0195312
3 0.3192708 0.4187500 0.0239583 0.0187500
3 0.4934896 0.4359375 0.0203125 0.0156250
1 0.5713542 0.7636719 0.0145833 0.0351562
0 0.4723958 0.5746094 0.0187500 0.0164063
4 0.4427083 0.2539062 0.0166667 0.0390625
4 0.3776042 0.3335938 0.0114583 0.0343750
1 0.5388021 0.8410156 0.0119792 0.0320312
1 0.6221354 0.5449219 0.0213542 0.0195312
3 0.2161458 0.5347656 0.0145833 0.0210938
3 0.2841146 0.2714844 0.0234375 0.0195312
3 0.1773437 0.5511719 0.0192708 0.0273438
5 0.4744792 0.8328125 0.0125000 0.0328125
3 0.5335937 0.6691406 0.0234375 0.0195312
1 0.3140625 0.5359375 0.0239583 0.0156250
8 0.5223958 0.3949219 0.0187500 0.0226562
11 0.5044271 0.1941406 0.0192708 0.0273438
9 0.7070312 0.4140625 0.0192708 0.0328125
8 0.4958333 0.2585938 0.0187500 0.0281250
7 0.4895833 0.6109375 0.0177083 0.0296875
11 0.4528646 0.2855469 0.0140625 0.0210938
8 0.3200521 0.3566406 0.0223958 0.0273438
11 0.5145833 0.1757812 0.0187500 0.0328125
6 0.3278646 0.7281250 0.0244792 0.0250000
6 0.5546875 0.6140625 0.0229167 0.0343750
9 0.3653646 0.6980469 0.0223958 0.0226562
10 0.6481771 0.3371094 0.0130208 0.0304687
7 0.6122396 0.3363281 0.0234375 0.0226562
10 0.5565104 0.3550781 0.0192708 0.0195312
11 0.4260417 0.3656250 0.0239583 0.0250000
10 0.3432292 0.2316406 0.0229167 0.0273438
