3 0.4078125 0.5242187 0.0781250 0.0562500
4 0.2752604 0.6078125 0.0776042 0.0656250
4 0.5895833 0.4707031 0.0458333 0.0710937
0 0.4679687 0.8156250 0.0484375 0.0640625
1 0.3450521 0.5371094 0.0609375 0.0945312
3 0.6335937 0.6394531 0.0869792 0.0664062
8 0.3098958 0.7636719 0.0760417 0.0757812
9 0.6729167 0.3980469 0.0708333 0.1179687
11 0.6062500 0.6980469 0.0697917 0.0679687
11 0.7119792 0.5355469 0.0729167 0.0929688
10 0.3317708 0.3933594 0.0791667 0.0742188
9 0.5752604 0.7679687 0.0640625 0.0921875
9 0.6880208 0.5640625 0.0812500 0.0796875
7 0.6125000 0.7054687 0.0614583 0.0875000
8 0.4351563 0.2605469 0.0765625 0.0757812
6 0.5809896 0.5125000 0.0473958 0.0875000
11 0.5770833 0.7527344 0.0531250 0.1195313
6 0.5770833 0.3480469 0.0739583 0.0726563
6 0.7437500 0.5347656 0.0718750 0.0789062
6 0.7044271 0.4136719 0.0588542 0.0820312
8 0.4578125 0.5625000 0.0687500 0.0750000
