4 0.7888021 0.6218750 0.0338542 0.0375000
4 0.5812500 0.5457031 0.0270833 0.0476562
2 0.3520833 0.6687500 0.0177083 0.0343750
1 0.6955729 0.6148438 0.0307292 0.0468750
2 0.5239583 0.6796875 0.0375000 0.0312500
0 0.2601562 0.3375000 0.0182292 0.0515625
5 0.6604167 0.4480469 0.0291667 0.0445313
4 0.5276042 0.1878906 0.0177083 0.0539063
2 0.6395833 0.5328125 0.0343750 0.0343750
5 0.4445312 0.5132813 0.0328125 0.0234375
2 0.3911458 0.9515625 0.0281250 0.0500000
2 0.2820313 0.5714844 0.0380208 0.0304687
1 0.2890625 0.4871094 0.0364583 0.0273438
1 0.3960938 0.7179688 0.0234375 0.0468750
2 0.2885417 0.4785156 0.0291667 0.0382813
0 0.4692708 0.7378906 0.0270833 0.0289063
5 0.7091146 0.6515625 0.0255208 0.0359375
5 0.6046875 0.3777344 0.0229167 0.0554687
2 0.4395833 0.3199219 0.0197917 0.0492187
0 0.5265625 0.6566406 0.0291667 0.0367188
0 0.5346354 0.7718750 0.0296875 0.0328125
4 0.4507813 0.3726563 0.0171875 0.0406250
2 0.5372396 0.4628906 0.0192708 0.0414062
4 0.5273438 0.1804688 0.0276042 0.0265625
5 0.4281250 0.4066406 0.0364583 0.0226562
3 0.5679688 0.5460938 0.0182292 0.0546875
1 0.5458333 0.6449219 0.0322917 0.0242188
0 0.5197917 0.7484375 0.0375000 0.0390625
3 0.5020833 0.3031250 0.0333333 0.0281250
3 0.6885417 0.5003906 0.0302083 0.0351562
1 0.6661458 0.4757812 0.0229167 0.0421875
5 0.3716146 0.1894531 0.0359375 0.0335937
4 0.3924479 0.1234375 0.0307292 0.0296875
1 0.5278646 0.6339844 0.0255208 0.0335937
1 0.5526042 0.8714844 0.0343750 0.0382813
2 0.6528646 0.6542969 0.0390625 0.0320312
3 0.6544271 0.7746094 0.0255208 0.0367188
4 0.4169271 0.5226563 0.0213542 0.0359375
2 0.3437500 0.5015625 0.0239583 0.0390625
1 0.6778646 0.6230469 0.0328125 0.0304687
4 0.4197917 0.3941406 0.0218750 0.0320312
3 0.4322917 0.4035156 0.0187500 0.0351562
1 0.4250000 0.4726562 0.0354167 0.0421875
2 0.6539063 0.2589844 0.0203125 0.0523438
4 0.3601563 0.5183594 0.0234375 0.0257812
4 0.3307292 0.4406250 0.0364583 0.0234375
5 0.3468750 0.6597656 0.0145833 0.0476562
3 0.3041667 0.4777344 0.0187500 0.0367188
5 0.4109375 0.4957031 0.0395833 0.0289063
5 0.4312500 0.8335938 0.0229167 0.0468750
5 0.6609375 0.6078125 0.0250000 0.0484375
0 0.6466146 0.5921875 0.0182292 0.0578125
0 0.5763021 0.3406250 0.0192708 0.0281250
2 0.6744792 0.5136719 0.0291667 0.0367188
2 0.5393229 0.3492188 0.0213542 0.0250000
4 0.5536458 0.3390625 0.0250000 0.0250000
0 0.4718750 0.4789062 0.0239583 0.0281250
5 0.5549479 0.2324219 0.0369792 0.0257812
5 0.3481771 0.5132813 0.0171875 0.0312500
2 0.5328125 0.4199219 0.0354167 0.0257812
1 0.3940104 0.3898437 0.0348958 0.0328125
0 0.3955729 0.7183594 0.0213542 0.0460938
1 0.2765625 0.7867188 0.0250000 0.0406250
3 0.5106771 0.4257812 0.0369792 0.0375000
0 0.3408854 0.8109375 0.0234375 0.0421875
1 0.5684896 0.6636719 0.0296875 0.0445313
3 0.4562500 0.3511719 0.0385417 0.0351562
2 0.5942708 0.2796875 0.0343750 0.0250000
4 0.6570312 0.3847656 0.0390625 0.0273438
1 0.2455729 0.7617188 0.0192708 0.0515625
9 0.3851562 0.2769531 0.0234375 0.0414062
9 0.5203125 0.5953125 0.0208333 0.0437500
6 0.3955729 0.3933594 0.0223958 0.0460938
11 0.6270833 0.4441406 0.0260417 0.0429688
9 0.5971354 0.9289063 0.0348958 0.0359375
8 0.5653646 0.5621094 0.0348958 0.0335937
8 0.3625000 0.4742188 0.0218750 0.0406250
8 0.6666667 0.6171875 0.0375000 0.0484375
11 0.4591146 0.2632813 0.0338542 0.0375000
11 0.2789063 0.2699219 0.0369792 0.0414062
8 0.3830729 0.4523437 0.0307292 0.0390625
10 0.5890625 0.2972656 0.0322917 0.0398437
9 0.5177083 0.1734375 0.0312500 0.0359375
11 0.4533854 0.5015625 0.0223958 0.0375000
6 0.3924479 0.7023438 0.0213542 0.0500000
10 0.3111979 0.2402344 0.0359375 0.0382813
11 0.5815104 0.8324219 0.0223958 0.0507812
