5 0.4247396 0.5808594 0.0203125 0.0351562
4 0.6705729 0.6917969 0.0265625 0.0195312
3 0.6968750 0.2781250 0.0281250 0.0281250
0 0.5539063 0.3050781 0.0255208 0.0289063
2 0.3848958 0.7371094 0.0197917 0.0382813
1 0.6328125 0.1417969 0.0250000 0.0273438
4 0.6614583 0.2367188 0.0270833 0.0187500
0 0.5846354 0.6738281 0.0265625 0.0226562
1 0.6174479 0.8472656 0.0161458 0.0398437
0 0.5270833 0.6882812 0.0302083 0.0265625
0 0.3708333 0.4417969 0.0145833 0.0195312
4 0.6408854 0.3660156 0.0307292 0.0304687
1 0.3265625 0.6917969 0.0218750 0.0367188
0 0.7312500 0.4359375 0.0250000 0.0359375
1 0.4877604 0.2972656 0.0213542 0.0257812
1 0.5471354 0.8761719 0.0234375 0.0351562
2 0.6304688 0.3535156 0.0223958 0.0257812
2 0.5760417 0.1937500 0.0291667 0.0203125
5 0.6638021 0.9625000 0.0151042 0.0390625
2 0.3114583 0.2242187 0.0291667 0.0218750
2 0.3533854 0.4156250 0.0182292 0.0250000
1 0.4026042 0.6628906 0.0281250 0.0257812
4 0.6164063 0.1613281 0.0140625 0.0257812
2 0.6429687 0.4093750 0.0171875 0.0265625
0 0.5679688 0.7050781 0.0151042 0.0445313
3 0.4135417 0.6578125 0.0166667 0.0328125
3 0.3218750 0.2160156 0.0291667 0.0210938
2 0.5572917 0.3507812 0.0208333 0.0187500
5 0.6562500 0.4269531 0.0156250 0.0289063
2 0.8080729 0.6175781 0.0171875 0.0398437
0 0.5278646 0.8253906 0.0213542 0.0382813
2 0.7138021 0.8796875 0.0286458 0.0187500
2 0.4093750 0.4882812 0.0187500 0.0265625
4 0.7177083 0.7203125 0.0302083 0.0250000
3 0.5783854 0.6406250 0.0151042 0.0406250
2 0.3390625 0.5417969 0.0281250 0.0257812
5 0.3736979 0.5746094 0.0213542 0.0382813
10 0.4520833 0.4519531 0.0250000 0.0320312
6 0.3427083 0.6851563 0.0229167 0.0437500
9 0.4083333 0.7820312 0.0270833 0.0312500
10 0.5106771 0.1945312 0.0234375 0.0265625
6 0.5895833 0.6351562 0.0177083 0.0296875
10 0.4664063 0.7289062 0.0182292 0.0406250
10 0.6513021 0.6578125 0.0234375 0.0375000
11 0.4250000 0.0082031 0.0166667 0.0164063
9 0.4651042 0.3113281 0.0197917 0.0414062
6 0.2763021 0.7500000 0.0276042 0.0296875
7 0.6268229 0.4738281 0.0255208 0.0257812
10 0.5572917 0.7203125 0.0270833 0.0359375
10 0.4867187 0.4007812 0.0234375 0.0234375
8 0.6328125 0.5351562 0.0197917 0.0343750
9 0.7007813 0.2328125 0.0286458 0.0359375
7 0.3265625 0.9839844 0.0239583 0.0304687
7 0.5752604 0.3328125 0.0213542 0.0359375
