0 0.6799479 0.4433594 0.0182292 0.0226562
5 0.4851563 0.2949219 0.0161458 0.0226562
3 0.5257812 0.4851563 0.0182292 0.0156250
0 0.5523438 0.1382812 0.0213542 0.0218750
0 0.2768229 0.6187500 0.0255208 0.0203125
5 0.5044271 0.4917969 0.0203125 0.0132812
5 0.4557292 0.6976562 0.0239583 0.0171875
5 0.5669271 0.5992188 0.0203125 0.0265625
3 0.4632812 0.7015625 0.0244792 0.0234375
2 0.6809896 0.2144531 0.0234375 0.0148437
5 0.6513021 0.4500000 0.0255208 0.0203125
4 0.4614583 0.2035156 0.0145833 0.0164063
1 0.7260417 0.4171875 0.0125000 0.0156250
5 0.6997396 0.7062500 0.0109375 0.0375000
2 0.4171875 0.1585938 0.0125000 0.0156250
2 0.7328125 0.1304687 0.0156250 0.0281250
2 0.5403646 0.4511719 0.0234375 0.0164063
1 0.3544271 0.7953125 0.0151042 0.0296875
3 0.5414062 0.3003906 0.0161458 0.0195312
1 0.5169271 0.4859375 0.0140625 0.0375000
1 0.5731771 0.5613281 0.0140625 0.0398437
5 0.4906250 0.2105469 0.0145833 0.0335937
3 0.4122396 0.7351562 0.0182292 0.0312500
4 0.7104167 0.5328125 0.0145833 0.0312500
2 0.5635417 0.2957031 0.0177083 0.0148437
4 0.4703125 0.6929688 0.0166667 0.0343750
3 0.6755208 0.5554687 0.0260417 0.0218750
3 0.6049479 0.4652344 0.0234375 0.0179687
0 0.4283854 0.2996094 0.0203125 0.0210938
0 0.5182292 0.6558594 0.0229167 0.0164063
1 0.4234375 0.6656250 0.0125000 0.0359375
2 0.5067708 0.6363281 0.0166667 0.0257812
8 0.4955729 0.4347656 0.0203125 0.0242188
