3 0.4153646 0.6082031 0.0130208 0.0257812
3 0.7059896 0.3304687 0.0171875 0.0421875
1 0.4861979 0.2070312 0.0276042 0.0171875
1 0.4632812 0.3687500 0.0151042 0.0203125
5 0.5369792 0.7320313 0.0177083 0.0265625
2 0.5973958 0.5707031 0.0291667 0.0195312
5 0.3494792 0.4312500 0.0281250 0.0203125
4 0.5442708 0.4343750 0.0260417 0.0171875
4 0.5739583 0.2101562 0.0125000 0.0203125
4 0.3234375 0.2343750 0.0135417 0.0203125
4 0.5369792 0.4355469 0.0291667 0.0242188
5 0.5059896 0.6531250 0.0265625 0.0359375
0 0.5486979 0.4933594 0.0265625 0.0242188
5 0.5390625 0.8085938 0.0239583 0.0296875
4 0.4963542 0.1820313 0.0177083 0.0437500
2 0.6971354 0.6335937 0.0161458 0.0468750
2 0.7283854 0.4812500 0.0286458 0.0250000
3 0.7445312 0.4796875 0.0307292 0.0234375
4 0.6177083 0.1820313 0.0250000 0.0375000
2 0.4562500 0.2371094 0.0166667 0.0414062
0 0.4299479 0.3980469 0.0307292 0.0195312
3 0.5346354 0.3171875 0.0244792 0.0343750
4 0.5718750 0.3429687 0.0197917 0.0437500
0 0.4354167 0.7675781 0.0250000 0.0242188
1 0.7236979 0.2992187 0.0276042 0.0265625
4 0.6054688 0.5761719 0.0182292 0.0382813
1 0.2778646 0.4636719 0.0286458 0.0257812
0 0.3864583 0.8101563 0.0291667 0.0312500
3 0.7773438 0.5156250 0.0182292 0.0234375
0 0.5364583 0.6843750 0.0197917 0.0312500
1 0.4580729 0.4687500 0.0307292 0.0234375
3 0.4135417 0.0917969 0.0312500 0.0226562
1 0.6101562 0.5585938 0.0296875 0.0218750
5 0.2502604 0.2285156 0.0140625 0.0414062
0 0.5609375 0.8589844 0.0166667 0.0210938
3 0.4588542 0.6046875 0.0156250 0.0484375
3 0.5742188 0.3296875 0.0317708 0.0218750
2 0.3609375 0.2316406 0.0166667 0.0476562
1 0.5078125 0.7226562 0.0166667 0.0250000
2 0.4591146 0.5371094 0.0296875 0.0210938
5 0.6294271 0.2750000 0.0317708 0.0171875
3 0.6846354 0.8156250 0.0286458 0.0203125
4 0.6796875 0.3843750 0.0281250 0.0203125
1 0.5143229 0.8882813 0.0255208 0.0328125
5 0.5408854 0.3386719 0.0286458 0.0242188
3 0.4312500 0.5136719 0.0156250 0.0367188
3 0.6302083 0.5089844 0.0177083 0.0335937
1 0.5619792 0.2652344 0.0135417 0.0242188
1 0.5468750 0.4898438 0.0291667 0.0218750
2 0.2531250 0.6519531 0.0166667 0.0414062
5 0.6687500 0.5812500 0.0218750 0.0218750
2 0.3184896 0.3652344 0.0161458 0.0445313
0 0.6541667 0.7074219 0.0166667 0.0242188
4 0.4953125 0.7574219 0.0270833 0.0195312
5 0.3606771 0.5925781 0.0171875 0.0304687
3 0.3632812 0.2789063 0.0151042 0.0437500
4 0.6611979 0.7257813 0.0140625 0.0437500
4 0.3953125 0.6898437 0.0135417 0.0234375
0 0.6078125 0.3253906 0.0208333 0.0210938
5 0.3700521 0.3121094 0.0151042 0.0289063
0 0.4786458 0.5746094 0.0135417 0.0398437
1 0.5645833 0.2171875 0.0218750 0.0265625
0 0.4812500 0.6691406 0.0281250 0.0210938
2 0.6903646 0.3226562 0.0161458 0.0390625
3 0.6893229 0.5394531 0.0213542 0.0304687
2 0.4877604 0.0976562 0.0223958 0.0375000
2 0.3210938 0.4433594 0.0276042 0.0195312
0 0.4817708 0.3339844 0.0145833 0.0398437
4 0.6583333 0.7183594 0.0250000 0.0210938
3 0.4674479 0.5941406 0.0161458 0.0335937
3 0.7260417 0.3550781 0.0208333 0.0382813
3 0.5986979 0.5363281 0.0286458 0.0242188
4 0.6593750 0.0816406 0.0166667 0.0398437
2 0.6906250 0.6355469 0.0166667 0.0335937
1 0.6015625 0.5167969 0.0125000 0.0320312
8 0.3190104 0.3191406 0.0296875 0.0289063
11 0.2497396 0.4585938 0.0223958 0.0390625
11 0.6809896 0.2609375 0.0255208 0.0281250
7 0.5716146 0.6914062 0.0296875 0.0296875
11 0.4520833 0.5558594 0.0208333 0.0289063
7 0.6739583 0.9089844 0.0291667 0.0382813
7 0.3950521 0.2644531 0.0286458 0.0289063
7 0.5815104 0.3699219 0.0192708 0.0304687
10 0.6062500 0.7062500 0.0239583 0.0406250
10 0.5828125 0.5812500 0.0270833 0.0265625
6 0.5520833 0.1234375 0.0291667 0.0296875
7 0.3218750 0.7972656 0.0250000 0.0304687
8 0.4403646 0.5539063 0.0276042 0.0296875
9 0.2872396 0.4296875 0.0213542 0.0421875
8 0.7328125 0.6828125 0.0229167 0.0453125
9 0.7208333 0.3539062 0.0291667 0.0281250
