2 0.7554688 0.4707031 0.0140625 0.0242188
4 0.6398438 0.2257812 0.0223958 0.0156250
3 0.5023437 0.2242187 0.0192708 0.0218750
1 0.5471354 0.1820313 0.0151042 0.0187500
4 0.6437500 0.7101563 0.0125000 0.0171875
5 0.2914062 0.2800781 0.0161458 0.0335937
5 0.4658854 0.4988281 0.0192708 0.0164063
3 0.4861979 0.4429688 0.0234375 0.0156250
1 0.4221354 0.6480469 0.0234375 0.0195312
2 0.3955729 0.1078125 0.0203125 0.0234375
1 0.4398437 0.2761719 0.0098958 0.0210938
4 0.6046875 0.1687500 0.0208333 0.0250000
3 0.4463542 0.3808594 0.0093750 0.0226562
4 0.6229167 0.6296875 0.0218750 0.0187500
4 0.6825521 0.3050781 0.0213542 0.0195312
0 0.5002604 0.5125000 0.0213542 0.0203125
4 0.5255208 0.4082031 0.0125000 0.0351562
1 0.6281250 0.3242188 0.0135417 0.0375000
2 0.6476563 0.8410156 0.0244792 0.0164063
1 0.5093750 0.5003906 0.0125000 0.0164063
2 0.6513021 0.7371094 0.0244792 0.0210938
2 0.5049479 0.8906250 0.0234375 0.0187500
5 0.6302083 0.3937500 0.0125000 0.0265625
4 0.3859375 0.7292969 0.0104167 0.0148437
1 0.5057292 0.1257813 0.0229167 0.0171875
4 0.5919271 0.3492188 0.0140625 0.0343750
5 0.7171875 0.4179688 0.0229167 0.0187500
5 0.6716146 0.5535156 0.0213542 0.0164063
1 0.4648438 0.8285156 0.0130208 0.0195312
1 0.5619792 0.7707031 0.0125000 0.0351562
5 0.6229167 0.5953125 0.0250000 0.0203125
2 0.2906250 0.5789062 0.0229167 0.0171875
5 0.2989583 0.5964844 0.0104167 0.0351562
1 0.5981771 0.5062500 0.0151042 0.0250000
4 0.6265625 0.6437500 0.0229167 0.0156250
5 0.7494792 0.3679688 0.0208333 0.0265625
1 0.4945312 0.2855469 0.0182292 0.0195312
0 0.6002604 0.5968750 0.0234375 0.0171875
2 0.6817708 0.3679688 0.0145833 0.0171875
0 0.6414062 0.2000000 0.0213542 0.0234375
5 0.4359375 0.2968750 0.0239583 0.0218750
4 0.6541667 0.5949219 0.0229167 0.0242188
4 0.5343750 0.5777344 0.0166667 0.0351562
1 0.5492187 0.5421875 0.0255208 0.0203125
3 0.4796875 0.4136719 0.0135417 0.0179687
4 0.3166667 0.5335937 0.0145833 0.0343750
1 0.4153646 0.1855469 0.0151042 0.0242188
3 0.5033854 0.5925781 0.0119792 0.0367188
1 0.6364583 0.7257813 0.0114583 0.0156250
0 0.2830729 0.5363281 0.0140625 0.0242188
4 0.6708333 0.6175781 0.0208333 0.0179687
5 0.3632812 0.4496094 0.0244792 0.0210938
8 0.4710937 0.6109375 0.0140625 0.0281250
