0 0.3812500 0.3261719 0.0177083 0.0273438
2 0.6489583 0.5558594 0.0145833 0.0429688
5 0.3966146 0.9046875 0.0223958 0.0234375
3 0.5309896 0.2679687 0.0192708 0.0375000
2 0.5531250 0.3554688 0.0135417 0.0375000
0 0.3851562 0.4339844 0.0234375 0.0273438
1 0.3065104 0.3574219 0.0265625 0.0257812
1 0.2244792 0.6636719 0.0218750 0.0335937
3 0.6075521 0.2296875 0.0130208 0.0328125
4 0.5880208 0.6980469 0.0281250 0.0195312
1 0.5200521 0.8773437 0.0276042 0.0203125
3 0.7291667 0.5167969 0.0281250 0.0195312
4 0.6028646 0.4703125 0.0265625 0.0171875
4 0.3609375 0.2476562 0.0270833 0.0250000
2 0.7268229 0.7617188 0.0276042 0.0203125
0 0.4080729 0.2824219 0.0255208 0.0226562
3 0.6393229 0.2574219 0.0265625 0.0195312
3 0.2653646 0.6718750 0.0244792 0.0265625
0 0.4932292 0.7671875 0.0187500 0.0343750
3 0.3565104 0.3664062 0.0296875 0.0218750
5 0.3578125 0.3972656 0.0270833 0.0242188
2 0.6174479 0.8269531 0.0213542 0.0320312
4 0.6971354 0.5562500 0.0244792 0.0203125
4 0.3307292 0.5675781 0.0125000 0.0273438
0 0.4921875 0.2070312 0.0197917 0.0453125
0 0.4476562 0.6226563 0.0119792 0.0312500
3 0.6799479 0.4957031 0.0192708 0.0429688
1 0.4986979 0.6476563 0.0223958 0.0218750
0 0.6234375 0.5574219 0.0291667 0.0210938
4 0.4546875 0.6105469 0.0208333 0.0210938
4 0.5973958 0.5234375 0.0281250 0.0203125
3 0.5002604 0.5929688 0.0171875 0.0312500
1 0.3302083 0.8679687 0.0281250 0.0203125
1 0.5937500 0.4128906 0.0302083 0.0226562
1 0.6398438 0.8300781 0.0151042 0.0382813
0 0.5106771 0.2824219 0.0276042 0.0195312
2 0.5955729 0.7355469 0.0296875 0.0210938
3 0.6265625 0.4789062 0.0135417 0.0218750
3 0.3609375 0.3816406 0.0218750 0.0335937
2 0.5244792 0.5488281 0.0156250 0.0289063
0 0.5471354 0.2914062 0.0161458 0.0250000
0 0.3104167 0.5285156 0.0281250 0.0195312
2 0.3968750 0.8078125 0.0135417 0.0312500
4 0.5588542 0.7761719 0.0291667 0.0195312
5 0.5979167 0.8058594 0.0187500 0.0335937
0 0.7192708 0.2054688 0.0291667 0.0218750
4 0.5270833 0.2230469 0.0135417 0.0226562
4 0.5367188 0.3835938 0.0255208 0.0265625
2 0.6158854 0.7511719 0.0286458 0.0195312
3 0.5656250 0.2546875 0.0135417 0.0390625
5 0.5539063 0.8445312 0.0244792 0.0281250
2 0.4455729 0.7890625 0.0203125 0.0234375
3 0.5664062 0.7449219 0.0130208 0.0257812
1 0.4179688 0.4652344 0.0192708 0.0195312
4 0.7091146 0.4578125 0.0255208 0.0312500
4 0.6877604 0.3558594 0.0265625 0.0195312
2 0.5533854 0.7820312 0.0203125 0.0312500
5 0.5356771 0.3777344 0.0296875 0.0289063
3 0.4067708 0.4707031 0.0197917 0.0210938
3 0.7164063 0.3917969 0.0223958 0.0289063
0 0.6755208 0.6160156 0.0260417 0.0179687
4 0.5138021 0.7664062 0.0234375 0.0250000
1 0.5648437 0.6007813 0.0130208 0.0187500
4 0.4791667 0.3914063 0.0229167 0.0203125
1 0.5893229 0.6609375 0.0234375 0.0375000
0 0.6669271 0.6359375 0.0213542 0.0171875
4 0.6200521 0.3535156 0.0140625 0.0398437
5 0.5080729 0.6246094 0.0140625 0.0382813
4 0.3648438 0.5214844 0.0203125 0.0257812
0 0.4161458 0.2117188 0.0156250 0.0359375
1 0.3080729 0.8675781 0.0276042 0.0195312
0 0.4184896 0.7421875 0.0213542 0.0390625
2 0.5515625 0.5867187 0.0187500 0.0218750
4 0.7768229 0.5367188 0.0265625 0.0234375
4 0.5617188 0.6335937 0.0182292 0.0328125
4 0.6315104 0.3375000 0.0244792 0.0187500
9 0.6309896 0.5003906 0.0276042 0.0304687
6 0.4888021 0.1414063 0.0182292 0.0421875
11 0.4406250 0.7035156 0.0291667 0.0289063
7 0.5239583 0.5351562 0.0270833 0.0312500
