3 0.4822917 0.7566406 0.0291667 0.0695313
2 0.5947917 0.6250000 0.0468750 0.0328125
0 0.5190104 0.0269531 0.0328125 0.0539063
1 0.3658854 0.5003906 0.0286458 0.0445313
0 0.4565104 0.7734375 0.0286458 0.0734375
5 0.5872396 0.6519531 0.0494792 0.0492187
4 0.6286458 0.4308594 0.0354167 0.0414062
3 0.4791667 0.4898438 0.0500000 0.0484375
2 0.3338542 0.3890625 0.0468750 0.0359375
4 0.3481771 0.3125000 0.0265625 0.0312500
4 0.6549479 0.3355469 0.0348958 0.0554687
0 0.4580729 0.9242187 0.0359375 0.0671875
4 0.4546875 0.3843750 0.0197917 0.0515625
1 0.7557292 0.8140625 0.0479167 0.0390625
4 0.6989583 0.4132812 0.0250000 0.0546875
3 0.2820313 0.5484375 0.0307292 0.0703125
3 0.4226563 0.3433594 0.0161458 0.0320312
3 0.4968750 0.4839844 0.0260417 0.0742188
8 0.5796875 0.3468750 0.0447917 0.0578125
11 0.5153646 0.2250000 0.0390625 0.0750000
7 0.4088542 0.1730469 0.0416667 0.0585938
8 0.3890625 0.3699219 0.0427083 0.0695313
7 0.7838542 0.6703125 0.0500000 0.0468750
6 0.6291667 0.6582031 0.0447917 0.0445313
6 0.6026042 0.8160156 0.0291667 0.0679687
