2 0.4786458 0.5687500 0.1614583 0.1312500
1 0.5888021 0.9566406 0.1140625 0.0851563
1 0.5015625 0.9785156 0.0822917 0.0414062
4 0.5341146 0.7816406 0.1369792 0.0867187
3 0.5013021 0.9324219 0.0692708 0.1132812
4 0.3859375 0.3554688 0.1479167 0.1046875
3 0.4921875 0.7378906 0.0968750 0.1195313
5 0.6606771 0.3316406 0.0859375 0.1445312
3 0.5557292 0.4066406 0.1406250 0.1007813
4 0.3072917 0.3203125 0.0718750 0.0890625
4 0.6565104 0.5347656 0.1296875 0.0867187
5 0.6950521 0.3820312 0.1130208 0.1609375
5 0.5317708 0.4621094 0.1541667 0.1039063
2 0.4789062 0.3152344 0.0619792 0.1960938
4 0.5664062 0.5140625 0.1140625 0.1781250
4 0.5013021 0.2304688 0.1453125 0.1406250
4 0.5739583 0.6609375 0.0979167 0.2343750
1 0.5309896 0.6144531 0.0828125 0.1351563
1 0.3052083 0.3816406 0.0625000 0.1992188
4 0.6575521 0.1007813 0.1515625 0.0968750
5 0.3481771 0.3656250 0.1411458 0.1000000
3 0.4234375 0.7863281 0.0864583 0.2351563
0 0.6218750 0.6632813 0.0708333 0.2359375
2 0.6539063 0.2871094 0.0901042 0.1445312
1 0.5299479 0.6757812 0.1338542 0.0921875
1 0.4239583 0.1585938 0.1364583 0.0796875
2 0.6895833 0.3984375 0.1385417 0.1031250
0 0.3937500 0.5488281 0.0916667 0.1929687
0 0.6234375 0.4972656 0.1000000 0.1210938
2 0.6054688 0.5796875 0.1442708 0.1109375
2 0.5226563 0.1621094 0.0671875 0.1289062
3 0.5515625 0.7386719 0.1437500 0.1117188
2 0.4554687 0.1195313 0.0828125 0.2093750
2 0.5330729 0.4410156 0.1307292 0.0945312
1 0.4908854 0.7546875 0.0630208 0.1156250
5 0.5934896 0.2347656 0.1515625 0.0867187
3 0.6158854 0.1003906 0.0588542 0.2007812
11 0.6427083 0.3558594 0.1437500 0.2257812
7 0.3041667 0.1863281 0.1427083 0.1367188
10 0.7541667 0.6269531 0.1333333 0.1445312
8 0.4718750 0.2027344 0.1114583 0.1898438
10 0.6221354 0.7535156 0.0932292 0.2085937
8 0.2757812 0.8554688 0.0921875 0.1953125
8 0.3632812 0.4781250 0.1348958 0.1328125
6 0.8117188 0.6847656 0.1369792 0.1882813
7 0.6835938 0.3714844 0.1442708 0.1398437
8 0.6320313 0.6214844 0.0942708 0.2226562
10 0.4125000 0.2386719 0.0916667 0.2007812
8 0.3401042 0.3160156 0.1364583 0.1320312
11 0.6361979 0.4355469 0.1442708 0.1398437
11 0.7015625 0.5132813 0.1250000 0.1578125
8 0.3236979 0.4050781 0.1546875 0.1617187
9 0.7322917 0.6835938 0.1437500 0.1546875
