2 0.2630208 0.3894531 0.0125000 0.0289063
3 0.4638021 0.2898438 0.0182292 0.0328125
3 0.2877604 0.5843750 0.0234375 0.0187500
5 0.2843750 0.4558594 0.0156250 0.0242188
1 0.6304688 0.5175781 0.0119792 0.0164063
5 0.6942708 0.8292969 0.0208333 0.0242188
0 0.5885417 0.6757812 0.0114583 0.0265625
0 0.6919271 0.5781250 0.0151042 0.0218750
1 0.3851562 0.5695313 0.0151042 0.0296875
5 0.4161458 0.8628906 0.0125000 0.0304687
1 0.6747396 0.4230469 0.0244792 0.0164063
2 0.4492188 0.7390625 0.0223958 0.0171875
5 0.5361979 0.0734375 0.0192708 0.0265625
4 0.4106771 0.6003906 0.0140625 0.0289063
1 0.5979167 0.2597656 0.0229167 0.0195312
2 0.5562500 0.0628906 0.0125000 0.0273438
0 0.6989583 0.6781250 0.0114583 0.0218750
0 0.4643229 0.3058594 0.0119792 0.0164063
1 0.3859375 0.7839844 0.0239583 0.0226562
1 0.4500000 0.3164062 0.0187500 0.0156250
5 0.6513021 0.2691406 0.0130208 0.0179687
2 0.5557292 0.9027344 0.0208333 0.0164063
2 0.4000000 0.1062500 0.0239583 0.0187500
3 0.6044271 0.4488281 0.0234375 0.0195312
5 0.5385417 0.7707031 0.0197917 0.0210938
2 0.5333333 0.7691406 0.0239583 0.0148437
3 0.5203125 0.3250000 0.0229167 0.0218750
2 0.6888021 0.4312500 0.0203125 0.0203125
3 0.6309896 0.3429687 0.0151042 0.0296875
1 0.5171875 0.4632812 0.0093750 0.0343750
4 0.6229167 0.5257812 0.0239583 0.0187500
2 0.6468750 0.3906250 0.0218750 0.0156250
3 0.5312500 0.3957031 0.0229167 0.0179687
3 0.5531250 0.4347656 0.0250000 0.0164063
1 0.6307292 0.5433594 0.0187500 0.0242188
4 0.5268229 0.5367188 0.0119792 0.0234375
5 0.6098958 0.5421875 0.0104167 0.0281250
5 0.3315104 0.3093750 0.0109375 0.0375000
1 0.7372396 0.5687500 0.0151042 0.0281250
2 0.4257812 0.7832031 0.0192708 0.0242188
3 0.6223958 0.6554688 0.0177083 0.0250000
2 0.3265625 0.3875000 0.0145833 0.0281250
3 0.5320312 0.2164062 0.0161458 0.0265625
0 0.3486979 0.3902344 0.0244792 0.0242188
0 0.3072917 0.1765625 0.0239583 0.0171875
0 0.4195313 0.6093750 0.0109375 0.0312500
0 0.4122396 0.4925781 0.0109375 0.0195312
3 0.4674479 0.7250000 0.0140625 0.0218750
1 0.4148438 0.8042969 0.0130208 0.0257812
1 0.3210938 0.4976563 0.0140625 0.0234375
1 0.2463542 0.5312500 0.0114583 0.0187500
5 0.6533854 0.7082031 0.0223958 0.0273438
2 0.4645833 0.4621094 0.0135417 0.0242188
0 0.5927083 0.6628906 0.0229167 0.0273438
5 0.3843750 0.7574219 0.0197917 0.0304687
1 0.5070313 0.4660156 0.0234375 0.0179687
5 0.5132813 0.5285156 0.0203125 0.0179687
4 0.4757812 0.7414063 0.0119792 0.0187500
5 0.4299479 0.4476562 0.0171875 0.0265625
4 0.4645833 0.3003906 0.0145833 0.0320312
11 0.5765625 0.1375000 0.0156250 0.0312500
8 0.4315104 0.1839844 0.0223958 0.0242188
8 0.3567708 0.7890625 0.0177083 0.0312500
10 0.6856771 0.6558594 0.0223958 0.0304687
10 0.2653646 0.5941406 0.0223958 0.0226562
8 0.5078125 0.2414062 0.0187500 0.0218750
6 0.4822917 0.5601563 0.0218750 0.0234375
6 0.6937500 0.2796875 0.0218750 0.0312500
8 0.5859375 0.4265625 0.0166667 0.0218750
8 0.7619792 0.3320312 0.0218750 0.0281250
11 0.6341146 0.4949219 0.0234375 0.0226562
6 0.2997396 0.5515625 0.0213542 0.0218750
