5 0.5250000 0.0578125 0.0197917 0.0296875
0 0.5895833 0.4300781 0.0125000 0.0226562
5 0.4674479 0.3480469 0.0213542 0.0382813
0 0.5773438 0.6332031 0.0244792 0.0273438
5 0.4234375 0.2273438 0.0260417 0.0187500
4 0.3611979 0.3636719 0.0119792 0.0179687
2 0.6809896 0.1832031 0.0286458 0.0226562
2 0.7591146 0.4171875 0.0223958 0.0203125
4 0.4247396 0.6960937 0.0265625 0.0203125
1 0.5833333 0.7492188 0.0239583 0.0203125
5 0.5229167 0.3394531 0.0218750 0.0226562
2 0.6486979 0.7179688 0.0130208 0.0406250
5 0.5096354 0.6347656 0.0161458 0.0226562
3 0.5893229 0.7835937 0.0171875 0.0390625
1 0.6742187 0.3941406 0.0171875 0.0320312
5 0.5153646 0.4750000 0.0171875 0.0328125
0 0.7674479 0.4296875 0.0234375 0.0328125
3 0.6096354 0.0257812 0.0161458 0.0281250
3 0.4632812 0.8335938 0.0182292 0.0234375
4 0.5135417 0.6097656 0.0135417 0.0382813
2 0.4203125 0.4261719 0.0166667 0.0382813
5 0.6593750 0.6804687 0.0177083 0.0218750
5 0.6583333 0.2132813 0.0260417 0.0203125
1 0.6526042 0.7941406 0.0250000 0.0179687
0 0.5375000 0.6023437 0.0218750 0.0203125
3 0.3445313 0.5140625 0.0130208 0.0312500
5 0.5205729 0.4347656 0.0203125 0.0148437
5 0.6976562 0.6464844 0.0286458 0.0195312
3 0.6010417 0.7101563 0.0239583 0.0203125
3 0.6187500 0.5886719 0.0156250 0.0367188
4 0.3184896 0.4734375 0.0109375 0.0375000
3 0.6062500 0.5574219 0.0208333 0.0320312
3 0.5320312 0.5878906 0.0223958 0.0289063
2 0.5117188 0.4113281 0.0286458 0.0257812
0 0.4143229 0.4835937 0.0203125 0.0281250
3 0.6151042 0.7824219 0.0125000 0.0382813
2 0.7372396 0.5707031 0.0140625 0.0210938
0 0.5507812 0.3617187 0.0171875 0.0234375
5 0.4635417 0.5015625 0.0250000 0.0203125
3 0.3473958 0.8562500 0.0135417 0.0203125
2 0.5757813 0.4523437 0.0140625 0.0203125
1 0.3460937 0.7347656 0.0151042 0.0273438
2 0.6666667 0.3054688 0.0291667 0.0187500
1 0.6106771 0.5152344 0.0223958 0.0273438
4 0.4393229 0.7609375 0.0192708 0.0265625
0 0.5466146 0.6218750 0.0244792 0.0234375
4 0.3986979 0.2628906 0.0119792 0.0304687
2 0.6343750 0.7363281 0.0229167 0.0210938
5 0.4940104 0.5566406 0.0234375 0.0210938
3 0.6317708 0.7792969 0.0260417 0.0195312
0 0.4721354 0.2527344 0.0192708 0.0179687
3 0.6385417 0.4992187 0.0229167 0.0296875
0 0.2476562 0.2664063 0.0234375 0.0203125
3 0.4309896 0.3535156 0.0234375 0.0179687
2 0.4231771 0.3941406 0.0171875 0.0335937
4 0.6783854 0.3019531 0.0140625 0.0320312
5 0.5760417 0.9507813 0.0270833 0.0234375
2 0.2453125 0.5968750 0.0208333 0.0375000
0 0.5101562 0.4167969 0.0109375 0.0210938
2 0.5380208 0.2148438 0.0166667 0.0187500
0 0.6067708 0.6113281 0.0270833 0.0257812
4 0.2776042 0.4347656 0.0208333 0.0195312
2 0.6283854 0.4667969 0.0182292 0.0382813
0 0.7057292 0.3984375 0.0156250 0.0406250
5 0.6492187 0.6335937 0.0161458 0.0234375
0 0.6325521 0.6402344 0.0286458 0.0195312
0 0.6437500 0.2773438 0.0260417 0.0203125
0 0.4369792 0.4929688 0.0156250 0.0265625
3 0.5218750 0.6082031 0.0135417 0.0226562
1 0.6752604 0.4425781 0.0255208 0.0289063
3 0.6247396 0.8097656 0.0244792 0.0242188
5 0.6705729 0.7425781 0.0255208 0.0304687
3 0.6039062 0.6191406 0.0244792 0.0242188
4 0.5794271 0.4039063 0.0203125 0.0234375
7 0.7036458 0.4738281 0.0229167 0.0226562
