5 0.4536458 0.8906250 0.0666667 0.1984375
2 0.6973958 0.3433594 0.0541667 0.1164063
1 0.2651042 0.3789062 0.1052083 0.0875000
3 0.3718750 0.5628906 0.0739583 0.1351563
5 0.5822917 0.8242188 0.1229167 0.0765625
2 0.7169271 0.5621094 0.1109375 0.1007813
3 0.6093750 0.3164062 0.1104167 0.1265625
5 0.6757812 0.4890625 0.0588542 0.1156250
2 0.6812500 0.8988281 0.0593750 0.1695312
5 0.6802083 0.4382813 0.1031250 0.0828125
0 0.5164062 0.0781250 0.0588542 0.1406250
3 0.3973958 0.6757812 0.1250000 0.0890625
2 0.3197917 0.7937500 0.1072917 0.0609375
0 0.2669271 0.4199219 0.1171875 0.0789062
5 0.3065104 0.4632812 0.1171875 0.0968750
3 0.2552083 0.7335938 0.1208333 0.1171875
5 0.6638021 0.3113281 0.0682292 0.0945312
5 0.5130208 0.5894531 0.0708333 0.1648438
5 0.5630208 0.6468750 0.0697917 0.1296875
5 0.3059896 0.3871094 0.1265625 0.1210938
4 0.6515625 0.3250000 0.0656250 0.0937500
4 0.5861979 0.5781250 0.0651042 0.1234375
3 0.7242188 0.5222656 0.1057292 0.0820312
3 0.7041667 0.4535156 0.0593750 0.1882813
3 0.5955729 0.6730469 0.0557292 0.0742188
1 0.3731771 0.1570313 0.1109375 0.0906250
0 0.5872396 0.3210938 0.1098958 0.0953125
2 0.3054688 0.4347656 0.1119792 0.0820312
3 0.5007812 0.7730469 0.1203125 0.0867187
1 0.6895833 0.7750000 0.1302083 0.1000000
0 0.4518229 0.2269531 0.0630208 0.1085938
4 0.5039062 0.2214844 0.0963542 0.1445312
1 0.6184896 0.4546875 0.1046875 0.1593750
2 0.4098958 0.6039062 0.0687500 0.0984375
0 0.4065104 0.3230469 0.0807292 0.0820312
1 0.6302083 0.5609375 0.0604167 0.1312500
3 0.6036458 0.8355469 0.0843750 0.1148437
4 0.5236979 0.1867187 0.1161458 0.0906250
3 0.6257812 0.3089844 0.0630208 0.1445312
0 0.4815104 0.9039063 0.0744792 0.1250000
5 0.4361979 0.4167969 0.0880208 0.1242188
2 0.5369792 0.8550781 0.1239583 0.0960938
0 0.5083333 0.2628906 0.0718750 0.1539062
2 0.3432292 0.3039062 0.0510417 0.0890625
3 0.4684896 0.1597656 0.1151042 0.0898438
3 0.7380208 0.1968750 0.0937500 0.0968750
7 0.5114583 0.2074219 0.0979167 0.1679688
11 0.2872396 0.5613281 0.0942708 0.1632812
6 0.5158854 0.8265625 0.0755208 0.1500000
9 0.5697917 0.3992188 0.1145833 0.1078125
8 0.7609375 0.6804687 0.1000000 0.0984375
7 0.5585938 0.7460938 0.1026042 0.1734375
9 0.6421875 0.2410156 0.0989583 0.1601562
7 0.4572917 0.6925781 0.0656250 0.0992187
7 0.6382813 0.8167969 0.0984375 0.0992187
