5 0.4093750 0.5929688 0.0333333 0.0234375
5 0.6695313 0.3417969 0.0151042 0.0507812
5 0.2645833 0.6066406 0.0354167 0.0257812
0 0.7247396 0.5984375 0.0130208 0.0234375
2 0.6005208 0.6250000 0.0322917 0.0375000
1 0.2218750 0.4757812 0.0375000 0.0265625
2 0.5479167 0.8886719 0.0218750 0.0523438
0 0.6359375 0.4093750 0.0375000 0.0296875
1 0.5302083 0.3195312 0.0343750 0.0328125
1 0.6817708 0.8082031 0.0375000 0.0242188
4 0.3091146 0.5882812 0.0171875 0.0281250
5 0.7197917 0.5015625 0.0239583 0.0375000
1 0.5716146 0.6914062 0.0307292 0.0265625
5 0.6471354 0.7621094 0.0192708 0.0601563
3 0.3625000 0.5156250 0.0333333 0.0234375
5 0.5085937 0.2617188 0.0255208 0.0515625
0 0.6080729 0.1468750 0.0161458 0.0531250
3 0.6690104 0.5558594 0.0317708 0.0289063
2 0.4945312 0.1925781 0.0286458 0.0492187
0 0.6807292 0.3035156 0.0343750 0.0382813
5 0.4611979 0.1507813 0.0286458 0.0328125
3 0.5669271 0.4656250 0.0171875 0.0406250
4 0.4976563 0.9152344 0.0223958 0.0382813
3 0.5520833 0.4527344 0.0333333 0.0226562
0 0.7559896 0.7378906 0.0380208 0.0273438
0 0.3679688 0.5570312 0.0338542 0.0265625
0 0.5578125 0.2343750 0.0177083 0.0562500
4 0.3981771 0.3027344 0.0307292 0.0226562
2 0.4302083 0.6148438 0.0281250 0.0453125
5 0.4005208 0.2277344 0.0343750 0.0304687
0 0.5351562 0.7410156 0.0234375 0.0445313
5 0.6437500 0.6605469 0.0197917 0.0539063
4 0.6375000 0.3593750 0.0322917 0.0343750
3 0.4408854 0.8562500 0.0234375 0.0296875
2 0.6257812 0.3621094 0.0171875 0.0257812
2 0.3854167 0.2031250 0.0239583 0.0515625
2 0.5794271 0.5378906 0.0182292 0.0414062
0 0.6145833 0.8394531 0.0322917 0.0289063
0 0.6361979 0.5414062 0.0182292 0.0250000
3 0.3723958 0.6847656 0.0291667 0.0289063
4 0.4768229 0.2828125 0.0286458 0.0234375
4 0.5406250 0.3023438 0.0385417 0.0281250
4 0.5611979 0.6449219 0.0203125 0.0429688
1 0.6046875 0.3410156 0.0156250 0.0304687
5 0.4557292 0.4394531 0.0166667 0.0382813
0 0.3244792 0.6070313 0.0187500 0.0296875
0 0.6328125 0.5839844 0.0239583 0.0398437
1 0.3981771 0.0332031 0.0234375 0.0382813
2 0.4466146 0.3207031 0.0328125 0.0289063
5 0.5085937 0.9710937 0.0182292 0.0296875
2 0.4526042 0.7921875 0.0281250 0.0406250
0 0.5682292 0.4832031 0.0291667 0.0335937
1 0.5664062 0.4410156 0.0255208 0.0460938
4 0.5822917 0.6339844 0.0281250 0.0476562
0 0.5890625 0.5746094 0.0312500 0.0304687
3 0.7208333 0.6550781 0.0354167 0.0289063
4 0.5531250 0.4093750 0.0354167 0.0250000
4 0.4742188 0.2851562 0.0182292 0.0265625
1 0.5453125 0.4472656 0.0208333 0.0351562
4 0.6572917 0.5679688 0.0322917 0.0296875
5 0.4463542 0.6707031 0.0197917 0.0523438
2 0.6057292 0.4386719 0.0229167 0.0460938
0 0.3700521 0.2593750 0.0265625 0.0406250
0 0.2786458 0.4445312 0.0281250 0.0437500
3 0.5302083 0.2179687 0.0187500 0.0515625
0 0.5476562 0.4714844 0.0317708 0.0226562
4 0.5807292 0.2585938 0.0302083 0.0265625
6 0.5023437 0.5867187 0.0255208 0.0359375
11 0.3325521 0.4464844 0.0369792 0.0445313
8 0.6471354 0.2460938 0.0328125 0.0328125
11 0.6565104 0.6621094 0.0255208 0.0460938
10 0.3614583 0.7652344 0.0302083 0.0429688
7 0.4335938 0.6218750 0.0296875 0.0484375
10 0.4632812 0.6570312 0.0244792 0.0343750
7 0.5445313 0.3339844 0.0276042 0.0445313
8 0.5085937 0.7097656 0.0213542 0.0320312
8 0.5031250 0.7707031 0.0291667 0.0429688
8 0.4807292 0.3859375 0.0312500 0.0390625
10 0.3072917 0.3070312 0.0322917 0.0468750
