4 0.6135417 0.4347656 0.0500000 0.0382813
0 0.2992187 0.5964844 0.0484375 0.0414062
1 0.7325521 0.2605469 0.0307292 0.0648438
4 0.6591146 0.2816406 0.0432292 0.0460938
4 0.6684896 0.3113281 0.0463542 0.0460938
4 0.3273437 0.4765625 0.0536458 0.0390625
4 0.2713542 0.4679687 0.0343750 0.0546875
4 0.4765625 0.2453125 0.0437500 0.0531250
0 0.4877604 0.6125000 0.0348958 0.0687500
4 0.6554688 0.4621094 0.0369792 0.0695313
0 0.2653646 0.2843750 0.0494792 0.0328125
5 0.6200521 0.7109375 0.0265625 0.0500000
4 0.5169271 0.5707031 0.0369792 0.0320312
3 0.6111979 0.8484375 0.0276042 0.0296875
5 0.6122396 0.5210938 0.0432292 0.0500000
4 0.5299479 0.7289062 0.0348958 0.0265625
0 0.6984375 0.7695312 0.0531250 0.0359375
2 0.4583333 0.4976563 0.0333333 0.0468750
4 0.5765625 0.3753906 0.0343750 0.0351562
4 0.3343750 0.6804687 0.0270833 0.0734375
2 0.4950521 0.6535156 0.0473958 0.0367188
3 0.3604167 0.7273437 0.0312500 0.0656250
3 0.5828125 0.7875000 0.0302083 0.0781250
0 0.5531250 0.1968750 0.0458333 0.0296875
5 0.2596354 0.4011719 0.0494792 0.0429688
2 0.3135417 0.5746094 0.0458333 0.0304687
4 0.4023438 0.4449219 0.0473958 0.0335937
5 0.6481771 0.6058594 0.0255208 0.0710937
2 0.6161458 0.4609375 0.0416667 0.0468750
5 0.3710938 0.6050781 0.0286458 0.0429688
2 0.3351562 0.3613281 0.0255208 0.0632812
4 0.3802083 0.4437500 0.0229167 0.0515625
3 0.5052083 0.3812500 0.0468750 0.0468750
5 0.5885417 0.6753906 0.0520833 0.0367188
2 0.5708333 0.2589844 0.0312500 0.0789062
5 0.5200521 0.6949219 0.0328125 0.0648438
1 0.3778646 0.5531250 0.0432292 0.0421875
5 0.5783854 0.4609375 0.0411458 0.0312500
0 0.6416667 0.2738281 0.0229167 0.0742188
5 0.4067708 0.1570313 0.0375000 0.0593750
2 0.4575521 0.7437500 0.0442708 0.0296875
0 0.4802083 0.9042969 0.0395833 0.0539063
2 0.2447917 0.4292969 0.0395833 0.0539063
2 0.4901042 0.4117188 0.0229167 0.0593750
1 0.3783854 0.3968750 0.0390625 0.0531250
1 0.3382812 0.5804687 0.0255208 0.0281250
4 0.5408854 0.5125000 0.0411458 0.0578125
4 0.3231771 0.3792969 0.0265625 0.0601563
4 0.6486979 0.6722656 0.0463542 0.0273438
1 0.6734375 0.6773438 0.0343750 0.0609375
3 0.4611979 0.3796875 0.0348958 0.0390625
4 0.7208333 0.3296875 0.0427083 0.0453125
3 0.6453125 0.7187500 0.0468750 0.0281250
2 0.3684896 0.5468750 0.0453125 0.0359375
1 0.5783854 0.2195313 0.0453125 0.0296875
3 0.4007812 0.2394531 0.0265625 0.0367188
5 0.5513021 0.7308594 0.0265625 0.0742188
0 0.5125000 0.2757812 0.0489583 0.0390625
2 0.4632812 0.3050781 0.0317708 0.0335937
1 0.6929688 0.5253906 0.0317708 0.0414062
5 0.3554688 0.3000000 0.0401042 0.0484375
5 0.5437500 0.3250000 0.0312500 0.0390625
3 0.6335937 0.7945313 0.0223958 0.0343750
2 0.6270833 0.4011719 0.0437500 0.0398437
5 0.2455729 0.6531250 0.0213542 0.0375000
3 0.4520833 0.8820313 0.0395833 0.0453125
1 0.4674479 0.6203125 0.0390625 0.0484375
2 0.5072917 0.3320312 0.0302083 0.0687500
1 0.6143229 0.5339844 0.0296875 0.0601563
0 0.5773438 0.6714844 0.0348958 0.0601563
2 0.6544271 0.5835938 0.0505208 0.0375000
7 0.7236979 0.2824219 0.0463542 0.0460938
7 0.5906250 0.5859375 0.0458333 0.0578125
7 0.6515625 0.5558594 0.0468750 0.0460938
7 0.6575521 0.2078125 0.0421875 0.0468750
9 0.6559896 0.2960937 0.0411458 0.0578125
11 0.7148438 0.4593750 0.0453125 0.0453125
11 0.5914063 0.0953125 0.0453125 0.0500000
7 0.6489583 0.7347656 0.0322917 0.0726563
9 0.7013021 0.7613281 0.0432292 0.0460938
7 0.4643229 0.4925781 0.0369792 0.0523438
