2 0.6484375 0.4539063 0.0166667 0.0500000
5 0.6036458 0.5472656 0.0375000 0.0304687
3 0.4135417 0.4847656 0.0197917 0.0476562
5 0.5033854 0.7941406 0.0265625 0.0460938
2 0.7151042 0.4554687 0.0343750 0.0265625
0 0.3911458 0.2902344 0.0197917 0.0289063
5 0.6739583 0.6199219 0.0229167 0.0226562
4 0.3424479 0.5984375 0.0171875 0.0500000
1 0.8505208 0.3535156 0.0354167 0.0382813
3 0.6177083 0.7984375 0.0250000 0.0218750
3 0.4661458 0.5765625 0.0229167 0.0296875
1 0.5018229 0.4593750 0.0182292 0.0515625
0 0.5617188 0.2289063 0.0296875 0.0343750
4 0.4333333 0.5191406 0.0145833 0.0492187
1 0.2890625 0.5125000 0.0375000 0.0328125
4 0.3572917 0.5472656 0.0354167 0.0226562
5 0.3885417 0.7902344 0.0354167 0.0257812
4 0.5843750 0.6148438 0.0312500 0.0359375
0 0.7500000 0.4304688 0.0229167 0.0375000
5 0.6341146 0.3886719 0.0244792 0.0273438
0 0.6367188 0.1570313 0.0348958 0.0250000
2 0.6179687 0.2343750 0.0359375 0.0250000
4 0.4658854 0.8058594 0.0338542 0.0335937
2 0.6869792 0.6101562 0.0239583 0.0437500
3 0.5421875 0.3277344 0.0229167 0.0492187
2 0.4289062 0.7144531 0.0192708 0.0273438
4 0.5348958 0.2445313 0.0250000 0.0312500
2 0.5914063 0.4621094 0.0192708 0.0445313
1 0.1768229 0.3597656 0.0390625 0.0289063
2 0.3997396 0.1437500 0.0213542 0.0265625
0 0.6062500 0.3496094 0.0208333 0.0320312
1 0.5765625 0.5324219 0.0333333 0.0242188
3 0.5570312 0.6593750 0.0317708 0.0218750
2 0.3885417 0.4882812 0.0250000 0.0437500
0 0.6609375 0.5132813 0.0364583 0.0218750
4 0.5138021 0.4972656 0.0348958 0.0320312
4 0.3677083 0.7054687 0.0322917 0.0250000
4 0.4760417 0.7320313 0.0322917 0.0218750
0 0.5463542 0.4074219 0.0354167 0.0257812
5 0.3598958 0.3917969 0.0229167 0.0367188
2 0.4565104 0.1015625 0.0338542 0.0265625
5 0.7070312 0.4546875 0.0171875 0.0296875
1 0.5437500 0.3582031 0.0177083 0.0351562
5 0.6843750 0.6136719 0.0322917 0.0304687
5 0.6156250 0.4996094 0.0270833 0.0398437
3 0.3515625 0.6792969 0.0218750 0.0382813
1 0.4036458 0.7371094 0.0354167 0.0210938
4 0.3640625 0.4976563 0.0229167 0.0281250
1 0.5309896 0.4601562 0.0171875 0.0328125
7 0.4380208 0.1156250 0.0322917 0.0312500
