4 0.2898438 0.4421875 0.0161458 0.0328125
2 0.5796875 0.4253906 0.0302083 0.0351562
5 0.4622396 0.1203125 0.0140625 0.0250000
5 0.5809896 0.7695312 0.0140625 0.0250000
2 0.3796875 0.6859375 0.0281250 0.0187500
2 0.5640625 0.6578125 0.0156250 0.0343750
1 0.6044271 0.8117188 0.0151042 0.0390625
1 0.6473958 0.6074219 0.0312500 0.0226562
3 0.4026042 0.7082031 0.0145833 0.0398437
3 0.4270833 0.1253906 0.0187500 0.0367188
2 0.4023438 0.6164063 0.0140625 0.0265625
0 0.6875000 0.7093750 0.0281250 0.0203125
8 0.5085937 0.7519531 0.0192708 0.0414062
