1 0.4630208 0.9457031 0.0145833 0.0398437
2 0.3736979 0.4269531 0.0213542 0.0164063
3 0.4283854 0.5246094 0.0109375 0.0320312
4 0.6695313 0.5511719 0.0151042 0.0304687
3 0.4080729 0.6742187 0.0161458 0.0375000
0 0.6307292 0.7550781 0.0114583 0.0195312
1 0.5502604 0.5281250 0.0119792 0.0281250
0 0.4026042 0.5234375 0.0177083 0.0218750
2 0.5901042 0.7925781 0.0260417 0.0210938
5 0.4937500 0.6039062 0.0125000 0.0359375
5 0.6416667 0.6113281 0.0208333 0.0257812
4 0.6494792 0.7429687 0.0135417 0.0187500
3 0.5111979 0.6695313 0.0223958 0.0234375
3 0.4330729 0.6984375 0.0098958 0.0312500
5 0.6317708 0.5121094 0.0156250 0.0195312
4 0.7598958 0.5843750 0.0208333 0.0203125
2 0.4679687 0.3062500 0.0192708 0.0187500
2 0.4546875 0.5921875 0.0145833 0.0218750
1 0.5856771 0.7425781 0.0109375 0.0273438
0 0.5395833 0.5355469 0.0145833 0.0226562
3 0.5679688 0.7781250 0.0182292 0.0312500
2 0.4986979 0.4250000 0.0151042 0.0171875
3 0.7825521 0.3664062 0.0192708 0.0265625
1 0.5994792 0.6558594 0.0239583 0.0210938
3 0.5817708 0.1972656 0.0208333 0.0226562
2 0.4809896 0.4203125 0.0171875 0.0171875
4 0.6109375 0.2902344 0.0187500 0.0132812
2 0.7440104 0.3964844 0.0130208 0.0320312
0 0.3640625 0.4437500 0.0197917 0.0187500
4 0.4132812 0.2984375 0.0192708 0.0187500
1 0.4914062 0.6433594 0.0130208 0.0226562
1 0.7140625 0.3082031 0.0239583 0.0179687
5 0.3979167 0.1207031 0.0135417 0.0179687
3 0.5421875 0.8089844 0.0125000 0.0351562
4 0.6492187 0.7554688 0.0192708 0.0234375
3 0.5015625 0.7160156 0.0239583 0.0257812
0 0.4395833 0.6562500 0.0208333 0.0171875
4 0.5934896 0.1476562 0.0130208 0.0171875
3 0.5994792 0.4339844 0.0125000 0.0351562
5 0.3960938 0.8390625 0.0151042 0.0328125
5 0.4320312 0.6769531 0.0223958 0.0210938
4 0.3190104 0.6363281 0.0244792 0.0164063
1 0.5427083 0.2574219 0.0197917 0.0257812
5 0.4919271 0.2105469 0.0171875 0.0195312
5 0.6455729 0.2859375 0.0192708 0.0265625
4 0.4888021 0.4437500 0.0171875 0.0187500
0 0.5625000 0.4253906 0.0166667 0.0335937
4 0.5158854 0.4648438 0.0203125 0.0171875
0 0.3312500 0.4500000 0.0270833 0.0203125
5 0.3802083 0.6410156 0.0156250 0.0351562
3 0.4911458 0.8570313 0.0125000 0.0296875
5 0.4471354 0.6644531 0.0171875 0.0242188
3 0.4479167 0.6164063 0.0114583 0.0375000
3 0.5750000 0.7054687 0.0125000 0.0203125
4 0.6067708 0.4269531 0.0229167 0.0210938
4 0.6640625 0.4042969 0.0156250 0.0195312
5 0.5565104 0.4953125 0.0130208 0.0375000
1 0.5971354 0.2980469 0.0234375 0.0210938
3 0.3479167 0.3886719 0.0229167 0.0164063
0 0.4088542 0.8179688 0.0114583 0.0359375
5 0.5489583 0.5726562 0.0187500 0.0296875
4 0.5210938 0.5957031 0.0213542 0.0226562
1 0.6388021 0.4160156 0.0234375 0.0148437
5 0.5627604 0.5574219 0.0223958 0.0164063
0 0.5075521 0.7644531 0.0130208 0.0320312
0 0.4205729 0.7652344 0.0203125 0.0226562
4 0.6114583 0.6519531 0.0250000 0.0148437
5 0.4533854 0.1839844 0.0151042 0.0335937
2 0.5625000 0.6050781 0.0166667 0.0179687
1 0.5848958 0.7300781 0.0187500 0.0335937
0 0.3640625 0.4351563 0.0229167 0.0250000
3 0.5041667 0.3191406 0.0229167 0.0179687
9 0.5973958 0.3683594 0.0135417 0.0320312
10 0.6028646 0.2625000 0.0161458 0.0203125
10 0.4669271 0.4757812 0.0161458 0.0375000
11 0.6346354 0.3570313 0.0213542 0.0250000
8 0.5833333 0.7417969 0.0145833 0.0335937
9 0.4648438 0.4570312 0.0234375 0.0234375
9 0.3989583 0.1000000 0.0156250 0.0343750
6 0.5861979 0.8664063 0.0213542 0.0281250
7 0.5591146 0.6535156 0.0203125 0.0335937
9 0.5752604 0.2871094 0.0223958 0.0351562
11 0.7531250 0.5792969 0.0218750 0.0242188
6 0.6229167 0.6503906 0.0208333 0.0210938
8 0.5184896 0.2867188 0.0171875 0.0250000
11 0.5763021 0.2664063 0.0192708 0.0312500
6 0.6872396 0.3046875 0.0171875 0.0328125
