4 0.5992188 0.5527344 0.0296875 0.0476562
1 0.6934896 0.5960937 0.0348958 0.0375000
0 0.5117188 0.4800781 0.0265625 0.0414062
0 0.4557292 0.7718750 0.0197917 0.0453125
3 0.3151042 0.6687500 0.0260417 0.0453125
3 0.6552083 0.3269531 0.0291667 0.0289063
4 0.6541667 0.5894531 0.0364583 0.0242188
4 0.3854167 0.8128906 0.0281250 0.0398437
4 0.2796875 0.5750000 0.0239583 0.0453125
2 0.6976562 0.6906250 0.0192708 0.0531250
3 0.4127604 0.7988281 0.0151042 0.0554687
5 0.7705729 0.4546875 0.0359375 0.0265625
1 0.7434896 0.4933594 0.0317708 0.0257812
3 0.3375000 0.3644531 0.0197917 0.0304687
1 0.7158854 0.5359375 0.0401042 0.0281250
3 0.5346354 0.4777344 0.0338542 0.0414062
3 0.6205729 0.7964844 0.0348958 0.0273438
2 0.7065104 0.5277344 0.0401042 0.0304687
5 0.4002604 0.6656250 0.0234375 0.0281250
2 0.3648438 0.6339844 0.0203125 0.0273438
3 0.6250000 0.3132813 0.0322917 0.0250000
2 0.4630208 0.1605469 0.0218750 0.0585938
10 0.6898437 0.2628906 0.0338542 0.0351562
6 0.6786458 0.4683594 0.0343750 0.0367188
8 0.3677083 0.3312500 0.0375000 0.0375000
8 0.3846354 0.3871094 0.0390625 0.0460938
8 0.6726562 0.1347656 0.0359375 0.0460938
11 0.5242187 0.6828125 0.0369792 0.0453125
10 0.3278646 0.4269531 0.0307292 0.0382813
8 0.5153646 0.7332031 0.0307292 0.0398437
9 0.6348958 0.8742188 0.0250000 0.0562500
7 0.3515625 0.7250000 0.0385417 0.0375000
11 0.3557292 0.2476562 0.0343750 0.0359375
11 0.6164063 0.2929688 0.0359375 0.0359375
10 0.7281250 0.6042969 0.0354167 0.0570312
7 0.4416667 0.4441406 0.0218750 0.0476562
11 0.7812500 0.6222656 0.0375000 0.0367188
8 0.7054687 0.4203125 0.0244792 0.0515625
11 0.3916667 0.5089844 0.0229167 0.0460938
7 0.4989583 0.4167969 0.0364583 0.0460938
10 0.4804688 0.4804688 0.0328125 0.0312500
8 0.3643229 0.7312500 0.0265625 0.0437500
