4 0.4773438 0.8429688 0.0223958 0.0343750
4 0.6815104 0.4804688 0.0223958 0.0296875
0 0.5484375 0.4402344 0.0156250 0.0335937
2 0.6635417 0.5863281 0.0281250 0.0226562
5 0.5606771 0.5582031 0.0276042 0.0179687
4 0.4536458 0.4132812 0.0114583 0.0234375
3 0.6111979 0.2777344 0.0286458 0.0289063
1 0.6072917 0.4472656 0.0302083 0.0242188
4 0.5242187 0.6648437 0.0151042 0.0390625
5 0.4554687 0.4089844 0.0192708 0.0195312
1 0.3231771 0.3066406 0.0171875 0.0304687
0 0.6255208 0.3964844 0.0250000 0.0242188
3 0.6255208 0.2703125 0.0208333 0.0359375
3 0.4351563 0.7382812 0.0161458 0.0218750
2 0.5020833 0.5031250 0.0281250 0.0234375
2 0.6796875 0.8113281 0.0260417 0.0210938
5 0.6015625 0.6261719 0.0218750 0.0226562
1 0.5028646 0.3890625 0.0171875 0.0281250
1 0.3898437 0.6574219 0.0151042 0.0367188
0 0.4846354 0.4347656 0.0140625 0.0320312
3 0.6643229 0.5554687 0.0276042 0.0250000
5 0.2648437 0.6324219 0.0286458 0.0257812
4 0.5486979 0.2089844 0.0161458 0.0414062
0 0.3104167 0.6371094 0.0281250 0.0210938
10 0.2606771 0.4066406 0.0276042 0.0273438
