1 0.4570312 0.8808594 0.0598958 0.0554687
0 0.6242188 0.5464844 0.0276042 0.0773438
2 0.3489583 0.3738281 0.0270833 0.0492187
2 0.5760417 0.4734375 0.0364583 0.0859375
0 0.4731771 0.8609375 0.0380208 0.0609375
2 0.5674479 0.6917969 0.0588542 0.0398437
4 0.3507812 0.7648438 0.0307292 0.0937500
4 0.3713542 0.1972656 0.0583333 0.0382813
5 0.3778646 0.4781250 0.0328125 0.0671875
4 0.4895833 0.1808594 0.0416667 0.0773438
4 0.6791667 0.8953125 0.0583333 0.0390625
1 0.6093750 0.3890625 0.0604167 0.0640625
3 0.6317708 0.6089844 0.0572917 0.0398437
1 0.5161458 0.2531250 0.0364583 0.0906250
3 0.6406250 0.2210938 0.0531250 0.0703125
5 0.6721354 0.4804688 0.0390625 0.0531250
4 0.6611979 0.4585938 0.0557292 0.0531250
3 0.6393229 0.4597656 0.0598958 0.0492187
2 0.5317708 0.3117187 0.0364583 0.0718750
0 0.4531250 0.5480469 0.0302083 0.0414062
3 0.6257812 0.6128906 0.0442708 0.0335937
1 0.3877604 0.1519531 0.0369792 0.0429688
0 0.6208333 0.5058594 0.0333333 0.0617188
3 0.5033854 0.1003906 0.0442708 0.0445313
3 0.5518229 0.6531250 0.0401042 0.0625000
0 0.2848958 0.3863281 0.0552083 0.0429688
0 0.6440104 0.3765625 0.0421875 0.0593750
5 0.3695312 0.3316406 0.0536458 0.0539063
0 0.2854167 0.4675781 0.0354167 0.0507812
1 0.3523438 0.4175781 0.0265625 0.0882813
3 0.7492188 0.4718750 0.0286458 0.0453125
0 0.4716146 0.7101563 0.0307292 0.0609375
1 0.6140625 0.3363281 0.0614583 0.0367188
3 0.5632812 0.7464844 0.0557292 0.0351562
4 0.5247396 0.4066406 0.0432292 0.0757812
2 0.6776042 0.6562500 0.0416667 0.0640625
5 0.4934896 0.4734375 0.0317708 0.0828125
5 0.4070313 0.5710937 0.0651042 0.0406250
3 0.3854167 0.5773438 0.0458333 0.0796875
6 0.4398437 0.2460938 0.0526042 0.0593750
8 0.4958333 0.8359375 0.0531250 0.0578125
