3 0.6781250 0.5359375 0.1385417 0.1062500
0 0.4664063 0.4324219 0.1421875 0.1117188
5 0.6231771 0.3277344 0.0796875 0.1257813
5 0.5346354 0.2058594 0.0692708 0.1539062
2 0.6898437 0.7460938 0.1317708 0.0843750
4 0.6161458 0.5578125 0.1604167 0.1187500
4 0.5763021 0.7039062 0.0994792 0.1031250
1 0.5468750 0.5742188 0.1083333 0.1000000
4 0.6351562 0.3425781 0.1380208 0.0835937
1 0.7817708 0.4445312 0.1614583 0.1046875
5 0.3953125 0.6523438 0.0770833 0.1343750
5 0.5791667 0.8503906 0.1635417 0.1164063
1 0.6072917 0.8195313 0.1489583 0.1125000
4 0.4005208 0.7609375 0.1104167 0.0875000
3 0.6322917 0.8527344 0.1572917 0.1414063
1 0.6513021 0.6226563 0.0942708 0.1546875
0 0.5716146 0.5554687 0.0578125 0.1625000
0 0.6580729 0.7277344 0.1109375 0.1273438
5 0.6494792 0.2992187 0.1260417 0.1109375
2 0.6684896 0.2023437 0.1588542 0.1015625
3 0.5705729 0.4125000 0.1380208 0.1265625
1 0.5533854 0.8121094 0.1328125 0.1320312
2 0.7057292 0.4636719 0.1229167 0.1804688
4 0.4328125 0.7730469 0.1281250 0.2007812
2 0.3953125 0.6953125 0.0687500 0.2140625
3 0.6223958 0.1105469 0.0875000 0.2210938
2 0.4455729 0.7953125 0.0567708 0.1968750
2 0.7388021 0.8652344 0.1505208 0.1085938
4 0.4143229 0.5714844 0.1557292 0.1164063
0 0.5822917 0.5382813 0.1302083 0.1578125
3 0.4479167 0.2539062 0.0875000 0.1828125
5 0.6536458 0.6585937 0.1552083 0.1453125
2 0.2971354 0.3738281 0.1098958 0.0945312
0 0.6877604 0.2453125 0.1536458 0.1140625
1 0.4346354 0.6085938 0.1109375 0.1203125
2 0.6742187 0.4503906 0.1098958 0.1742188
4 0.3643229 0.1808594 0.1484375 0.1445312
0 0.5218750 0.8183594 0.1291667 0.0789062
1 0.5575521 0.2105469 0.0848958 0.2007812
5 0.5507812 0.5964844 0.0984375 0.1320312
3 0.6195312 0.3773437 0.1578125 0.1078125
4 0.7354167 0.5519531 0.1593750 0.1085938
2 0.5718750 0.4890625 0.1145833 0.1421875
1 0.3651042 0.1230469 0.1041667 0.2101562
0 0.4458333 0.9441406 0.1604167 0.1101562
2 0.6708333 0.6800781 0.1645833 0.1460937
5 0.3255208 0.4539063 0.1114583 0.1640625
5 0.5437500 0.6187500 0.0885417 0.1281250
4 0.6856771 0.7597656 0.1494792 0.1117188
11 0.7085938 0.8097656 0.1463542 0.1398437
8 0.1687500 0.9218750 0.1489583 0.1468750
6 0.4479167 0.6222656 0.1229167 0.2054688
8 0.4307292 0.3453125 0.1260417 0.1468750
6 0.2669271 0.7332031 0.1244792 0.1789062
