0 0.5718750 0.8734375 0.0635417 0.2062500
1 0.5893229 0.7781250 0.0838542 0.0984375
2 0.4463542 0.5753906 0.0697917 0.1632812
4 0.6804687 0.5265625 0.1234375 0.1000000
2 0.6052083 0.0824219 0.1156250 0.1335938
1 0.7070312 0.3882813 0.0567708 0.0750000
3 0.4921875 0.1367188 0.0770833 0.1859375
1 0.6903646 0.1441406 0.1473958 0.1242188
1 0.5005208 0.2562500 0.0645833 0.1500000
0 0.7010417 0.2699219 0.0854167 0.1695312
0 0.4979167 0.3617187 0.1208333 0.1625000
2 0.4507813 0.2859375 0.1265625 0.1234375
1 0.3151042 0.7652344 0.1281250 0.0976562
3 0.5309896 0.9976563 0.0109375 0.0031250
3 0.2627604 0.2937500 0.0630208 0.2046875
4 0.5872396 0.4574219 0.0640625 0.1070312
5 0.3789062 0.3210938 0.1348958 0.1000000
0 0.7231771 0.3320312 0.0890625 0.0953125
3 0.3981771 0.4593750 0.1057292 0.0859375
5 0.2947917 0.2437500 0.0885417 0.1046875
3 0.7057292 0.1578125 0.1281250 0.1421875
3 0.4973958 0.6648437 0.1260417 0.1453125
1 0.5539063 0.2007812 0.0828125 0.1234375
3 0.6489583 0.2292969 0.1354167 0.1414063
4 0.5934896 0.4054687 0.1026042 0.0921875
0 0.4067708 0.8792969 0.0687500 0.1695312
5 0.3945312 0.7265625 0.0682292 0.1953125
2 0.5278646 0.7015625 0.1130208 0.1328125
4 0.5989583 0.6859375 0.0656250 0.0906250
3 0.4083333 0.4996094 0.1177083 0.1257813
4 0.4994792 0.4523437 0.1270833 0.0953125
0 0.6033854 0.4410156 0.0880208 0.1726563
0 0.6643229 0.6847656 0.1161458 0.1117188
3 0.5070313 0.5398437 0.1140625 0.0906250
4 0.1052083 0.4257812 0.1239583 0.0906250
1 0.7739583 0.4304688 0.1385417 0.1421875
5 0.4184896 0.2382812 0.0817708 0.1218750
0 0.4518229 0.3011719 0.0880208 0.1398437
1 0.5041667 0.7910156 0.0906250 0.1007813
3 0.6864583 0.6066406 0.1250000 0.0882813
0 0.3377604 0.5367188 0.1119792 0.1390625
2 0.4002604 0.7437500 0.1296875 0.0937500
2 0.3864583 0.4722656 0.0770833 0.0882813
1 0.3479167 0.6968750 0.1260417 0.0890625
2 0.4924479 0.7121094 0.0828125 0.1226562
5 0.4945312 0.3222656 0.0713542 0.1539062
1 0.7645833 0.5085937 0.1260417 0.1078125
2 0.6062500 0.3234375 0.1031250 0.1296875
0 0.4908854 0.7125000 0.0942708 0.1921875
2 0.5640625 0.9292969 0.1000000 0.1398437
2 0.2966146 0.4761719 0.1421875 0.1148437
1 0.6684896 0.9292969 0.1317708 0.0929688
3 0.4325521 0.2906250 0.1265625 0.1093750
11 0.6333333 0.2839844 0.1250000 0.2023437
10 0.4734375 0.4382813 0.0927083 0.1218750
7 0.6341146 0.6484375 0.0859375 0.1250000
9 0.5494792 0.0953125 0.0770833 0.1156250
7 0.5651042 0.7636719 0.1114583 0.1601562
6 0.3932292 0.7800781 0.1000000 0.1179687
9 0.3723958 0.2125000 0.0781250 0.1718750
6 0.6356771 0.8445312 0.0963542 0.1281250
8 0.7015625 0.2847656 0.0750000 0.1679688
6 0.5721354 0.8253906 0.1203125 0.1320312
7 0.6812500 0.2937500 0.1156250 0.1125000
6 0.7640625 0.1464844 0.1229167 0.1210938
9 0.7539062 0.4152344 0.1369792 0.1476562
10 0.5067708 0.5121094 0.1041667 0.1726563
