2 0.4799479 0.1765625 0.0244792 0.0390625
2 0.6424479 0.2816406 0.0317708 0.0773438
0 0.5427083 0.4644531 0.0260417 0.0445313
3 0.6622396 0.4113281 0.0432292 0.0304687
4 0.6302083 0.5511719 0.0333333 0.0304687
2 0.4447917 0.8300781 0.0375000 0.0335937
1 0.6109375 0.6609375 0.0395833 0.0437500
1 0.5817708 0.3980469 0.0468750 0.0367188
2 0.5591146 0.6011719 0.0307292 0.0601563
4 0.5744792 0.2359375 0.0239583 0.0734375
4 0.4348958 0.6933594 0.0229167 0.0367188
1 0.5546875 0.4421875 0.0489583 0.0390625
1 0.5523438 0.7007813 0.0338542 0.0359375
5 0.3567708 0.8406250 0.0291667 0.0406250
2 0.5434896 0.7464844 0.0369792 0.0414062
1 0.3729167 0.5136719 0.0229167 0.0351562
4 0.4830729 0.6859375 0.0484375 0.0390625
1 0.4890625 0.5613281 0.0437500 0.0351562
2 0.5838542 0.5261719 0.0468750 0.0523438
1 0.7041667 0.3960938 0.0458333 0.0375000
4 0.4984375 0.3753906 0.0364583 0.0320312
4 0.6736979 0.1734375 0.0453125 0.0359375
5 0.5765625 0.4902344 0.0270833 0.0414062
0 0.5989583 0.4214844 0.0281250 0.0726563
1 0.5552083 0.5492187 0.0322917 0.0343750
3 0.5361979 0.6886719 0.0401042 0.0648438
4 0.5151042 0.5453125 0.0406250 0.0546875
5 0.2817708 0.8304687 0.0250000 0.0437500
5 0.4341146 0.2890625 0.0296875 0.0687500
2 0.7059896 0.4359375 0.0265625 0.0312500
4 0.4963542 0.3425781 0.0541667 0.0445313
1 0.4458333 0.2378906 0.0218750 0.0710937
4 0.4575521 0.7804688 0.0348958 0.0359375
4 0.6208333 0.5636719 0.0416667 0.0539063
0 0.5591146 0.6144531 0.0328125 0.0523438
4 0.2502604 0.6007813 0.0411458 0.0640625
5 0.4744792 0.4632812 0.0489583 0.0421875
5 0.6744792 0.5835938 0.0322917 0.0765625
0 0.4559896 0.2617188 0.0369792 0.0312500
0 0.5010417 0.8417969 0.0364583 0.0351562
3 0.5861979 0.7335938 0.0234375 0.0359375
2 0.4635417 0.1578125 0.0416667 0.0437500
3 0.6802083 0.2167969 0.0447917 0.0351562
1 0.5843750 0.4886719 0.0197917 0.0648438
3 0.3192708 0.7605469 0.0500000 0.0398437
1 0.5927083 0.7042969 0.0291667 0.0335937
3 0.4208333 0.3382812 0.0333333 0.0703125
4 0.5843750 0.4152344 0.0468750 0.0367188
7 0.6648437 0.4023438 0.0432292 0.0484375
8 0.5786458 0.6433594 0.0364583 0.0585938
8 0.3031250 0.8054687 0.0479167 0.0484375
