3 0.6268229 0.7425781 0.0286458 0.0429688
0 0.4768229 0.3132813 0.0223958 0.0609375
1 0.6820312 0.3246094 0.0359375 0.0242188
3 0.3817708 0.5562500 0.0187500 0.0359375
1 0.3458333 0.6496094 0.0395833 0.0257812
0 0.5645833 0.1941406 0.0229167 0.0523438
1 0.4309896 0.2113281 0.0244792 0.0429688
5 0.4096354 0.6679688 0.0223958 0.0328125
0 0.3658854 0.3839844 0.0255208 0.0351562
1 0.3705729 0.8109375 0.0192708 0.0562500
0 0.5752604 0.6515625 0.0171875 0.0312500
3 0.5325521 0.3578125 0.0171875 0.0578125
4 0.4458333 0.3253906 0.0208333 0.0367188
1 0.7617188 0.5167969 0.0369792 0.0304687
3 0.6406250 0.7210937 0.0270833 0.0234375
1 0.3388021 0.4679687 0.0348958 0.0375000
0 0.4260417 0.0632812 0.0260417 0.0531250
1 0.6963542 0.4597656 0.0333333 0.0242188
2 0.4557292 0.5886719 0.0312500 0.0304687
1 0.3786458 0.8265625 0.0281250 0.0375000
2 0.4973958 0.5289063 0.0250000 0.0343750
3 0.4559896 0.3187500 0.0255208 0.0484375
4 0.5148438 0.6023437 0.0276042 0.0406250
0 0.4914062 0.2457031 0.0161458 0.0570312
5 0.3661458 0.6542969 0.0177083 0.0242188
4 0.7322917 0.2855469 0.0270833 0.0476562
3 0.5960937 0.3437500 0.0359375 0.0250000
4 0.6135417 0.5570312 0.0322917 0.0406250
0 0.4747396 0.5859375 0.0192708 0.0406250
2 0.2690104 0.4164062 0.0390625 0.0296875
1 0.5049479 0.2820313 0.0296875 0.0328125
2 0.4382813 0.3429687 0.0244792 0.0453125
5 0.3398438 0.3687500 0.0348958 0.0250000
3 0.5231771 0.6804687 0.0182292 0.0390625
4 0.2804687 0.1710937 0.0369792 0.0250000
5 0.4481771 0.5511719 0.0171875 0.0445313
3 0.4466146 0.3527344 0.0348958 0.0273438
3 0.5234375 0.2933594 0.0364583 0.0429688
5 0.4781250 0.7257813 0.0333333 0.0375000
2 0.5585938 0.7406250 0.0401042 0.0281250
3 0.4718750 0.5257812 0.0354167 0.0281250
2 0.5315104 0.5300781 0.0223958 0.0320312
1 0.5630208 0.3468750 0.0197917 0.0625000
3 0.3325521 0.4769531 0.0223958 0.0367188
4 0.3919271 0.7578125 0.0223958 0.0515625
3 0.5684896 0.6886719 0.0286458 0.0445313
5 0.5674479 0.5000000 0.0411458 0.0359375
4 0.4580729 0.2773438 0.0171875 0.0296875
5 0.5020833 0.6937500 0.0187500 0.0265625
0 0.4945312 0.4667969 0.0338542 0.0257812
0 0.5148438 0.2339844 0.0296875 0.0460938
3 0.4492188 0.7355469 0.0380208 0.0273438
3 0.5174479 0.5417969 0.0255208 0.0289063
9 0.3929687 0.7050781 0.0380208 0.0367188
10 0.3723958 0.3539062 0.0229167 0.0515625
6 0.4554687 0.1960938 0.0348958 0.0484375
11 0.4885417 0.5667969 0.0343750 0.0539063
9 0.3265625 0.7371094 0.0333333 0.0351562
8 0.4882812 0.3488281 0.0348958 0.0351562
11 0.7486979 0.5976562 0.0359375 0.0343750
11 0.5731771 0.3105469 0.0265625 0.0492187
7 0.6200521 0.6882812 0.0296875 0.0375000
6 0.4815104 0.4546875 0.0328125 0.0484375
6 0.3963542 0.4421875 0.0229167 0.0515625
11 0.5898438 0.1050781 0.0307292 0.0507812
11 0.5348958 0.2128906 0.0229167 0.0460938
6 0.4070313 0.7156250 0.0348958 0.0546875
11 0.7968750 0.6402344 0.0385417 0.0367188
10 0.5005208 0.1757812 0.0354167 0.0343750
6 0.4919271 0.9730469 0.0296875 0.0507812
