2 0.5622396 0.3804688 0.0317708 0.0375000
3 0.6611979 0.3804688 0.0296875 0.0281250
1 0.6075521 0.4410156 0.0244792 0.0242188
3 0.6307292 0.2890625 0.0166667 0.0500000
3 0.5783854 0.3726563 0.0182292 0.0500000
5 0.5760417 0.8582031 0.0197917 0.0382813
5 0.3338542 0.5871094 0.0312500 0.0320312
3 0.5213542 0.3035156 0.0218750 0.0335937
5 0.5596354 0.4105469 0.0140625 0.0492187
1 0.4989583 0.5292969 0.0343750 0.0335937
5 0.4645833 0.5746094 0.0239583 0.0351562
4 0.3625000 0.4972656 0.0187500 0.0445313
0 0.3611979 0.3023438 0.0359375 0.0250000
0 0.5148438 0.4488281 0.0223958 0.0242188
5 0.4492188 0.5949219 0.0286458 0.0414062
5 0.5234375 0.3304687 0.0406250 0.0359375
4 0.5562500 0.0714844 0.0375000 0.0367188
2 0.3429687 0.5484375 0.0171875 0.0453125
0 0.4992187 0.7570313 0.0328125 0.0203125
0 0.6593750 0.5855469 0.0302083 0.0398437
5 0.2158854 0.5175781 0.0182292 0.0570312
5 0.4848958 0.7406250 0.0197917 0.0468750
0 0.4328125 0.2609375 0.0229167 0.0484375
2 0.5669271 0.1359375 0.0182292 0.0484375
2 0.6057292 0.3699219 0.0156250 0.0273438
9 0.4268229 0.5609375 0.0338542 0.0500000
9 0.2596354 0.5867187 0.0359375 0.0468750
10 0.3872396 0.3687500 0.0255208 0.0500000
7 0.7601562 0.4773438 0.0338542 0.0328125
9 0.4229167 0.3933594 0.0229167 0.0476562
10 0.3890625 0.4750000 0.0322917 0.0328125
9 0.4497396 0.3074219 0.0213542 0.0492187
10 0.4906250 0.3257813 0.0322917 0.0468750
10 0.7377604 0.4441406 0.0286458 0.0367188
10 0.7085938 0.3265625 0.0338542 0.0453125
9 0.4169271 0.6527344 0.0296875 0.0320312
11 0.3502604 0.3695312 0.0369792 0.0515625
6 0.4942708 0.6234375 0.0375000 0.0359375
6 0.5161458 0.7964844 0.0239583 0.0539063
8 0.7093750 0.3625000 0.0333333 0.0453125
6 0.5005208 0.8335938 0.0239583 0.0453125
11 0.6164063 0.3875000 0.0213542 0.0484375
7 0.6510417 0.2421875 0.0343750 0.0468750
9 0.4171875 0.4996094 0.0250000 0.0570312
10 0.5533854 0.6500000 0.0286458 0.0343750
