0 0.5067708 0.7527344 0.0239583 0.0257812
0 0.4104167 0.7957031 0.0197917 0.0476562
0 0.3091146 0.2781250 0.0182292 0.0562500
1 0.7148438 0.9046875 0.0359375 0.0250000
5 0.7645833 0.3742187 0.0364583 0.0281250
0 0.6979167 0.6117187 0.0229167 0.0343750
4 0.5614583 0.4554687 0.0354167 0.0234375
5 0.4466146 0.3617187 0.0255208 0.0328125
1 0.6393229 0.3839844 0.0223958 0.0382813
3 0.6325521 0.6238281 0.0338542 0.0273438
1 0.7218750 0.4332031 0.0187500 0.0289063
4 0.5554687 0.3980469 0.0317708 0.0304687
4 0.6289062 0.6121094 0.0317708 0.0273438
0 0.7127604 0.7656250 0.0296875 0.0343750
3 0.3052083 0.6816406 0.0166667 0.0523438
0 0.4484375 0.6113281 0.0239583 0.0242188
5 0.7312500 0.7343750 0.0375000 0.0296875
1 0.5286458 0.4066406 0.0302083 0.0304687
5 0.7151042 0.3464844 0.0302083 0.0320312
4 0.4848958 0.7464844 0.0197917 0.0304687
0 0.3768229 0.2246094 0.0213542 0.0289063
3 0.3046875 0.6968750 0.0333333 0.0234375
4 0.5325521 0.6468750 0.0276042 0.0453125
2 0.4049479 0.3726563 0.0213542 0.0421875
4 0.6859375 0.7441406 0.0343750 0.0257812
4 0.5606771 0.2390625 0.0348958 0.0312500
5 0.6065104 0.3886719 0.0276042 0.0257812
2 0.3742187 0.6242188 0.0171875 0.0296875
1 0.4921875 0.1863281 0.0250000 0.0351562
1 0.5692708 0.5179687 0.0291667 0.0250000
2 0.6190104 0.8386719 0.0286458 0.0335937
5 0.7296875 0.3574219 0.0302083 0.0335937
5 0.7614583 0.5398437 0.0312500 0.0359375
5 0.4799479 0.1484375 0.0286458 0.0484375
3 0.4984375 0.2054688 0.0187500 0.0453125
2 0.4351563 0.5476562 0.0192708 0.0296875
4 0.5627604 0.0914062 0.0296875 0.0375000
1 0.6924479 0.5429688 0.0171875 0.0406250
5 0.4510417 0.6082031 0.0156250 0.0320312
0 0.5041667 0.2898438 0.0260417 0.0453125
0 0.2968750 0.3960938 0.0156250 0.0265625
5 0.4809896 0.2726562 0.0348958 0.0343750
1 0.4708333 0.3183594 0.0197917 0.0429688
5 0.6841146 0.0937500 0.0244792 0.0312500
3 0.3966146 0.7656250 0.0213542 0.0484375
5 0.4138021 0.4207031 0.0328125 0.0242188
4 0.5453125 0.3285156 0.0375000 0.0257812
10 0.4473958 0.5812500 0.0322917 0.0312500
6 0.4898438 0.2695312 0.0328125 0.0312500
7 0.7315104 0.7339844 0.0244792 0.0414062
6 0.6171875 0.9363281 0.0229167 0.0445313
6 0.5765625 0.4679687 0.0239583 0.0390625
11 0.6203125 0.2871094 0.0354167 0.0351562
7 0.5598958 0.6398438 0.0291667 0.0375000
9 0.3138021 0.4359375 0.0338542 0.0328125
11 0.5867187 0.5343750 0.0328125 0.0375000
6 0.4351563 0.2531250 0.0255208 0.0500000
10 0.6151042 0.5738281 0.0208333 0.0460938
10 0.5903646 0.3242188 0.0234375 0.0343750
10 0.5385417 0.7296875 0.0197917 0.0296875
6 0.5828125 0.4695313 0.0250000 0.0484375
7 0.6005208 0.4503906 0.0312500 0.0320312
7 0.5065104 0.3222656 0.0328125 0.0320312
