4 0.7143229 0.3734375 0.0255208 0.0234375
2 0.4197917 0.5257812 0.0104167 0.0218750
2 0.4312500 0.6910156 0.0187500 0.0273438
3 0.6690104 0.6613281 0.0151042 0.0304687
4 0.5411458 0.6535156 0.0135417 0.0195312
2 0.4213542 0.2351563 0.0156250 0.0281250
4 0.2330729 0.2980469 0.0255208 0.0195312
1 0.4250000 0.1261719 0.0187500 0.0164063
0 0.3638021 0.6843750 0.0203125 0.0187500
3 0.5981771 0.3507812 0.0109375 0.0187500
1 0.5041667 0.8140625 0.0250000 0.0187500
5 0.6963542 0.4519531 0.0197917 0.0210938
5 0.4809896 0.5445313 0.0213542 0.0203125
5 0.5015625 0.4347656 0.0250000 0.0195312
3 0.3875000 0.6371094 0.0114583 0.0367188
0 0.4817708 0.4742188 0.0177083 0.0187500
0 0.4729167 0.8636719 0.0156250 0.0210938
1 0.6148438 0.5441406 0.0244792 0.0210938
4 0.3721354 0.3300781 0.0255208 0.0164063
1 0.7031250 0.3027344 0.0250000 0.0226562
4 0.5783854 0.5199219 0.0171875 0.0179687
5 0.6796875 0.5871094 0.0229167 0.0210938
4 0.5640625 0.4238281 0.0208333 0.0132812
5 0.3734375 0.5910156 0.0135417 0.0320312
4 0.5320312 0.5636719 0.0223958 0.0132812
3 0.4763021 0.2710938 0.0151042 0.0250000
3 0.4656250 0.7480469 0.0135417 0.0164063
2 0.3408854 0.3761719 0.0255208 0.0195312
0 0.5500000 0.6468750 0.0156250 0.0187500
0 0.3695312 0.6964844 0.0109375 0.0335937
3 0.4239583 0.5406250 0.0135417 0.0296875
2 0.3901042 0.3476562 0.0177083 0.0171875
0 0.4434896 0.6871094 0.0213542 0.0179687
0 0.7104167 0.4910156 0.0229167 0.0179687
1 0.3213542 0.4085937 0.0197917 0.0171875
0 0.3705729 0.3781250 0.0140625 0.0234375
2 0.2033854 0.5878906 0.0130208 0.0304687
5 0.3419271 0.5328125 0.0140625 0.0187500
1 0.6390625 0.2625000 0.0177083 0.0296875
5 0.6794271 0.6171875 0.0119792 0.0187500
0 0.4296875 0.2855469 0.0177083 0.0164063
5 0.5908854 0.4898438 0.0130208 0.0281250
4 0.2880208 0.2789063 0.0156250 0.0156250
1 0.4010417 0.4945312 0.0156250 0.0250000
0 0.6005208 0.4628906 0.0125000 0.0195312
0 0.4122396 0.5285156 0.0234375 0.0164063
2 0.6234375 0.2101562 0.0208333 0.0218750
2 0.5617188 0.4113281 0.0234375 0.0164063
0 0.3703125 0.7468750 0.0166667 0.0328125
5 0.4171875 0.3027344 0.0156250 0.0304687
4 0.4916667 0.4109375 0.0114583 0.0218750
5 0.5184896 0.2542969 0.0161458 0.0164063
3 0.5721354 0.6355469 0.0151042 0.0164063
4 0.7325521 0.2265625 0.0255208 0.0218750
4 0.5765625 0.5703125 0.0208333 0.0234375
1 0.6333333 0.5078125 0.0197917 0.0296875
3 0.5072917 0.1828125 0.0145833 0.0343750
2 0.3593750 0.4058594 0.0156250 0.0257812
0 0.5106771 0.7031250 0.0182292 0.0156250
5 0.7138021 0.3832031 0.0234375 0.0179687
2 0.6841146 0.5812500 0.0182292 0.0312500
1 0.7091146 0.4003906 0.0244792 0.0132812
2 0.6429687 0.4214844 0.0140625 0.0242188
3 0.5372396 0.2472656 0.0140625 0.0273438
5 0.4130208 0.2359375 0.0114583 0.0281250
0 0.7281250 0.4214844 0.0239583 0.0164063
0 0.5908854 0.4550781 0.0140625 0.0164063
3 0.5539063 0.9628906 0.0151042 0.0273438
4 0.5661458 0.4410156 0.0208333 0.0148437
4 0.5861979 0.4500000 0.0140625 0.0250000
1 0.2937500 0.2972656 0.0135417 0.0367188
5 0.6703125 0.4429688 0.0239583 0.0203125
0 0.6351562 0.2699219 0.0182292 0.0289063
4 0.5463542 0.8218750 0.0125000 0.0343750
3 0.5596354 0.3019531 0.0171875 0.0273438
2 0.5911458 0.7093750 0.0229167 0.0203125
3 0.6565104 0.3921875 0.0213542 0.0171875
3 0.4442708 0.5980469 0.0218750 0.0179687
3 0.6033854 0.5671875 0.0171875 0.0234375
1 0.5697917 0.2992187 0.0229167 0.0156250
9 0.6760417 0.5097656 0.0208333 0.0195312
7 0.6843750 0.4917969 0.0156250 0.0242188
7 0.3645833 0.4218750 0.0145833 0.0218750
9 0.7234375 0.5679688 0.0208333 0.0250000
9 0.5075521 0.4550781 0.0140625 0.0289063
10 0.6661458 0.6117187 0.0208333 0.0250000
6 0.5322917 0.4687500 0.0187500 0.0296875
6 0.5132813 0.5847656 0.0223958 0.0257812
9 0.7333333 0.5835938 0.0166667 0.0343750
10 0.4531250 0.4519531 0.0145833 0.0289063
