4 0.6161458 0.5257812 0.1145833 0.1078125
2 0.5903646 0.4992187 0.1432292 0.1609375
5 0.3317708 0.4414062 0.1510417 0.1218750
1 0.8395833 0.5890625 0.1135417 0.1421875
3 0.5955729 0.1289062 0.0921875 0.2125000
3 0.4252604 0.8367187 0.1515625 0.1265625
3 0.4367187 0.8414063 0.0828125 0.1015625
5 0.5622396 0.6691406 0.0671875 0.2648437
4 0.7346354 0.7789063 0.1598958 0.1109375
1 0.7023438 0.5566406 0.1203125 0.1179687
3 0.3968750 0.7992187 0.1666667 0.1218750
0 0.5080729 0.1121094 0.1036458 0.2242187
3 0.4841146 0.7695312 0.1598958 0.1187500
0 0.4341146 0.5132813 0.1786458 0.1187500
1 0.6531250 0.6136719 0.1552083 0.1132812
4 0.6812500 0.4632812 0.1177083 0.2640625
2 0.5289063 0.7207031 0.1015625 0.1304687
1 0.6351562 0.6875000 0.1078125 0.1296875
5 0.6010417 0.2820313 0.1322917 0.1703125
5 0.4783854 0.4882812 0.1015625 0.1296875
1 0.4575521 0.5089844 0.0786458 0.1710937
0 0.5851563 0.5968750 0.1567708 0.1750000
3 0.6932292 0.7421875 0.1833333 0.1328125
2 0.5125000 0.6027344 0.1458333 0.1773437
5 0.4908854 0.4312500 0.1109375 0.1156250
4 0.5648437 0.3242188 0.0796875 0.1171875
0 0.7833333 0.1664063 0.1583333 0.0968750
5 0.6669271 0.2230469 0.0755208 0.2570312
3 0.5421875 0.6062500 0.1687500 0.1500000
4 0.3559896 0.3593750 0.0651042 0.2109375
3 0.5674479 0.7457031 0.0796875 0.1382812
4 0.7505208 0.4574219 0.1416667 0.1101562
2 0.7161458 0.7109375 0.1375000 0.1078125
1 0.7007813 0.2453125 0.1588542 0.1484375
2 0.3572917 0.7132812 0.0979167 0.1609375
2 0.4679687 0.7996094 0.0921875 0.1070312
5 0.2763021 0.4816406 0.1848958 0.1304687
4 0.7851562 0.3050781 0.1703125 0.1226562
2 0.7255208 0.5238281 0.1500000 0.2242187
0 0.3752604 0.7597656 0.0776042 0.1289062
2 0.5966146 0.3824219 0.1578125 0.1742188
4 0.4940104 0.2371094 0.0911458 0.2664063
0 0.5002604 0.5394531 0.1536458 0.1320312
5 0.4364583 0.4679687 0.0708333 0.2062500
4 0.4114583 0.5960937 0.1781250 0.1765625
1 0.6335937 0.4652344 0.1494792 0.1179687
2 0.2401042 0.4671875 0.1729167 0.1187500
1 0.4125000 0.1847656 0.1145833 0.1554687
2 0.4169271 0.6492187 0.1755208 0.1015625
2 0.3679688 0.7175781 0.1161458 0.1898438
5 0.4638021 0.2031250 0.0869792 0.1406250
2 0.7552083 0.5621094 0.1770833 0.1539062
5 0.4263021 0.5839844 0.1765625 0.1398437
2 0.4583333 0.6906250 0.0989583 0.2593750
0 0.5783854 0.6753906 0.1432292 0.1132812
5 0.7052083 0.5914063 0.0906250 0.2203125
0 0.4562500 0.6664062 0.1333333 0.2406250
1 0.3635417 0.7925781 0.1510417 0.1179687
2 0.5315104 0.2867188 0.1505208 0.1000000
0 0.4502604 0.6964844 0.0859375 0.2195313
0 0.6408854 0.5300781 0.1463542 0.1898438
4 0.4770833 0.6320313 0.0697917 0.2000000
0 0.4617188 0.5863281 0.1067708 0.1742188
2 0.5539063 0.6167969 0.1088542 0.1148437
3 0.6192708 0.6632813 0.1802083 0.1406250
11 0.7466146 0.2707031 0.1536458 0.1585938
8 0.6802083 0.7394531 0.1468750 0.1601562
10 0.6333333 0.7839844 0.0947917 0.2210938
9 0.2250000 0.6792969 0.1593750 0.1570313
6 0.2778646 0.4277344 0.1036458 0.2039063
