5 0.5257812 0.3351562 0.0223958 0.0531250
3 0.6390625 0.6847656 0.0218750 0.0335937
0 0.4192708 0.7273437 0.0166667 0.0500000
1 0.6260417 0.7449219 0.0197917 0.0445313
0 0.5270833 0.6187500 0.0302083 0.0343750
2 0.6750000 0.6488281 0.0166667 0.0382813
4 0.5643229 0.5789062 0.0286458 0.0281250
5 0.6057292 0.5339844 0.0218750 0.0351562
2 0.5145833 0.5253906 0.0302083 0.0304687
2 0.2052083 0.5027344 0.0291667 0.0367188
0 0.3052083 0.7890625 0.0375000 0.0265625
4 0.3460937 0.8261719 0.0213542 0.0507812
5 0.4609375 0.3625000 0.0291667 0.0265625
1 0.5367188 0.1835938 0.0171875 0.0515625
5 0.7328125 0.4527344 0.0354167 0.0257812
3 0.5841146 0.5144531 0.0234375 0.0398437
4 0.7281250 0.6453125 0.0302083 0.0312500
4 0.5401042 0.3925781 0.0197917 0.0523438
0 0.4210937 0.3382812 0.0171875 0.0437500
2 0.7033854 0.4835937 0.0296875 0.0296875
5 0.7005208 0.5851563 0.0364583 0.0250000
4 0.6192708 0.6859375 0.0322917 0.0312500
0 0.5471354 0.4347656 0.0255208 0.0445313
1 0.5817708 0.5281250 0.0177083 0.0453125
1 0.5968750 0.0648438 0.0229167 0.0453125
2 0.5106771 0.5621094 0.0328125 0.0242188
5 0.3104167 0.3910156 0.0354167 0.0226562
1 0.6585937 0.7898437 0.0265625 0.0203125
3 0.6533854 0.3878906 0.0161458 0.0476562
5 0.5770833 0.2015625 0.0291667 0.0265625
2 0.4427083 0.7507812 0.0187500 0.0234375
4 0.5380208 0.0578125 0.0208333 0.0531250
2 0.5507812 0.4652344 0.0213542 0.0398437
2 0.5067708 0.4746094 0.0218750 0.0226562
4 0.5843750 0.1167969 0.0260417 0.0492187
1 0.5091146 0.5996094 0.0244792 0.0320312
4 0.3359375 0.2914062 0.0354167 0.0250000
4 0.6520833 0.7074219 0.0333333 0.0273438
2 0.6250000 0.4722656 0.0375000 0.0210938
1 0.3682292 0.2429688 0.0333333 0.0265625
0 0.4601562 0.4277344 0.0296875 0.0273438
2 0.7122396 0.6789063 0.0328125 0.0265625
3 0.5947917 0.4746094 0.0229167 0.0367188
0 0.5278646 0.6152344 0.0286458 0.0398437
0 0.4640625 0.0980469 0.0208333 0.0460938
3 0.5062500 0.6925781 0.0166667 0.0304687
0 0.4765625 0.6558594 0.0197917 0.0523438
0 0.4815104 0.7710938 0.0151042 0.0234375
4 0.4268229 0.2898438 0.0171875 0.0312500
3 0.4080729 0.8011719 0.0234375 0.0289063
2 0.5955729 0.3218750 0.0244792 0.0328125
0 0.2559896 0.3089844 0.0369792 0.0304687
2 0.4213542 0.3738281 0.0281250 0.0320312
4 0.4145833 0.4695313 0.0135417 0.0296875
2 0.4091146 0.4488281 0.0192708 0.0414062
0 0.5502604 0.1996094 0.0192708 0.0351562
5 0.6731771 0.3375000 0.0359375 0.0359375
1 0.3052083 0.5339844 0.0322917 0.0460938
3 0.5250000 0.5390625 0.0197917 0.0250000
4 0.4570312 0.3398438 0.0338542 0.0203125
2 0.5473958 0.2414062 0.0281250 0.0484375
4 0.3880208 0.1367188 0.0364583 0.0296875
3 0.5697917 0.8898438 0.0291667 0.0265625
1 0.6388021 0.6898437 0.0328125 0.0218750
2 0.5005208 0.5128906 0.0166667 0.0507812
2 0.5908854 0.4914062 0.0286458 0.0406250
10 0.4309896 0.2128906 0.0317708 0.0367188
6 0.5260417 0.5378906 0.0270833 0.0414062
8 0.6239583 0.7367187 0.0312500 0.0375000
6 0.1997396 0.4238281 0.0296875 0.0367188
6 0.5955729 0.7613281 0.0223958 0.0523438
8 0.3963542 0.2859375 0.0218750 0.0515625
9 0.6976562 0.1968750 0.0369792 0.0390625
10 0.2565104 0.5296875 0.0234375 0.0359375
6 0.5776042 0.8503906 0.0218750 0.0476562
10 0.6325521 0.6828125 0.0307292 0.0296875
11 0.3093750 0.5730469 0.0302083 0.0304687
8 0.5890625 0.4968750 0.0343750 0.0328125
