5 0.4653646 0.4718750 0.0140625 0.0406250
4 0.5778646 0.5714844 0.0213542 0.0257812
4 0.3713542 0.2011719 0.0145833 0.0460938
1 0.4669271 0.1566406 0.0203125 0.0414062
0 0.3104167 0.6265625 0.0364583 0.0265625
0 0.7322917 0.5363281 0.0333333 0.0289063
5 0.6190104 0.4472656 0.0317708 0.0210938
3 0.5880208 0.2722656 0.0343750 0.0304687
1 0.6338542 0.2863281 0.0218750 0.0335937
0 0.6033854 0.6832031 0.0307292 0.0226562
2 0.6690104 0.6707031 0.0328125 0.0257812
2 0.3325521 0.7816406 0.0348958 0.0242188
3 0.2770833 0.6871094 0.0166667 0.0335937
4 0.2791667 0.2281250 0.0333333 0.0312500
2 0.7026042 0.5863281 0.0166667 0.0257812
0 0.5638021 0.5886719 0.0203125 0.0273438
2 0.5731771 0.3324219 0.0328125 0.0242188
1 0.5367188 0.5785156 0.0296875 0.0210938
0 0.4442708 0.5238281 0.0270833 0.0289063
2 0.4450521 0.3707031 0.0151042 0.0273438
1 0.6666667 0.7066406 0.0354167 0.0226562
5 0.4390625 0.2554688 0.0145833 0.0421875
5 0.3924479 0.3265625 0.0171875 0.0265625
5 0.6578125 0.5980469 0.0354167 0.0257812
2 0.5643229 0.3847656 0.0213542 0.0351562
1 0.7268229 0.5628906 0.0348958 0.0257812
4 0.5736979 0.4613281 0.0307292 0.0195312
2 0.5166667 0.4558594 0.0364583 0.0257812
4 0.5713542 0.2828125 0.0281250 0.0296875
0 0.6752604 0.1554687 0.0317708 0.0281250
5 0.7432292 0.6812500 0.0333333 0.0281250
0 0.6789063 0.1906250 0.0234375 0.0437500
5 0.6075521 0.5617188 0.0171875 0.0531250
2 0.5466146 0.1968750 0.0234375 0.0265625
3 0.5687500 0.8992187 0.0187500 0.0250000
3 0.4794271 0.3625000 0.0203125 0.0234375
0 0.2661458 0.2687500 0.0322917 0.0218750
5 0.5757813 0.4472656 0.0223958 0.0304687
5 0.6736979 0.3843750 0.0348958 0.0250000
3 0.5903646 0.5410156 0.0171875 0.0289063
0 0.4177083 0.1515625 0.0145833 0.0218750
1 0.5802083 0.6578125 0.0281250 0.0218750
0 0.6221354 0.3824219 0.0317708 0.0242188
2 0.2804687 0.5136719 0.0265625 0.0351562
1 0.4078125 0.5750000 0.0145833 0.0484375
2 0.6052083 0.3675781 0.0333333 0.0210938
3 0.4153646 0.4007812 0.0317708 0.0328125
2 0.3578125 0.4871094 0.0281250 0.0320312
2 0.5343750 0.4792969 0.0312500 0.0273438
5 0.6291667 0.4277344 0.0260417 0.0367188
4 0.4479167 0.7320313 0.0166667 0.0250000
5 0.4002604 0.5839844 0.0255208 0.0320312
4 0.5914063 0.4187500 0.0328125 0.0250000
2 0.5286458 0.4011719 0.0343750 0.0257812
0 0.7270833 0.7703125 0.0156250 0.0312500
3 0.4739583 0.4136719 0.0156250 0.0382813
2 0.5901042 0.5832031 0.0187500 0.0429688
0 0.4739583 0.4015625 0.0218750 0.0296875
0 0.5757813 0.8371094 0.0192708 0.0492187
9 0.6255208 0.3808594 0.0312500 0.0414062
11 0.7351562 0.5335937 0.0307292 0.0312500
6 0.6783854 0.6652344 0.0192708 0.0289063
6 0.3377604 0.6125000 0.0223958 0.0343750
10 0.6416667 0.7761719 0.0270833 0.0304687
10 0.5812500 0.6152344 0.0333333 0.0335937
9 0.3161458 0.4203125 0.0333333 0.0343750
6 0.6270833 0.8261719 0.0302083 0.0398437
6 0.5229167 0.8386719 0.0250000 0.0460938
7 0.2617188 0.5835938 0.0317708 0.0406250
8 0.3283854 0.7468750 0.0286458 0.0328125
11 0.5010417 0.8589844 0.0312500 0.0492187
6 0.5752604 0.3773437 0.0286458 0.0281250
6 0.5992188 0.4082031 0.0276042 0.0289063
11 0.5580729 0.5585938 0.0296875 0.0296875
7 0.4625000 0.7816406 0.0312500 0.0398437
8 0.4494792 0.1566406 0.0208333 0.0429688
8 0.5286458 0.4816406 0.0291667 0.0289063
