5 0.3223958 0.7683594 0.0604167 0.0632812
0 0.4190104 0.4660156 0.0578125 0.0476562
0 0.3875000 0.2472656 0.0364583 0.0523438
4 0.3916667 0.4742188 0.0645833 0.0531250
0 0.5895833 0.7753906 0.0312500 0.0523438
2 0.6890625 0.5156250 0.0625000 0.0546875
3 0.2666667 0.2546875 0.0531250 0.0656250
0 0.5338542 0.5753906 0.0427083 0.0617188
2 0.6750000 0.5898438 0.0291667 0.0656250
3 0.4898438 0.0917969 0.0276042 0.0742188
5 0.6968750 0.6101562 0.0572917 0.0468750
4 0.6281250 0.3707031 0.0562500 0.0414062
4 0.6677083 0.4906250 0.0635417 0.0468750
5 0.6510417 0.5234375 0.0645833 0.0531250
4 0.2231771 0.5250000 0.0546875 0.0750000
5 0.5205729 0.6945313 0.0390625 0.0906250
0 0.3776042 0.0394531 0.0291667 0.0445313
3 0.6611979 0.2687500 0.0380208 0.0437500
0 0.4085937 0.3792969 0.0453125 0.0757812
4 0.7039062 0.3050781 0.0453125 0.0742188
0 0.4789062 0.2304688 0.0286458 0.0359375
3 0.6986979 0.5078125 0.0307292 0.0843750
1 0.5265625 0.1792969 0.0437500 0.0585938
3 0.6106771 0.7656250 0.0651042 0.0437500
4 0.6026042 0.6812500 0.0468750 0.0671875
3 0.5570312 0.0765625 0.0442708 0.0718750
5 0.6067708 0.4507813 0.0593750 0.0421875
2 0.6544271 0.3285156 0.0338542 0.0476562
4 0.7270833 0.4601562 0.0604167 0.0484375
0 0.3434896 0.4671875 0.0328125 0.0546875
5 0.7494792 0.5648437 0.0364583 0.0562500
5 0.3494792 0.6488281 0.0531250 0.0617188
11 0.4385417 0.7226562 0.0416667 0.0734375
6 0.5140625 0.5085937 0.0416667 0.0828125
6 0.3119792 0.5871094 0.0364583 0.0773438
10 0.3492188 0.7289062 0.0619792 0.0609375
11 0.6658854 0.3726563 0.0630208 0.0812500
9 0.3179688 0.8683594 0.0369792 0.0851563
6 0.5463542 0.6984375 0.0520833 0.0593750
9 0.6791667 0.4351563 0.0468750 0.0656250
7 0.5945312 0.7429687 0.0630208 0.0703125
8 0.3856771 0.2593750 0.0411458 0.0859375
7 0.5380208 0.4972656 0.0437500 0.0742188
6 0.4468750 0.4828125 0.0604167 0.0828125
9 0.4513021 0.7003906 0.0567708 0.0617188
10 0.5677083 0.1183594 0.0593750 0.0835937
8 0.3010417 0.8695312 0.0510417 0.0906250
8 0.5635417 0.1636719 0.0625000 0.0617188
7 0.6846354 0.7222656 0.0588542 0.0570312
