4 0.6325521 0.2859375 0.0317708 0.0296875
1 0.5682292 0.5265625 0.0229167 0.0390625
5 0.4682292 0.4753906 0.0375000 0.0320312
2 0.6091146 0.4031250 0.0234375 0.0328125
3 0.5848958 0.2875000 0.0260417 0.0468750
2 0.4882812 0.4769531 0.0359375 0.0289063
0 0.4111979 0.4835937 0.0338542 0.0234375
5 0.7536458 0.6183594 0.0322917 0.0398437
0 0.6023437 0.1019531 0.0328125 0.0289063
0 0.6330729 0.5324219 0.0182292 0.0429688
1 0.6054688 0.4886719 0.0369792 0.0273438
3 0.2622396 0.7316406 0.0348958 0.0367188
4 0.4054687 0.4875000 0.0276042 0.0453125
5 0.2304688 0.2703125 0.0390625 0.0281250
0 0.5981771 0.7574219 0.0286458 0.0523438
5 0.6075521 0.5921875 0.0307292 0.0296875
5 0.4526042 0.3937500 0.0354167 0.0312500
5 0.2773438 0.4722656 0.0348958 0.0257812
0 0.6458333 0.3726563 0.0208333 0.0343750
4 0.4338542 0.6019531 0.0312500 0.0351562
5 0.6177083 0.7761719 0.0385417 0.0257812
4 0.5731771 0.3585937 0.0296875 0.0468750
5 0.4213542 0.2382812 0.0354167 0.0250000
4 0.4861979 0.4910156 0.0348958 0.0273438
3 0.5622396 0.4230469 0.0276042 0.0351562
4 0.3593750 0.6281250 0.0260417 0.0484375
5 0.7591146 0.5746094 0.0359375 0.0257812
1 0.5440104 0.5824219 0.0307292 0.0335937
5 0.3890625 0.4378906 0.0333333 0.0445313
3 0.5044271 0.5695313 0.0338542 0.0234375
3 0.4861979 0.5835938 0.0348958 0.0328125
4 0.4971354 0.3203125 0.0203125 0.0484375
0 0.2825521 0.1855469 0.0161458 0.0257812
3 0.4533854 0.3667969 0.0192708 0.0539063
3 0.3502604 0.8070312 0.0359375 0.0265625
1 0.6419271 0.4789062 0.0348958 0.0234375
1 0.2661458 0.7453125 0.0375000 0.0281250
5 0.5994792 0.5980469 0.0218750 0.0351562
3 0.3765625 0.4964844 0.0187500 0.0335937
3 0.5492187 0.4968750 0.0348958 0.0312500
5 0.3033854 0.4886719 0.0276042 0.0507812
4 0.6205729 0.4304688 0.0234375 0.0531250
5 0.4166667 0.7085938 0.0197917 0.0484375
5 0.3479167 0.4582031 0.0343750 0.0398437
10 0.5289063 0.2839844 0.0338542 0.0445313
11 0.7138021 0.5222656 0.0348958 0.0351562
11 0.5861979 0.2109375 0.0317708 0.0359375
6 0.4075521 0.4042969 0.0348958 0.0367188
6 0.6593750 0.3238281 0.0333333 0.0335937
11 0.5005208 0.0757812 0.0302083 0.0531250
11 0.5601563 0.6113281 0.0338542 0.0382813
9 0.4820313 0.8402344 0.0223958 0.0507812
11 0.5864583 0.6359375 0.0364583 0.0421875
6 0.4106771 0.7371094 0.0359375 0.0351562
