0 0.4684896 0.6964844 0.0234375 0.0320312
2 0.4471354 0.8960938 0.0286458 0.0250000
3 0.4557292 0.8121094 0.0135417 0.0304687
0 0.4442708 0.0218750 0.0166667 0.0312500
3 0.3690104 0.4730469 0.0286458 0.0195312
5 0.5343750 0.4562500 0.0114583 0.0406250
1 0.3984375 0.4386719 0.0291667 0.0179687
0 0.6484375 0.1742188 0.0270833 0.0203125
5 0.4354167 0.3855469 0.0177083 0.0382813
1 0.5513021 0.2527344 0.0265625 0.0195312
0 0.4640625 0.4316406 0.0250000 0.0226562
3 0.6346354 0.7910156 0.0276042 0.0195312
0 0.7057292 0.2097656 0.0302083 0.0195312
4 0.4984375 0.5867187 0.0166667 0.0296875
0 0.7223958 0.6515625 0.0281250 0.0218750
3 0.3486979 0.6007813 0.0182292 0.0375000
3 0.5572917 0.5234375 0.0156250 0.0390625
8 0.6934896 0.4570312 0.0265625 0.0296875
6 0.6356771 0.3394531 0.0255208 0.0242188
