3 0.4106771 0.5238281 0.0317708 0.0335937
4 0.3554688 0.5222656 0.0348958 0.0367188
3 0.3653646 0.2375000 0.0296875 0.0562500
5 0.4223958 0.9269531 0.0197917 0.0398437
0 0.5255208 0.7625000 0.0416667 0.0265625
0 0.6760417 0.1945312 0.0406250 0.0265625
4 0.4072917 0.7097656 0.0447917 0.0351562
3 0.5544271 0.3171875 0.0203125 0.0609375
3 0.4877604 0.6375000 0.0192708 0.0562500
1 0.4388021 0.1812500 0.0223958 0.0359375
1 0.6054688 0.6648437 0.0276042 0.0578125
5 0.3606771 0.3937500 0.0390625 0.0328125
0 0.4023438 0.3308594 0.0286458 0.0632812
5 0.5575521 0.5824219 0.0401042 0.0304687
3 0.3125000 0.6925781 0.0343750 0.0398437
1 0.3065104 0.6175781 0.0234375 0.0398437
1 0.5226563 0.2968750 0.0223958 0.0343750
5 0.4145833 0.2640625 0.0218750 0.0453125
2 0.4296875 0.9820313 0.0208333 0.0343750
0 0.7755208 0.4578125 0.0312500 0.0546875
1 0.5257812 0.3300781 0.0369792 0.0335937
4 0.6346354 0.6402344 0.0286458 0.0507812
3 0.7158854 0.5789062 0.0213542 0.0640625
0 0.3132813 0.1710937 0.0223958 0.0531250
4 0.3153646 0.3406250 0.0244792 0.0359375
3 0.7697917 0.3000000 0.0354167 0.0406250
5 0.4830729 0.4429688 0.0286458 0.0578125
4 0.4208333 0.2992187 0.0166667 0.0250000
3 0.2630208 0.5355469 0.0385417 0.0257812
1 0.6085938 0.5101562 0.0286458 0.0343750
6 0.6125000 0.7683594 0.0322917 0.0414062
6 0.6958333 0.4363281 0.0250000 0.0539063
10 0.6710938 0.8242188 0.0244792 0.0546875
7 0.3500000 0.8253906 0.0385417 0.0414062
9 0.5742188 0.3238281 0.0348958 0.0414062
7 0.6713542 0.4984375 0.0239583 0.0406250
11 0.4549479 0.3683594 0.0369792 0.0367188
7 0.5979167 0.1562500 0.0354167 0.0453125
7 0.5979167 0.5644531 0.0260417 0.0617188
11 0.5903646 0.2558594 0.0369792 0.0554687
8 0.5388021 0.3703125 0.0338542 0.0421875
7 0.6520833 0.2722656 0.0395833 0.0398437
8 0.5364583 0.4035156 0.0281250 0.0398437
11 0.3755208 0.4355469 0.0385417 0.0398437
6 0.6614583 0.5187500 0.0416667 0.0421875
7 0.3554688 0.5191406 0.0401042 0.0507812
10 0.6492187 0.3390625 0.0265625 0.0562500
9 0.5127604 0.3023438 0.0328125 0.0375000
