0 0.5265625 0.5320312 0.0447917 0.0343750
4 0.4320312 0.3703125 0.0567708 0.0500000
5 0.5679688 0.7707031 0.0557292 0.0367188
2 0.6083333 0.2457031 0.0354167 0.0867187
4 0.2744792 0.4933594 0.0583333 0.0382813
2 0.5851563 0.8226562 0.0390625 0.0718750
1 0.5981771 0.4191406 0.0505208 0.0367188
0 0.4486979 0.0964844 0.0348958 0.0460938
5 0.4552083 0.9046875 0.0500000 0.0421875
2 0.6578125 0.3097656 0.0552083 0.0460938
1 0.2945313 0.4937500 0.0546875 0.0390625
5 0.4093750 0.3714844 0.0583333 0.0398437
1 0.2877604 0.5960937 0.0286458 0.0578125
0 0.4281250 0.4742188 0.0572917 0.0484375
0 0.2932292 0.5968750 0.0572917 0.0593750
5 0.3854167 0.3035156 0.0395833 0.0632812
3 0.4760417 0.3812500 0.0458333 0.0453125
3 0.3236979 0.3671875 0.0463542 0.0531250
2 0.4580729 0.4304688 0.0276042 0.0468750
0 0.5895833 0.1648438 0.0312500 0.0343750
5 0.4888021 0.1214844 0.0348958 0.0570312
0 0.3791667 0.4867187 0.0489583 0.0406250
4 0.6960937 0.2183594 0.0401042 0.0523438
1 0.3807292 0.1089844 0.0500000 0.0414062
0 0.4565104 0.7425781 0.0348958 0.0710937
4 0.5682292 0.4839844 0.0250000 0.0554687
3 0.4507813 0.7164063 0.0348958 0.0781250
1 0.6588542 0.5074219 0.0500000 0.0507812
5 0.2723958 0.4488281 0.0406250 0.0695313
1 0.7276042 0.5222656 0.0552083 0.0414062
1 0.5075521 0.6660156 0.0328125 0.0679687
5 0.6885417 0.4367187 0.0489583 0.0578125
5 0.5497396 0.2109375 0.0390625 0.0546875
0 0.4296875 0.7648438 0.0510417 0.0453125
5 0.4526042 0.8933594 0.0395833 0.0398437
4 0.5679688 0.0421875 0.0453125 0.0546875
3 0.4747396 0.2808594 0.0546875 0.0429688
4 0.5580729 0.6871094 0.0515625 0.0320312
5 0.5205729 0.5687500 0.0432292 0.0390625
5 0.3932292 0.2980469 0.0531250 0.0382813
3 0.6338542 0.3980469 0.0531250 0.0554687
3 0.5838542 0.6253906 0.0520833 0.0554687
2 0.4531250 0.6230469 0.0520833 0.0601563
2 0.3575521 0.2511719 0.0473958 0.0367188
3 0.6570312 0.7726563 0.0296875 0.0671875
5 0.6281250 0.7066406 0.0468750 0.0570312
1 0.4455729 0.9148437 0.0536458 0.0687500
5 0.5476562 0.4023438 0.0588542 0.0421875
0 0.4341146 0.4800781 0.0317708 0.0335937
5 0.3877604 0.9125000 0.0317708 0.0796875
3 0.3861979 0.6375000 0.0432292 0.0500000
2 0.6205729 0.1605469 0.0411458 0.0398437
5 0.5317708 0.6406250 0.0479167 0.0562500
1 0.4807292 0.5121094 0.0312500 0.0492187
0 0.7067708 0.4644531 0.0520833 0.0320312
4 0.4216146 0.5867187 0.0286458 0.0703125
2 0.3364583 0.0578125 0.0468750 0.0578125
5 0.4565104 0.7281250 0.0380208 0.0437500
2 0.6341146 0.3695312 0.0265625 0.0359375
11 0.4934896 0.1976563 0.0380208 0.0578125
9 0.6817708 0.5625000 0.0531250 0.0515625
8 0.2804687 0.7097656 0.0369792 0.0554687
11 0.3479167 0.2679687 0.0552083 0.0671875
6 0.3156250 0.2691406 0.0562500 0.0554687
9 0.6140625 0.5589844 0.0500000 0.0492187
8 0.3000000 0.4019531 0.0479167 0.0601563
