4 0.3604167 0.6652344 0.0343750 0.0242188
3 0.4888021 0.2121094 0.0203125 0.0210938
2 0.7598958 0.2195313 0.0250000 0.0296875
2 0.5721354 0.3277344 0.0317708 0.0335937
4 0.3924479 0.3050781 0.0192708 0.0507812
5 0.3158854 0.6656250 0.0348958 0.0375000
4 0.5083333 0.4375000 0.0187500 0.0531250
0 0.4765625 0.2687500 0.0375000 0.0328125
0 0.5864583 0.6550781 0.0270833 0.0335937
1 0.5166667 0.5414062 0.0218750 0.0531250
4 0.6880208 0.4898438 0.0270833 0.0281250
1 0.6505208 0.3882813 0.0281250 0.0312500
5 0.3914063 0.8300781 0.0255208 0.0414062
3 0.7143229 0.4484375 0.0348958 0.0328125
4 0.4242187 0.4871094 0.0161458 0.0460938
2 0.6643229 0.4117188 0.0276042 0.0406250
5 0.6268229 0.6558594 0.0338542 0.0320312
3 0.3513021 0.8570313 0.0317708 0.0296875
1 0.3861979 0.6593750 0.0276042 0.0484375
3 0.6736979 0.6890625 0.0296875 0.0375000
4 0.5250000 0.4273438 0.0302083 0.0359375
0 0.5078125 0.3027344 0.0218750 0.0257812
0 0.2570312 0.5593750 0.0338542 0.0265625
1 0.4333333 0.7601562 0.0208333 0.0453125
10 0.6755208 0.6339844 0.0302083 0.0476562
10 0.5075521 0.7890625 0.0328125 0.0531250
9 0.2544271 0.6726562 0.0338542 0.0531250
10 0.4734375 0.4234375 0.0270833 0.0546875
6 0.4539063 0.7199219 0.0348958 0.0554687
9 0.5257812 0.6847656 0.0328125 0.0382813
10 0.5231771 0.3386719 0.0213542 0.0507812
