5 0.6630208 0.5511719 0.0343750 0.0320312
10 0.4734375 0.8597656 0.0375000 0.0617188
9 0.4476562 0.1636719 0.0401042 0.0617188
8 0.6356771 0.6878906 0.0442708 0.0539063
8 0.3265625 0.4582031 0.0385417 0.0382813
7 0.3604167 0.0972656 0.0322917 0.0601563
8 0.7221354 0.7347656 0.0453125 0.0554687
11 0.3786458 0.7984375 0.0406250 0.0406250
10 0.5111979 0.5402344 0.0307292 0.0664062
9 0.4252604 0.8660156 0.0296875 0.0617188
7 0.5427083 0.2085937 0.0427083 0.0421875
11 0.2911458 0.5101562 0.0375000 0.0640625
7 0.5994792 0.5558594 0.0385417 0.0585938
11 0.2846354 0.7042969 0.0421875 0.0648438
8 0.6179687 0.1015625 0.0411458 0.0406250
9 0.4367187 0.6589844 0.0307292 0.0382813
9 0.5263021 0.5964844 0.0401042 0.0398437
11 0.6723958 0.3292969 0.0385417 0.0382813
6 0.2627604 0.6617188 0.0401042 0.0453125
9 0.5671875 0.7332031 0.0447917 0.0523438
