2 0.4914062 0.2855469 0.0619792 0.0429688
0 0.6914062 0.6136719 0.0515625 0.0570312
5 0.7369792 0.4316406 0.0333333 0.0929688
5 0.5463542 0.3027344 0.0354167 0.0367188
2 0.5638021 0.7363281 0.0473958 0.0492187
0 0.4458333 0.3570313 0.0447917 0.0578125
0 0.3966146 0.3546875 0.0286458 0.0734375
2 0.7591146 0.4355469 0.0515625 0.0539063
0 0.7023438 0.7683594 0.0578125 0.0554687
0 0.4500000 0.4679687 0.0479167 0.0500000
5 0.7427083 0.5441406 0.0552083 0.0507812
4 0.7401042 0.5242187 0.0385417 0.0578125
4 0.6789063 0.3605469 0.0651042 0.0460938
5 0.3611979 0.3160156 0.0505208 0.0601563
5 0.2890625 0.7261719 0.0437500 0.0804688
5 0.3192708 0.6742187 0.0333333 0.0812500
3 0.6158854 0.2664063 0.0526042 0.0515625
4 0.7098958 0.0851563 0.0437500 0.0406250
3 0.5640625 0.4324219 0.0291667 0.0898438
5 0.5632812 0.6074219 0.0369792 0.0742188
0 0.5218750 0.3265625 0.0406250 0.0906250
1 0.5497396 0.5644531 0.0338542 0.0429688
2 0.7276042 0.4843750 0.0635417 0.0500000
5 0.4429688 0.6433594 0.0630208 0.0492187
3 0.4898438 0.8214844 0.0328125 0.0523438
0 0.3067708 0.5535156 0.0593750 0.0398437
1 0.4882812 0.2234375 0.0442708 0.0406250
4 0.4395833 0.2792969 0.0416667 0.0710937
5 0.3552083 0.2992187 0.0364583 0.0968750
1 0.5046875 0.6273437 0.0562500 0.0515625
0 0.6247396 0.1617187 0.0609375 0.0406250
0 0.2375000 0.2707031 0.0489583 0.0398437
1 0.7114583 0.3691406 0.0552083 0.0382813
3 0.4494792 0.2457031 0.0479167 0.0742188
2 0.3458333 0.4125000 0.0270833 0.0484375
1 0.3976562 0.7785156 0.0401042 0.0492187
2 0.2992187 0.5453125 0.0557292 0.0421875
2 0.6177083 0.6246094 0.0572917 0.0523438
4 0.3791667 0.2738281 0.0260417 0.0789062
4 0.5778646 0.6449219 0.0338542 0.0851563
2 0.4875000 0.9695312 0.0354167 0.0593750
3 0.5648437 0.5140625 0.0234375 0.0859375
5 0.5768229 0.1281250 0.0505208 0.0687500
0 0.4708333 0.4421875 0.0208333 0.0500000
2 0.6502604 0.3441406 0.0640625 0.0523438
2 0.4080729 0.5105469 0.0338542 0.0617188
3 0.4026042 0.2507813 0.0395833 0.0828125
6 0.4255208 0.4296875 0.0395833 0.0750000
9 0.4653646 0.1718750 0.0442708 0.0875000
7 0.4846354 0.5800781 0.0463542 0.0617188
6 0.5632812 0.3203125 0.0567708 0.0656250
10 0.3361979 0.6000000 0.0369792 0.0546875
11 0.4091146 0.6882812 0.0411458 0.0843750
6 0.3299479 0.7402344 0.0578125 0.0835937
7 0.5041667 0.6167969 0.0593750 0.0757812
8 0.6932292 0.4347656 0.0593750 0.0585938
8 0.4789062 0.2035156 0.0432292 0.0898438
11 0.7164063 0.5957031 0.0401042 0.0804688
7 0.6708333 0.5062500 0.0614583 0.0640625
10 0.7604167 0.2007812 0.0572917 0.0562500
