4 0.4580729 0.4167969 0.0171875 0.0367188
1 0.6822917 0.6500000 0.0270833 0.0265625
1 0.5317708 0.8007812 0.0291667 0.0296875
2 0.3528646 0.5566406 0.0307292 0.0304687
4 0.6901042 0.3941406 0.0281250 0.0210938
2 0.6533854 0.5644531 0.0296875 0.0273438
3 0.6893229 0.6667969 0.0109375 0.0351562
5 0.5260417 0.6187500 0.0250000 0.0234375
1 0.2773438 0.5472656 0.0244792 0.0367188
0 0.5546875 0.6082031 0.0197917 0.0414062
2 0.6325521 0.7582031 0.0203125 0.0507812
4 0.3593750 0.6386719 0.0281250 0.0210938
2 0.5963542 0.2925781 0.0302083 0.0210938
5 0.3843750 0.8476562 0.0135417 0.0203125
2 0.6541667 0.3300781 0.0281250 0.0195312
2 0.5726562 0.7371094 0.0276042 0.0242188
3 0.6049479 0.3113281 0.0213542 0.0210938
0 0.5255208 0.3417969 0.0229167 0.0414062
0 0.4445312 0.4136719 0.0171875 0.0367188
2 0.6658854 0.4816406 0.0286458 0.0304687
4 0.7335938 0.4976563 0.0255208 0.0328125
1 0.3924479 0.4789062 0.0328125 0.0281250
4 0.5846354 0.3640625 0.0296875 0.0296875
4 0.6945313 0.2792969 0.0192708 0.0398437
1 0.5036458 0.8523437 0.0302083 0.0218750
0 0.6731771 0.2179687 0.0317708 0.0218750
2 0.6276042 0.5585938 0.0281250 0.0203125
0 0.4841146 0.3789062 0.0182292 0.0359375
2 0.3848958 0.5437500 0.0260417 0.0171875
1 0.5906250 0.4937500 0.0250000 0.0281250
2 0.3976562 0.3296875 0.0171875 0.0218750
3 0.6804687 0.5714844 0.0276042 0.0242188
0 0.3653646 0.3117187 0.0140625 0.0437500
2 0.5109375 0.7570313 0.0281250 0.0218750
0 0.7486979 0.3203125 0.0307292 0.0234375
2 0.4817708 0.7265625 0.0156250 0.0484375
0 0.6570312 0.5937500 0.0307292 0.0234375
0 0.4643229 0.7808594 0.0223958 0.0242188
2 0.7500000 0.7105469 0.0291667 0.0273438
0 0.7039062 0.8714844 0.0119792 0.0351562
3 0.6049479 0.4949219 0.0223958 0.0367188
5 0.4296875 0.7546875 0.0312500 0.0218750
1 0.5528646 0.7898437 0.0192708 0.0203125
5 0.4223958 0.6984375 0.0281250 0.0203125
5 0.3343750 0.6816406 0.0291667 0.0304687
0 0.4919271 0.3378906 0.0234375 0.0289063
2 0.7052083 0.6375000 0.0270833 0.0359375
0 0.3619792 0.5718750 0.0135417 0.0437500
5 0.4671875 0.7457031 0.0229167 0.0289063
2 0.7252604 0.4285156 0.0265625 0.0226562
1 0.6039062 0.9058594 0.0140625 0.0429688
5 0.3440104 0.4453125 0.0192708 0.0359375
8 0.3486979 0.4750000 0.0307292 0.0312500
10 0.7093750 0.4488281 0.0291667 0.0273438
8 0.5195312 0.8128906 0.0286458 0.0335937
11 0.4940104 0.6324219 0.0213542 0.0351562
10 0.3898437 0.5496094 0.0307292 0.0320312
11 0.3651042 0.3101563 0.0281250 0.0312500
11 0.4359375 0.1855469 0.0270833 0.0273438
7 0.5104167 0.7617188 0.0260417 0.0265625
6 0.4979167 0.5062500 0.0177083 0.0406250
11 0.6908854 0.7242188 0.0265625 0.0250000
8 0.7239583 0.5539063 0.0291667 0.0375000
