5 0.2804687 0.5066406 0.0328125 0.0382813
3 0.4770833 0.4960938 0.0333333 0.0265625
5 0.4255208 0.4429688 0.0260417 0.0562500
2 0.4513021 0.4097656 0.0265625 0.0460938
1 0.5955729 0.5238281 0.0380208 0.0242188
0 0.4570312 0.6773438 0.0265625 0.0453125
1 0.4169271 0.4027344 0.0421875 0.0320312
3 0.5906250 0.7343750 0.0239583 0.0484375
2 0.7502604 0.5710937 0.0328125 0.0562500
4 0.3447917 0.2246094 0.0250000 0.0414062
0 0.4841146 0.7679687 0.0411458 0.0281250
4 0.6317708 0.2535156 0.0395833 0.0257812
2 0.3796875 0.5390625 0.0302083 0.0500000
3 0.4143229 0.6796875 0.0203125 0.0578125
4 0.5994792 0.5500000 0.0416667 0.0265625
5 0.6299479 0.5871094 0.0317708 0.0382813
4 0.6468750 0.4984375 0.0395833 0.0312500
1 0.5419271 0.6980469 0.0390625 0.0414062
3 0.4559896 0.7011719 0.0317708 0.0398437
2 0.6192708 0.4789062 0.0218750 0.0296875
4 0.7757812 0.4996094 0.0390625 0.0351562
5 0.4726562 0.1824219 0.0328125 0.0304687
4 0.3638021 0.7960938 0.0244792 0.0656250
3 0.5789062 0.6257812 0.0369792 0.0250000
0 0.6812500 0.6605469 0.0270833 0.0382813
3 0.3330729 0.2945313 0.0401042 0.0312500
5 0.6489583 0.2539062 0.0270833 0.0328125
5 0.6367188 0.5179687 0.0348958 0.0515625
0 0.5539063 0.7507812 0.0286458 0.0281250
0 0.3947917 0.6824219 0.0437500 0.0304687
3 0.4208333 0.1929687 0.0302083 0.0468750
2 0.3898437 0.4250000 0.0223958 0.0296875
3 0.5377604 0.4554687 0.0369792 0.0390625
1 0.5445313 0.3320312 0.0182292 0.0250000
0 0.7299479 0.4589844 0.0328125 0.0226562
0 0.5958333 0.3074219 0.0395833 0.0273438
1 0.2794271 0.7417969 0.0234375 0.0554687
4 0.5669271 0.4023438 0.0244792 0.0421875
3 0.5541667 0.3574219 0.0416667 0.0273438
4 0.7039062 0.3765625 0.0338542 0.0437500
0 0.5752604 0.5523438 0.0338542 0.0375000
5 0.6507812 0.4445312 0.0390625 0.0265625
2 0.6942708 0.7980469 0.0395833 0.0242188
4 0.4395833 0.2906250 0.0250000 0.0453125
2 0.4304688 0.2996094 0.0390625 0.0351562
1 0.3763021 0.5582031 0.0380208 0.0320312
4 0.6536458 0.2265625 0.0354167 0.0390625
1 0.2648437 0.3851562 0.0244792 0.0562500
2 0.5018229 0.9914063 0.0223958 0.0156250
7 0.3773437 0.7593750 0.0276042 0.0453125
6 0.7705729 0.4996094 0.0380208 0.0554687
7 0.4984375 0.4042969 0.0250000 0.0414062
8 0.4364583 0.7503906 0.0364583 0.0507812
7 0.4966146 0.7582031 0.0338542 0.0335937
6 0.7104167 0.3984375 0.0270833 0.0609375
