0 0.6841146 0.5992188 0.0265625 0.0187500
1 0.5486979 0.7105469 0.0171875 0.0195312
4 0.5533854 0.6562500 0.0171875 0.0171875
4 0.4888021 0.7621094 0.0130208 0.0304687
4 0.6335937 0.6574219 0.0255208 0.0273438
3 0.5033854 0.3546875 0.0140625 0.0234375
0 0.4838542 0.4605469 0.0239583 0.0242188
3 0.5406250 0.8726563 0.0270833 0.0265625
1 0.5273438 0.5867187 0.0265625 0.0265625
0 0.5791667 0.5449219 0.0156250 0.0367188
3 0.6312500 0.4191406 0.0187500 0.0382813
5 0.4533854 0.3472656 0.0265625 0.0195312
2 0.4640625 0.4250000 0.0260417 0.0187500
2 0.5234375 0.6570312 0.0187500 0.0406250
3 0.6684896 0.7824219 0.0265625 0.0257812
4 0.5729167 0.6527344 0.0239583 0.0351562
5 0.3687500 0.1597656 0.0166667 0.0398437
0 0.5039062 0.5925781 0.0171875 0.0226562
1 0.5643229 0.4000000 0.0130208 0.0406250
4 0.3947917 0.4414062 0.0145833 0.0171875
0 0.5203125 0.6039062 0.0156250 0.0375000
0 0.4182292 0.6882812 0.0187500 0.0390625
2 0.5473958 0.2085937 0.0156250 0.0265625
2 0.6226563 0.2332031 0.0276042 0.0195312
5 0.3453125 0.7289062 0.0260417 0.0187500
2 0.7182292 0.5609375 0.0239583 0.0265625
4 0.4236979 0.7753906 0.0203125 0.0257812
3 0.6028646 0.5980469 0.0192708 0.0320312
3 0.4903646 0.6667969 0.0151042 0.0335937
2 0.6601562 0.5925781 0.0140625 0.0242188
0 0.4992187 0.7378906 0.0213542 0.0210938
2 0.5638021 0.6566406 0.0255208 0.0257812
5 0.5473958 0.3437500 0.0281250 0.0203125
0 0.4307292 0.4945312 0.0104167 0.0328125
4 0.4231771 0.6746094 0.0130208 0.0382813
2 0.3565104 0.5082031 0.0286458 0.0226562
1 0.7013021 0.6273437 0.0192708 0.0218750
3 0.6291667 0.7203125 0.0145833 0.0406250
1 0.2476562 0.4976563 0.0203125 0.0281250
1 0.4325521 0.5527344 0.0151042 0.0414062
2 0.3343750 0.2554688 0.0177083 0.0281250
3 0.6294271 0.5648437 0.0265625 0.0218750
5 0.6835938 0.3128906 0.0244792 0.0273438
0 0.5570312 0.4410156 0.0244792 0.0242188
1 0.4809896 0.6800781 0.0161458 0.0210938
1 0.4750000 0.4027344 0.0177083 0.0273438
3 0.5260417 0.6207031 0.0156250 0.0257812
3 0.6924479 0.2863281 0.0286458 0.0210938
4 0.5601563 0.6226563 0.0171875 0.0390625
2 0.6989583 0.5785156 0.0281250 0.0226562
5 0.5747396 0.5929688 0.0151042 0.0234375
5 0.2015625 0.4460938 0.0197917 0.0296875
5 0.3960938 0.5148438 0.0286458 0.0203125
3 0.6067708 0.4929688 0.0270833 0.0187500
4 0.6382813 0.6679688 0.0244792 0.0281250
8 0.6765625 0.4050781 0.0250000 0.0382813
9 0.4825521 0.2242187 0.0182292 0.0406250
7 0.4333333 0.5152344 0.0218750 0.0289063
6 0.3953125 0.4015625 0.0239583 0.0312500
7 0.3614583 0.3675781 0.0177083 0.0273438
7 0.4476562 0.2832031 0.0244792 0.0414062
9 0.5929688 0.5746094 0.0171875 0.0398437
6 0.5700521 0.3742187 0.0276042 0.0265625
7 0.5606771 0.3824219 0.0244792 0.0257812
8 0.3091146 0.3570313 0.0203125 0.0406250
7 0.4218750 0.9050781 0.0177083 0.0398437
11 0.5200521 0.2613281 0.0244792 0.0273438
8 0.4312500 0.6152344 0.0250000 0.0304687
8 0.6640625 0.4847656 0.0218750 0.0257812
10 0.4658854 0.8027344 0.0182292 0.0242188
9 0.7625000 0.6089844 0.0187500 0.0414062
