1 0.3132813 0.7648438 0.0171875 0.0265625
0 0.4794271 0.3996094 0.0234375 0.0195312
2 0.4398437 0.7503906 0.0130208 0.0367188
5 0.5846354 0.2500000 0.0234375 0.0171875
5 0.6268229 0.6984375 0.0140625 0.0390625
2 0.5851563 0.2902344 0.0223958 0.0164063
2 0.5851563 0.4996094 0.0140625 0.0382813
3 0.6296875 0.3796875 0.0187500 0.0281250
4 0.2260417 0.6578125 0.0260417 0.0218750
0 0.5752604 0.5125000 0.0130208 0.0296875
4 0.7028646 0.5847656 0.0255208 0.0179687
5 0.4770833 0.4667969 0.0135417 0.0257812
1 0.4929688 0.7929688 0.0203125 0.0171875
0 0.5322917 0.2164062 0.0177083 0.0312500
0 0.5544271 0.6078125 0.0223958 0.0187500
3 0.4890625 0.2488281 0.0135417 0.0304687
3 0.3710938 0.6347656 0.0213542 0.0226562
4 0.4585938 0.7566406 0.0234375 0.0242188
4 0.3942708 0.6023437 0.0145833 0.0171875
3 0.4549479 0.6679688 0.0161458 0.0156250
1 0.4726562 0.2281250 0.0213542 0.0250000
5 0.5596354 0.3640625 0.0234375 0.0218750
5 0.6031250 0.6390625 0.0125000 0.0312500
1 0.3927083 0.4628906 0.0177083 0.0398437
1 0.6562500 0.1812500 0.0239583 0.0156250
4 0.8015625 0.6523438 0.0229167 0.0218750
5 0.3968750 0.2753906 0.0218750 0.0210938
1 0.3085938 0.3191406 0.0109375 0.0351562
1 0.4067708 0.3437500 0.0208333 0.0187500
5 0.6710938 0.5718750 0.0192708 0.0187500
0 0.3981771 0.6066406 0.0234375 0.0148437
3 0.4466146 0.7734375 0.0119792 0.0343750
4 0.2835937 0.6109375 0.0244792 0.0171875
0 0.4598958 0.7437500 0.0166667 0.0203125
0 0.6955729 0.1718750 0.0161458 0.0296875
11 0.5125000 0.3382812 0.0166667 0.0343750
9 0.3005208 0.3972656 0.0239583 0.0320312
9 0.4919271 0.7273437 0.0234375 0.0234375
8 0.2976563 0.4519531 0.0140625 0.0273438
7 0.6348958 0.6082031 0.0166667 0.0226562
8 0.4861979 0.0984375 0.0161458 0.0375000
6 0.3505208 0.4917969 0.0145833 0.0289063
8 0.4033854 0.5777344 0.0223958 0.0242188
6 0.4958333 0.2976563 0.0166667 0.0250000
6 0.6750000 0.1433594 0.0239583 0.0226562
6 0.5210938 0.6402344 0.0182292 0.0242188
11 0.6286458 0.7121094 0.0218750 0.0226562
8 0.6278646 0.8832031 0.0234375 0.0226562
11 0.5130208 0.2433594 0.0156250 0.0257812
10 0.5601563 0.8851562 0.0213542 0.0265625
9 0.6190104 0.6187500 0.0203125 0.0281250
8 0.6390625 0.6835938 0.0197917 0.0296875
6 0.7549479 0.5785156 0.0223958 0.0289063
11 0.4250000 0.3152344 0.0208333 0.0273438
