0 0.5132813 0.8066406 0.0536458 0.0523438
0 0.3166667 0.2089844 0.0666667 0.0585938
1 0.4354167 0.6625000 0.0645833 0.1265625
2 0.6437500 0.5554687 0.0593750 0.0937500
5 0.3674479 0.7195312 0.0942708 0.0750000
4 0.6598958 0.4597656 0.0750000 0.0835937
2 0.3919271 0.7644531 0.0484375 0.1429688
1 0.7372396 0.6582031 0.0921875 0.0664062
5 0.3309896 0.6574219 0.0494792 0.0601563
4 0.7731771 0.2878906 0.0963542 0.0742188
2 0.7268229 0.5484375 0.0838542 0.0687500
5 0.3388021 0.6355469 0.0630208 0.1007813
0 0.6007813 0.2996094 0.0453125 0.1210938
1 0.2932292 0.2796875 0.0552083 0.0718750
0 0.4026042 0.3945312 0.0583333 0.0687500
1 0.4158854 0.2312500 0.0692708 0.1296875
0 0.6289062 0.3527344 0.0442708 0.0585938
4 0.4731771 0.5855469 0.0682292 0.1164063
0 0.4320312 0.6289062 0.0515625 0.1515625
0 0.6976562 0.6222656 0.1015625 0.0835937
1 0.4138021 0.6242188 0.0828125 0.0921875
4 0.7205729 0.1824219 0.0942708 0.0570312
4 0.6828125 0.7472656 0.0458333 0.1351563
0 0.3958333 0.8718750 0.0416667 0.1359375
5 0.3515625 0.2500000 0.0833333 0.0484375
0 0.3156250 0.3531250 0.0812500 0.0546875
2 0.6234375 0.4945312 0.0989583 0.0656250
5 0.5763021 0.2328125 0.0921875 0.0656250
3 0.7546875 0.5472656 0.0989583 0.0773438
3 0.6822917 0.3476562 0.0927083 0.0875000
0 0.4528646 0.6777344 0.0692708 0.1117188
1 0.4583333 0.8675781 0.0979167 0.0757812
4 0.2807292 0.4742188 0.0895833 0.0718750
0 0.6419271 0.7648438 0.0973958 0.0671875
1 0.2828125 0.2789063 0.0875000 0.0671875
3 0.7041667 0.6667969 0.0770833 0.0554687
5 0.6536458 0.3097656 0.0468750 0.1273438
4 0.5494792 0.9226562 0.0354167 0.0765625
2 0.5640625 0.7625000 0.0885417 0.0687500
2 0.7486979 0.2703125 0.0994792 0.0750000
0 0.6973958 0.2781250 0.0708333 0.0953125
3 0.5934896 0.4621094 0.0869792 0.0523438
2 0.6658854 0.2789063 0.0880208 0.0750000
1 0.6382813 0.2011719 0.0692708 0.0867187
2 0.5091146 0.2656250 0.0411458 0.1156250
1 0.3804688 0.4601562 0.0494792 0.1484375
4 0.2908854 0.6437500 0.0463542 0.1171875
1 0.4325521 0.2121094 0.0536458 0.1132812
2 0.4067708 0.7976562 0.0770833 0.0906250
0 0.5346354 0.2183594 0.0890625 0.0664062
3 0.6151042 0.5914063 0.0593750 0.0703125
4 0.5768229 0.2671875 0.0526042 0.1500000
5 0.6661458 0.3468750 0.0708333 0.0640625
2 0.5364583 0.1519531 0.0906250 0.0804688
3 0.4039063 0.1878906 0.0598958 0.0742188
3 0.6557292 0.7574219 0.0562500 0.0742188
3 0.6796875 0.3191406 0.0812500 0.0773438
2 0.2596354 0.7960938 0.0557292 0.1359375
2 0.7260417 0.5109375 0.0531250 0.1140625
1 0.6703125 0.4457031 0.1000000 0.0695313
0 0.5205729 0.1527344 0.0890625 0.0742188
3 0.2677083 0.3171875 0.0458333 0.1281250
1 0.3671875 0.1859375 0.0437500 0.1437500
10 0.5864583 0.7437500 0.0822917 0.0796875
11 0.5151042 0.3859375 0.0781250 0.0765625
9 0.3630208 0.3421875 0.0718750 0.1359375
6 0.5739583 0.2074219 0.0593750 0.0898438
9 0.5138021 0.4484375 0.0776042 0.0796875
6 0.4697917 0.4574219 0.0687500 0.0851563
8 0.4098958 0.7593750 0.0697917 0.1375000
10 0.6299479 0.5460938 0.0807292 0.0875000
10 0.3710938 0.6808594 0.0546875 0.1226562
10 0.2817708 0.3628906 0.0750000 0.0929688
11 0.5291667 0.4562500 0.0604167 0.1281250
11 0.5437500 0.8750000 0.0635417 0.1250000
9 0.5598958 0.2203125 0.0937500 0.1015625
10 0.4692708 0.4011719 0.0677083 0.0882813
10 0.5187500 0.5140625 0.0562500 0.1171875
9 0.7367187 0.7886719 0.0880208 0.0867187
8 0.6807292 0.2867188 0.0583333 0.1093750
