1 0.5291667 0.4960938 0.0312500 0.0359375
1 0.6281250 0.7183594 0.0177083 0.0539063
1 0.4622396 0.5632812 0.0171875 0.0312500
2 0.5552083 0.6238281 0.0177083 0.0398437
1 0.4947917 0.0941406 0.0239583 0.0476562
4 0.3539062 0.4835937 0.0203125 0.0484375
3 0.5104167 0.4046875 0.0322917 0.0328125
5 0.3231771 0.9472656 0.0359375 0.0273438
2 0.6528646 0.2863281 0.0369792 0.0304687
4 0.5460938 0.4269531 0.0338542 0.0335937
4 0.3572917 0.7085938 0.0291667 0.0500000
5 0.6942708 0.4152344 0.0260417 0.0320312
0 0.6098958 0.6628906 0.0354167 0.0273438
3 0.4179688 0.5984375 0.0213542 0.0593750
2 0.4148438 0.5070313 0.0348958 0.0265625
4 0.3742187 0.6199219 0.0192708 0.0539063
3 0.4130208 0.4562500 0.0312500 0.0296875
3 0.6072917 0.2050781 0.0333333 0.0257812
3 0.3039062 0.4507813 0.0390625 0.0296875
5 0.2791667 0.5894531 0.0218750 0.0257812
2 0.5833333 0.5148438 0.0343750 0.0281250
5 0.6000000 0.6929688 0.0302083 0.0328125
5 0.3093750 0.2101562 0.0322917 0.0250000
1 0.6031250 0.1660156 0.0302083 0.0304687
0 0.3453125 0.4308594 0.0187500 0.0382813
4 0.4083333 0.6683594 0.0156250 0.0476562
1 0.6367188 0.2863281 0.0276042 0.0414062
0 0.4989583 0.8601562 0.0322917 0.0281250
5 0.6653646 0.3507812 0.0348958 0.0234375
4 0.6562500 0.4253906 0.0156250 0.0476562
3 0.4643229 0.4546875 0.0369792 0.0250000
4 0.6502604 0.8960938 0.0140625 0.0562500
0 0.5476562 0.5421875 0.0213542 0.0296875
4 0.3986979 0.3171875 0.0192708 0.0406250
0 0.5778646 0.5078125 0.0265625 0.0312500
1 0.4736979 0.6113281 0.0234375 0.0320312
0 0.3854167 0.6609375 0.0322917 0.0296875
1 0.6125000 0.3324219 0.0333333 0.0273438
0 0.5528646 0.5601563 0.0359375 0.0296875
2 0.4630208 0.4453125 0.0354167 0.0250000
2 0.4252604 0.6257812 0.0182292 0.0515625
0 0.5221354 0.4234375 0.0317708 0.0312500
3 0.3401042 0.6105469 0.0354167 0.0242188
0 0.5968750 0.2937500 0.0281250 0.0296875
5 0.6174479 0.6371094 0.0307292 0.0304687
4 0.4093750 0.7519531 0.0187500 0.0554687
3 0.4562500 0.6871094 0.0156250 0.0289063
2 0.4054687 0.5355469 0.0203125 0.0304687
1 0.7283854 0.7535156 0.0380208 0.0257812
1 0.4427083 0.5136719 0.0177083 0.0242188
0 0.5955729 0.4359375 0.0369792 0.0265625
5 0.6986979 0.6519531 0.0276042 0.0304687
1 0.5794271 0.6257812 0.0286458 0.0328125
3 0.3591146 0.4222656 0.0151042 0.0351562
5 0.3763021 0.6074219 0.0171875 0.0507812
2 0.4937500 0.5917969 0.0177083 0.0335937
0 0.4492188 0.7402344 0.0255208 0.0273438
3 0.5455729 0.2742188 0.0255208 0.0265625
2 0.4817708 0.8593750 0.0322917 0.0296875
1 0.4716146 0.5281250 0.0234375 0.0234375
4 0.6255208 0.5953125 0.0354167 0.0234375
5 0.4046875 0.4375000 0.0354167 0.0218750
0 0.6734375 0.7203125 0.0229167 0.0515625
2 0.4666667 0.6214844 0.0260417 0.0523438
2 0.4252604 0.6714844 0.0369792 0.0257812
3 0.2794271 0.6335937 0.0338542 0.0265625
0 0.4372396 0.3046875 0.0182292 0.0359375
3 0.6958333 0.2183594 0.0260417 0.0304687
1 0.4117188 0.2437500 0.0223958 0.0250000
0 0.6111979 0.6085938 0.0338542 0.0187500
5 0.5942708 0.5972656 0.0333333 0.0242188
2 0.5856771 0.3003906 0.0338542 0.0320312
5 0.4895833 0.4250000 0.0270833 0.0406250
0 0.5731771 0.8191406 0.0328125 0.0335937
0 0.2976563 0.6160156 0.0213542 0.0429688
1 0.5218750 0.5984375 0.0291667 0.0312500
0 0.6328125 0.4667969 0.0322917 0.0226562
2 0.3802083 0.7273437 0.0322917 0.0218750
4 0.5229167 0.4105469 0.0156250 0.0320312
9 0.7052083 0.3871094 0.0333333 0.0320312
8 0.7085938 0.7109375 0.0348958 0.0421875
10 0.5072917 0.2554688 0.0302083 0.0500000
9 0.5789062 0.6480469 0.0276042 0.0523438
11 0.4057292 0.7507812 0.0343750 0.0343750
9 0.6351562 0.5539063 0.0234375 0.0515625
7 0.4893229 0.2500000 0.0307292 0.0531250
11 0.5562500 0.2496094 0.0218750 0.0476562
9 0.3192708 0.7531250 0.0291667 0.0484375
11 0.7544271 0.5402344 0.0307292 0.0382813
6 0.3848958 0.7843750 0.0250000 0.0515625
