0 0.4591146 0.7027344 0.0776042 0.1742188
5 0.6343750 0.7949219 0.1062500 0.1226562
2 0.4528646 0.7312500 0.0578125 0.1812500
2 0.3382812 0.6082031 0.0526042 0.1117188
2 0.4036458 0.0734375 0.1208333 0.0859375
2 0.6940104 0.6851563 0.1057292 0.1375000
3 0.3169271 0.4250000 0.1276042 0.0906250
1 0.4070313 0.5843750 0.0786458 0.1718750
4 0.7208333 0.3667969 0.0968750 0.1492188
3 0.5927083 0.7726563 0.0812500 0.1375000
1 0.5156250 0.6031250 0.0635417 0.1031250
4 0.2195313 0.4035156 0.1255208 0.1101562
0 0.2309896 0.6773438 0.0953125 0.1312500
4 0.5440104 0.8250000 0.0630208 0.0828125
2 0.3411458 0.7656250 0.1156250 0.1062500
5 0.4317708 0.3996094 0.1145833 0.0820312
4 0.6023437 0.3839844 0.1015625 0.0914062
3 0.2924479 0.0718750 0.1255208 0.0890625
0 0.2690104 0.2222656 0.1098958 0.0773438
4 0.8171875 0.4605469 0.1135417 0.0851563
0 0.2450521 0.3343750 0.1130208 0.0984375
0 0.5054688 0.6902344 0.1171875 0.0867187
3 0.2041667 0.3574219 0.0989583 0.1367188
5 0.5411458 0.4085937 0.0520833 0.1031250
5 0.7997396 0.3980469 0.0869792 0.1007813
0 0.4033854 0.4933594 0.0526042 0.1289062
3 0.5627604 0.2457031 0.0869792 0.0789062
3 0.6572917 0.8304687 0.1052083 0.1359375
2 0.2223958 0.5472656 0.1072917 0.1023437
5 0.3062500 0.5210938 0.1072917 0.0953125
1 0.4088542 0.4468750 0.1135417 0.1109375
5 0.7416667 0.3242188 0.1114583 0.0937500
5 0.5593750 0.3593750 0.0895833 0.1546875
1 0.6895833 0.2343750 0.1093750 0.0703125
5 0.3955729 0.7898437 0.0817708 0.1203125
5 0.4239583 0.4300781 0.1208333 0.0804688
2 0.3981771 0.4187500 0.1171875 0.0750000
4 0.7294271 0.6445312 0.1119792 0.1125000
3 0.3315104 0.4976563 0.0630208 0.0953125
0 0.7002604 0.5664062 0.1067708 0.1093750
1 0.5333333 0.5488281 0.1250000 0.1257813
1 0.3385417 0.8511719 0.1250000 0.0914062
0 0.3406250 0.4906250 0.0489583 0.1406250
5 0.6744792 0.5546875 0.1083333 0.0984375
3 0.6554688 0.6878906 0.0619792 0.1101562
5 0.6252604 0.5359375 0.1026042 0.1078125
4 0.5630208 0.2371094 0.1114583 0.0976562
10 0.3799479 0.6593750 0.1119792 0.1328125
10 0.2921875 0.2597656 0.0989583 0.1585938
10 0.3911458 0.9203125 0.1031250 0.1515625
7 0.5002604 0.8054687 0.1067708 0.1671875
9 0.5934896 0.3320312 0.1151042 0.1140625
10 0.3125000 0.9136719 0.1083333 0.1242188
