4 0.4880208 0.4343750 0.0177083 0.0281250
4 0.5507812 0.6167969 0.0317708 0.0289063
1 0.3854167 0.3625000 0.0135417 0.0437500
2 0.6229167 0.2507813 0.0322917 0.0218750
0 0.6164063 0.6925781 0.0130208 0.0210938
2 0.5825521 0.2050781 0.0192708 0.0539063
4 0.4846354 0.6265625 0.0161458 0.0468750
2 0.3864583 0.5789062 0.0312500 0.0203125
5 0.4223958 0.6097656 0.0239583 0.0226562
5 0.4005208 0.6480469 0.0187500 0.0289063
1 0.5502604 0.5613281 0.0255208 0.0289063
3 0.6557292 0.7261719 0.0302083 0.0273438
0 0.6945313 0.5269531 0.0213542 0.0367188
4 0.7075521 0.5707031 0.0234375 0.0335937
2 0.6010417 0.2031250 0.0177083 0.0390625
0 0.4835937 0.2687500 0.0265625 0.0312500
0 0.4947917 0.2457031 0.0343750 0.0242188
4 0.5062500 0.6281250 0.0291667 0.0203125
1 0.3390625 0.6242188 0.0229167 0.0296875
4 0.6002604 0.7535156 0.0140625 0.0445313
2 0.6158854 0.5292969 0.0213542 0.0304687
3 0.8158854 0.5019531 0.0265625 0.0304687
0 0.5226563 0.8324219 0.0203125 0.0476562
1 0.5000000 0.8738281 0.0260417 0.0414062
2 0.5046875 0.6046875 0.0260417 0.0312500
0 0.6166667 0.7085938 0.0187500 0.0484375
3 0.5802083 0.3144531 0.0270833 0.0226562
0 0.5263021 0.7531250 0.0171875 0.0250000
0 0.4968750 0.4812500 0.0229167 0.0359375
2 0.3171875 0.6812500 0.0270833 0.0390625
3 0.5216146 0.7250000 0.0328125 0.0218750
5 0.5846354 0.6585937 0.0317708 0.0250000
3 0.7520833 0.1066406 0.0302083 0.0226562
2 0.7406250 0.8019531 0.0270833 0.0273438
3 0.6072917 0.5117188 0.0166667 0.0375000
5 0.5354167 0.6480469 0.0218750 0.0335937
5 0.6851563 0.6812500 0.0276042 0.0281250
1 0.2875000 0.8515625 0.0229167 0.0296875
3 0.5617188 0.9250000 0.0203125 0.0406250
1 0.2424479 0.3144531 0.0244792 0.0320312
1 0.4106771 0.7101563 0.0171875 0.0281250
4 0.5963542 0.6746094 0.0125000 0.0460938
5 0.4447917 0.3574219 0.0322917 0.0273438
4 0.4135417 0.3242188 0.0260417 0.0390625
2 0.6518229 0.6226563 0.0296875 0.0218750
1 0.6703125 0.1582031 0.0177083 0.0195312
7 0.4127604 0.8574219 0.0213542 0.0476562
9 0.3257813 0.6351562 0.0328125 0.0375000
7 0.4328125 0.3078125 0.0229167 0.0312500
