5 0.5359375 0.3488281 0.0145833 0.0335937
3 0.6135417 0.8609375 0.0239583 0.0171875
4 0.6466146 0.6625000 0.0119792 0.0328125
4 0.5151042 0.2964844 0.0250000 0.0179687
5 0.5213542 0.3687500 0.0156250 0.0187500
4 0.6820312 0.5121094 0.0109375 0.0257812
1 0.4929688 0.5480469 0.0130208 0.0304687
5 0.5786458 0.5878906 0.0239583 0.0164063
3 0.3273437 0.6488281 0.0213542 0.0273438
5 0.5466146 0.6296875 0.0255208 0.0234375
3 0.4559896 0.7863281 0.0182292 0.0335937
3 0.5635417 0.4066406 0.0197917 0.0226562
3 0.5020833 0.2843750 0.0218750 0.0187500
2 0.3468750 0.5722656 0.0125000 0.0179687
3 0.4898438 0.7328125 0.0223958 0.0187500
1 0.5989583 0.8410156 0.0187500 0.0195312
1 0.5877604 0.5722656 0.0119792 0.0148437
0 0.3763021 0.7441406 0.0203125 0.0210938
2 0.3268229 0.3074219 0.0119792 0.0351562
1 0.5817708 0.5871094 0.0114583 0.0195312
1 0.4898438 0.8332031 0.0223958 0.0226562
4 0.5000000 0.4125000 0.0135417 0.0281250
3 0.5156250 0.7761719 0.0239583 0.0164063
0 0.2294271 0.3527344 0.0213542 0.0273438
6 0.4763021 0.4218750 0.0151042 0.0234375
11 0.7635417 0.4761719 0.0239583 0.0289063
9 0.4283854 0.2085937 0.0234375 0.0265625
9 0.5164062 0.3101563 0.0140625 0.0296875
