5 0.7260417 0.3734375 0.0239583 0.0234375
2 0.5606771 0.2722656 0.0244792 0.0242188
4 0.5294271 0.2933594 0.0151042 0.0367188
4 0.6200521 0.5390625 0.0140625 0.0265625
2 0.2705729 0.8445312 0.0223958 0.0187500
5 0.5799479 0.1058594 0.0161458 0.0367188
0 0.4263021 0.7535156 0.0244792 0.0164063
1 0.2895833 0.3027344 0.0270833 0.0195312
5 0.6083333 0.5382813 0.0270833 0.0203125
5 0.7255208 0.4085937 0.0229167 0.0171875
0 0.5424479 0.6996094 0.0265625 0.0195312
1 0.5424479 0.7578125 0.0244792 0.0203125
0 0.3057292 0.2683594 0.0239583 0.0179687
2 0.5776042 0.6300781 0.0156250 0.0367188
4 0.2296875 0.5890625 0.0187500 0.0171875
3 0.7250000 0.5976562 0.0208333 0.0296875
3 0.4721354 0.3929687 0.0255208 0.0187500
2 0.3861979 0.3453125 0.0161458 0.0250000
3 0.6445312 0.5109375 0.0161458 0.0359375
5 0.4544271 0.2367188 0.0244792 0.0171875
4 0.4559896 0.8191406 0.0244792 0.0164063
5 0.3953125 0.3449219 0.0229167 0.0210938
0 0.7265625 0.2894531 0.0250000 0.0195312
5 0.3161458 0.4164062 0.0218750 0.0265625
1 0.7718750 0.5242187 0.0229167 0.0218750
1 0.6677083 0.4062500 0.0229167 0.0203125
0 0.5385417 0.3125000 0.0197917 0.0203125
1 0.3921875 0.5882812 0.0135417 0.0265625
1 0.3867188 0.7675781 0.0171875 0.0320312
0 0.5289063 0.7027344 0.0192708 0.0257812
1 0.4106771 0.5378906 0.0192708 0.0164063
5 0.3937500 0.5476562 0.0177083 0.0250000
5 0.7031250 0.3179688 0.0270833 0.0218750
5 0.6807292 0.4593750 0.0218750 0.0171875
1 0.5523438 0.1906250 0.0182292 0.0296875
5 0.7046875 0.3296875 0.0218750 0.0281250
5 0.3065104 0.5304688 0.0130208 0.0296875
5 0.3518229 0.1683594 0.0130208 0.0257812
2 0.3291667 0.6027344 0.0270833 0.0195312
3 0.5942708 0.7496094 0.0177083 0.0226562
8 0.6721354 0.2132813 0.0234375 0.0234375
7 0.5018229 0.8332031 0.0192708 0.0289063
11 0.5013021 0.5820312 0.0223958 0.0218750
8 0.6479167 0.4679687 0.0208333 0.0359375
8 0.5739583 0.2398437 0.0229167 0.0296875
11 0.4242187 0.3203125 0.0234375 0.0250000
11 0.7171875 0.5816406 0.0229167 0.0320312
9 0.6768229 0.9199219 0.0192708 0.0367188
10 0.6026042 0.3562500 0.0156250 0.0359375
6 0.5674479 0.3152344 0.0203125 0.0226562
6 0.5776042 0.8359375 0.0229167 0.0265625
9 0.7098958 0.6082031 0.0239583 0.0257812
9 0.4460938 0.6652344 0.0244792 0.0351562
10 0.7468750 0.3199219 0.0239583 0.0257812
9 0.5330729 0.4191406 0.0203125 0.0320312
