4 0.3966146 0.5468750 0.0494792 0.0375000
5 0.2890625 0.5128906 0.0385417 0.0507812
1 0.4794271 0.2695312 0.0473958 0.0343750
4 0.5164062 0.6414062 0.0338542 0.0656250
3 0.3713542 0.0214844 0.0416667 0.0429688
0 0.5059896 0.5628906 0.0328125 0.0523438
1 0.6015625 0.3847656 0.0218750 0.0476562
1 0.5804687 0.3824219 0.0390625 0.0414062
0 0.6601562 0.5230469 0.0338542 0.0648438
4 0.3158854 0.5785156 0.0463542 0.0414062
1 0.3343750 0.2546875 0.0531250 0.0406250
3 0.4359375 0.4417969 0.0406250 0.0429688
1 0.6841146 0.2515625 0.0307292 0.0515625
3 0.3427083 0.6441406 0.0375000 0.0367188
5 0.4023438 0.2382812 0.0265625 0.0359375
3 0.5119792 0.4843750 0.0437500 0.0343750
2 0.5942708 0.5265625 0.0416667 0.0687500
5 0.3536458 0.4222656 0.0239583 0.0460938
1 0.3638021 0.5296875 0.0473958 0.0390625
3 0.7559896 0.2921875 0.0526042 0.0390625
4 0.3250000 0.2984375 0.0354167 0.0375000
1 0.6802083 0.6058594 0.0531250 0.0382813
4 0.4971354 0.8035156 0.0307292 0.0617188
5 0.3450521 0.6609375 0.0359375 0.0390625
1 0.6888021 0.4402344 0.0286458 0.0523438
3 0.5781250 0.3496094 0.0479167 0.0335937
5 0.6742187 0.8339844 0.0380208 0.0679687
2 0.3971354 0.8402344 0.0265625 0.0570312
0 0.4091146 0.8394531 0.0359375 0.0648438
2 0.5510417 0.5691406 0.0437500 0.0664062
4 0.5486979 0.2183594 0.0442708 0.0445313
2 0.3442708 0.4566406 0.0281250 0.0460938
3 0.5434896 0.2406250 0.0401042 0.0625000
4 0.5460938 0.5496094 0.0526042 0.0460938
2 0.6919271 0.1210938 0.0505208 0.0359375
2 0.6427083 0.3480469 0.0354167 0.0335937
1 0.5294271 0.5089844 0.0494792 0.0289063
2 0.5122396 0.4121094 0.0255208 0.0773438
1 0.7815104 0.3402344 0.0515625 0.0445313
2 0.6026042 0.8578125 0.0510417 0.0453125
5 0.6239583 0.3652344 0.0489583 0.0429688
4 0.4744792 0.6480469 0.0270833 0.0414062
4 0.5158854 0.3917969 0.0276042 0.0445313
0 0.4380208 0.6085938 0.0250000 0.0671875
0 0.4856771 0.7839844 0.0484375 0.0539063
1 0.5291667 0.7132812 0.0208333 0.0796875
4 0.5002604 0.6070313 0.0307292 0.0562500
0 0.5919271 0.4769531 0.0526042 0.0476562
5 0.4710937 0.3382812 0.0411458 0.0609375
5 0.6494792 0.2898438 0.0322917 0.0390625
1 0.5656250 0.3546875 0.0447917 0.0609375
4 0.5684896 0.4863281 0.0473958 0.0382813
4 0.5236979 0.4484375 0.0328125 0.0656250
3 0.3450521 0.2238281 0.0286458 0.0804688
5 0.2968750 0.3554688 0.0500000 0.0343750
1 0.5182292 0.7132812 0.0229167 0.0593750
5 0.4625000 0.6625000 0.0312500 0.0828125
3 0.5268229 0.5859375 0.0567708 0.0421875
3 0.3791667 0.3945312 0.0552083 0.0390625
0 0.5901042 0.6105469 0.0500000 0.0445313
1 0.2625000 0.6257812 0.0302083 0.0468750
3 0.6283854 0.5328125 0.0348958 0.0468750
1 0.5781250 0.3925781 0.0458333 0.0335937
9 0.6773438 0.6707031 0.0463542 0.0679687
8 0.5473958 0.5230469 0.0364583 0.0710937
10 0.5903646 0.1898438 0.0328125 0.0546875
11 0.6510417 0.5179687 0.0447917 0.0453125
11 0.5507812 0.2765625 0.0484375 0.0468750
9 0.6531250 0.4671875 0.0333333 0.0718750
7 0.4953125 0.8703125 0.0479167 0.0468750
7 0.6382813 0.6953125 0.0307292 0.0453125
11 0.3854167 0.6855469 0.0354167 0.0773438
11 0.5367188 0.6207031 0.0494792 0.0664062
10 0.5734375 0.5585938 0.0333333 0.0703125
7 0.4705729 0.6742187 0.0307292 0.0718750
8 0.7020833 0.7000000 0.0531250 0.0531250
6 0.6726562 0.3519531 0.0463542 0.0679687
9 0.2989583 0.5878906 0.0395833 0.0476562
8 0.2809896 0.2792969 0.0484375 0.0476562
