1 0.5757813 0.2652344 0.0380208 0.0757812
5 0.7335938 0.6019531 0.0432292 0.0648438
5 0.7195312 0.7652344 0.0557292 0.0367188
1 0.2390625 0.3136719 0.0562500 0.0351562
5 0.6708333 0.7820312 0.0489583 0.0312500
0 0.6091146 0.4253906 0.0598958 0.0460938
2 0.5270833 0.5242187 0.0302083 0.0671875
1 0.6703125 0.7621094 0.0520833 0.0429688
2 0.6026042 0.6765625 0.0520833 0.0421875
0 0.7494792 0.4398437 0.0260417 0.0796875
0 0.5916667 0.4980469 0.0541667 0.0492187
1 0.7255208 0.3632812 0.0312500 0.0656250
1 0.5872396 0.4132812 0.0338542 0.0375000
4 0.5630208 0.5660156 0.0260417 0.0523438
0 0.2572917 0.4449219 0.0468750 0.0367188
0 0.3953125 0.2746094 0.0531250 0.0554687
2 0.6026042 0.6566406 0.0572917 0.0414062
4 0.6799479 0.1964844 0.0526042 0.0335937
1 0.7833333 0.8113281 0.0322917 0.0382813
1 0.5843750 0.4871094 0.0510417 0.0367188
0 0.2872396 0.3359375 0.0536458 0.0421875
5 0.5671875 0.6199219 0.0520833 0.0492187
1 0.4166667 0.2882812 0.0302083 0.0328125
1 0.5666667 0.8960938 0.0500000 0.0500000
3 0.2807292 0.2644531 0.0541667 0.0554687
2 0.4747396 0.7289062 0.0473958 0.0515625
5 0.5593750 0.8582031 0.0541667 0.0398437
3 0.4929688 0.3871094 0.0244792 0.0414062
1 0.3812500 0.5218750 0.0291667 0.0390625
0 0.5486979 0.6660156 0.0296875 0.0585938
4 0.3919271 0.8238281 0.0307292 0.0632812
10 0.3640625 0.3777344 0.0458333 0.0460938
9 0.6692708 0.5148438 0.0479167 0.0468750
