3 0.6083333 0.8054687 0.0250000 0.0250000
2 0.6476563 0.6386719 0.0244792 0.0320312
5 0.5898438 0.2144531 0.0307292 0.0226562
0 0.5531250 0.5816406 0.0177083 0.0304687
5 0.7697917 0.5984375 0.0270833 0.0359375
4 0.6679688 0.3390625 0.0286458 0.0171875
4 0.5156250 0.2890625 0.0197917 0.0265625
3 0.4309896 0.1011719 0.0161458 0.0382813
0 0.6179687 0.2597656 0.0213542 0.0242188
2 0.3432292 0.4945312 0.0302083 0.0218750
2 0.7208333 0.1597656 0.0135417 0.0179687
5 0.5317708 0.5300781 0.0187500 0.0304687
5 0.6796875 0.4406250 0.0270833 0.0328125
11 0.5276042 0.4367187 0.0270833 0.0359375
9 0.3598958 0.5937500 0.0218750 0.0312500
10 0.5536458 0.8203125 0.0281250 0.0281250
10 0.3640625 0.3507812 0.0270833 0.0265625
