4 0.3653646 0.5332031 0.0963542 0.1195313
0 0.7075521 0.4703125 0.1234375 0.1000000
0 0.4817708 0.4250000 0.0833333 0.1828125
5 0.6333333 0.5519531 0.1281250 0.1632812
1 0.5341146 0.6207031 0.1067708 0.0898438
5 0.5875000 0.6386719 0.0958333 0.1179687
0 0.6968750 0.2242187 0.1520833 0.1109375
0 0.3664062 0.3980469 0.1265625 0.1023437
1 0.6549479 0.6515625 0.1213542 0.1531250
1 0.6661458 0.2015625 0.1395833 0.0984375
2 0.5812500 0.8058594 0.1166667 0.1085938
5 0.6572917 0.7941406 0.0802083 0.1804688
2 0.5067708 0.6910156 0.0656250 0.2148438
4 0.6309896 0.8195313 0.0921875 0.1796875
3 0.6382813 0.4906250 0.1505208 0.1375000
2 0.5536458 0.4238281 0.1531250 0.1085938
5 0.5684896 0.5183594 0.0744792 0.1257813
5 0.6976562 0.7097656 0.0578125 0.1289062
3 0.4492188 0.1707031 0.0703125 0.2273438
1 0.4833333 0.3953125 0.0645833 0.0906250
5 0.6447917 0.9054688 0.0739583 0.1875000
2 0.5190104 0.0828125 0.0942708 0.1656250
2 0.5671875 0.3523438 0.0802083 0.1687500
4 0.5080729 0.3886719 0.1338542 0.1085938
0 0.7742187 0.4375000 0.0838542 0.1734375
0 0.6502604 0.5386719 0.1203125 0.1226562
4 0.5171875 0.4398437 0.0947917 0.1375000
0 0.6520833 0.8042969 0.0635417 0.1929687
1 0.5536458 0.7394531 0.0812500 0.1460937
0 0.2171875 0.4593750 0.1364583 0.1625000
5 0.5312500 0.4488281 0.1000000 0.1226562
5 0.5463542 0.5707031 0.0781250 0.1257813
2 0.3671875 0.7933594 0.1447917 0.1242188
3 0.4674479 0.6593750 0.0692708 0.2125000
5 0.4046875 0.5144531 0.1437500 0.1210938
0 0.7791667 0.1109375 0.1510417 0.0937500
2 0.7705729 0.8023438 0.1390625 0.0984375
0 0.3354167 0.1832031 0.0885417 0.1648438
1 0.3565104 0.3925781 0.0921875 0.1117188
4 0.4854167 0.6683594 0.1093750 0.1570313
4 0.4809896 0.3453125 0.0890625 0.1437500
4 0.5263021 0.4636719 0.1359375 0.1148437
5 0.6182292 0.5273438 0.1114583 0.0937500
2 0.4776042 0.2910156 0.0843750 0.1945312
2 0.6234375 0.4777344 0.1312500 0.1914062
2 0.5617188 0.0804688 0.1473958 0.1546875
9 0.7106771 0.8277344 0.0942708 0.1242188
10 0.2065104 0.9339844 0.1307292 0.1304687
6 0.5072917 0.2269531 0.0843750 0.1914062
10 0.5580729 0.6257812 0.1171875 0.1859375
7 0.4895833 0.3789062 0.0968750 0.1812500
7 0.3033854 0.4167969 0.1057292 0.1914062
7 0.6585937 0.2011719 0.1026042 0.1226562
9 0.6580729 0.3921875 0.1286458 0.1921875
9 0.6182292 0.4042969 0.1208333 0.1179687
8 0.2971354 0.3394531 0.1203125 0.1195313
7 0.2710938 0.7378906 0.1401042 0.1367188
