3 0.4075521 0.4164062 0.0661458 0.0562500
5 0.7062500 0.5003906 0.0270833 0.0804688
2 0.5354167 0.7480469 0.0500000 0.0414062
4 0.3877604 0.2203125 0.0505208 0.0421875
5 0.6445312 0.7109375 0.0630208 0.0515625
2 0.3622396 0.4082031 0.0557292 0.0679687
4 0.6596354 0.4917969 0.0505208 0.0617188
3 0.3794271 0.3269531 0.0463542 0.0617188
0 0.4445312 0.6027344 0.0369792 0.0507812
0 0.6966146 0.4160156 0.0359375 0.0460938
2 0.3869792 0.8152344 0.0510417 0.0492187
3 0.7039062 0.6156250 0.0640625 0.0500000
3 0.4481771 0.4867187 0.0348958 0.0515625
0 0.7492188 0.5585938 0.0651042 0.0609375
0 0.4578125 0.6949219 0.0437500 0.0804688
0 0.6442708 0.7625000 0.0625000 0.0546875
3 0.3510417 0.6800781 0.0406250 0.0632812
5 0.8148437 0.3613281 0.0463542 0.0789062
0 0.3929687 0.2675781 0.0411458 0.0789062
0 0.6364583 0.2605469 0.0562500 0.0429688
5 0.6367188 0.4082031 0.0619792 0.0460938
3 0.5856771 0.2253906 0.0265625 0.0570312
1 0.7317708 0.3855469 0.0510417 0.0601563
3 0.5200521 0.4722656 0.0265625 0.0851563
5 0.5247396 0.7558594 0.0369792 0.0820312
5 0.5585938 0.4632812 0.0380208 0.0828125
0 0.5247396 0.2656250 0.0567708 0.0375000
5 0.3164062 0.3753906 0.0328125 0.0632812
3 0.5062500 0.2507813 0.0375000 0.0484375
1 0.4567708 0.4335938 0.0406250 0.0890625
4 0.5138021 0.6792969 0.0390625 0.0664062
0 0.6307292 0.5960937 0.0406250 0.0828125
1 0.4520833 0.0550781 0.0375000 0.0554687
2 0.5195312 0.7335938 0.0317708 0.0875000
3 0.4546875 0.2746094 0.0375000 0.0429688
3 0.4763021 0.5097656 0.0484375 0.0382813
2 0.6447917 0.3867188 0.0520833 0.0812500
1 0.4984375 0.5058594 0.0500000 0.0507812
4 0.3554688 0.4191406 0.0630208 0.0429688
2 0.4390625 0.6246094 0.0281250 0.0679687
1 0.3692708 0.4945312 0.0437500 0.0703125
4 0.4434896 0.3867188 0.0328125 0.0906250
1 0.4395833 0.1703125 0.0406250 0.0812500
3 0.4812500 0.3933594 0.0354167 0.0867187
2 0.6231771 0.7324219 0.0296875 0.0960938
3 0.6455729 0.6605469 0.0411458 0.0429688
4 0.6895833 0.7511719 0.0635417 0.0382813
0 0.6002604 0.5136719 0.0505208 0.0507812
4 0.4989583 0.3234375 0.0489583 0.0625000
2 0.4554687 0.8996094 0.0390625 0.0929688
2 0.4533854 0.9390625 0.0421875 0.0875000
1 0.5700521 0.3031250 0.0619792 0.0468750
5 0.6757812 0.1800781 0.0640625 0.0460938
4 0.5044271 0.4785156 0.0338542 0.0492187
0 0.4338542 0.6457031 0.0427083 0.0898438
2 0.6054688 0.1027344 0.0588542 0.0429688
1 0.4255208 0.7042969 0.0614583 0.0539063
5 0.6346354 0.3527344 0.0432292 0.0601563
3 0.6927083 0.5042969 0.0572917 0.0398437
4 0.2945313 0.5304688 0.0588542 0.0546875
0 0.5427083 0.7398438 0.0604167 0.0343750
2 0.5268229 0.6421875 0.0526042 0.0406250
4 0.6018229 0.2839844 0.0609375 0.0382813
4 0.6054688 0.7765625 0.0598958 0.0390625
4 0.5273438 0.3328125 0.0640625 0.0500000
1 0.3546875 0.6621094 0.0427083 0.0773438
4 0.4000000 0.7402344 0.0333333 0.0960938
3 0.5075521 0.6808594 0.0588542 0.0445313
5 0.7348958 0.4226563 0.0395833 0.0734375
2 0.5346354 0.2515625 0.0463542 0.0437500
0 0.5565104 0.5117188 0.0390625 0.0484375
2 0.3481771 0.3500000 0.0536458 0.0687500
4 0.4895833 0.6074219 0.0333333 0.1007813
5 0.5007812 0.6218750 0.0463542 0.0781250
9 0.5567708 0.4128906 0.0562500 0.0601563
10 0.6135417 0.4003906 0.0562500 0.0554687
11 0.3687500 0.4050781 0.0510417 0.0554687
11 0.4739583 0.2371094 0.0552083 0.0695313
