0 0.5250000 0.7488281 0.0229167 0.0195312
2 0.4057292 0.6578125 0.0208333 0.0546875
3 0.5348958 0.6617188 0.0177083 0.0296875
3 0.5213542 0.3695312 0.0375000 0.0296875
0 0.6281250 0.2808594 0.0385417 0.0289063
1 0.4447917 0.8843750 0.0187500 0.0515625
2 0.6046875 0.3031250 0.0354167 0.0250000
3 0.4854167 0.5878906 0.0312500 0.0210938
5 0.7182292 0.4574219 0.0333333 0.0320312
1 0.2768229 0.3164062 0.0171875 0.0546875
5 0.3710938 0.2644531 0.0338542 0.0335937
2 0.4221354 0.6265625 0.0286458 0.0421875
3 0.5752604 0.3906250 0.0171875 0.0468750
5 0.3807292 0.6078125 0.0322917 0.0406250
2 0.7302083 0.5132813 0.0208333 0.0265625
5 0.5325521 0.6269531 0.0203125 0.0539063
3 0.5054688 0.4007812 0.0151042 0.0515625
1 0.2653646 0.3378906 0.0380208 0.0289063
4 0.3557292 0.2707031 0.0177083 0.0320312
5 0.4825521 0.5511719 0.0255208 0.0414062
3 0.6187500 0.9179688 0.0333333 0.0328125
2 0.5093750 0.4207031 0.0260417 0.0242188
5 0.5885417 0.6503906 0.0166667 0.0398437
3 0.2747396 0.4167969 0.0411458 0.0273438
0 0.4723958 0.8617187 0.0239583 0.0546875
4 0.5364583 0.4855469 0.0260417 0.0242188
0 0.5648437 0.1730469 0.0265625 0.0289063
3 0.5997396 0.8007812 0.0161458 0.0234375
1 0.3179688 0.4972656 0.0161458 0.0476562
2 0.5421875 0.5816406 0.0333333 0.0335937
0 0.6653646 0.2863281 0.0192708 0.0523438
1 0.6744792 0.6015625 0.0364583 0.0343750
4 0.7658854 0.6511719 0.0359375 0.0289063
6 0.5796875 0.3195312 0.0270833 0.0328125
8 0.6226563 0.2269531 0.0213542 0.0523438
6 0.6104167 0.1125000 0.0385417 0.0375000
10 0.5924479 0.7117187 0.0255208 0.0421875
