0 0.4369792 0.7777344 0.0729167 0.0492187
8 0.5104167 0.4785156 0.0708333 0.0757812
11 0.7520833 0.4117188 0.0697917 0.0687500
10 0.5671875 0.1242188 0.0645833 0.1062500
9 0.6572917 0.2636719 0.0614583 0.0835937
6 0.6369792 0.2812500 0.0666667 0.0656250
10 0.5989583 0.3820312 0.0656250 0.0812500
11 0.3916667 0.7898437 0.0583333 0.0875000
6 0.4929688 0.3730469 0.0619792 0.0585938
11 0.3328125 0.7453125 0.0687500 0.0671875
10 0.2679687 0.3449219 0.0432292 0.0976562
10 0.5281250 0.8105469 0.0510417 0.0882813
11 0.5210938 0.4214844 0.0536458 0.1085938
10 0.6072917 0.4964844 0.0656250 0.0632812
