2 0.4875000 0.5093750 0.0218750 0.0593750
4 0.3567708 0.3707031 0.0239583 0.0382813
6 0.5684896 0.0488281 0.0411458 0.0476562
11 0.2934896 0.5128906 0.0286458 0.0539063
9 0.4419271 0.4667969 0.0369792 0.0554687
6 0.4062500 0.3574219 0.0375000 0.0460938
6 0.5653646 0.5246094 0.0442708 0.0445313
10 0.3578125 0.3300781 0.0250000 0.0570312
8 0.5515625 0.4652344 0.0427083 0.0429688
9 0.4197917 0.7890625 0.0395833 0.0390625
8 0.3916667 0.8121094 0.0385417 0.0445313
11 0.6377604 0.6722656 0.0286458 0.0507812
8 0.7325521 0.5296875 0.0338542 0.0515625
9 0.4341146 0.5644531 0.0390625 0.0398437
6 0.4736979 0.4417969 0.0369792 0.0460938
