3 0.6872396 0.8308594 0.0411458 0.0289063
2 0.7179688 0.4101562 0.0286458 0.0421875
3 0.6932292 0.4406250 0.0437500 0.0343750
3 0.7161458 0.7996094 0.0437500 0.0382813
0 0.5830729 0.7078125 0.0255208 0.0562500
1 0.4080729 0.2628906 0.0338542 0.0289063
4 0.7039062 0.2246094 0.0203125 0.0476562
3 0.4221354 0.6515625 0.0203125 0.0343750
4 0.3609375 0.6453125 0.0281250 0.0531250
4 0.4979167 0.5253906 0.0427083 0.0351562
5 0.5953125 0.7449219 0.0385417 0.0585938
5 0.7385417 0.3394531 0.0395833 0.0460938
5 0.4786458 0.5382813 0.0291667 0.0531250
1 0.3580729 0.3343750 0.0338542 0.0500000
5 0.3804688 0.2289063 0.0192708 0.0421875
6 0.4447917 0.8871094 0.0333333 0.0382813
6 0.5796875 0.4003906 0.0447917 0.0429688
8 0.5296875 0.4355469 0.0270833 0.0554687
10 0.5117188 0.3667969 0.0276042 0.0570312
8 0.4606771 0.4074219 0.0401042 0.0398437
8 0.6476563 0.4550781 0.0421875 0.0476562
8 0.7468750 0.1953125 0.0416667 0.0406250
8 0.6752604 0.8386719 0.0286458 0.0648438
7 0.6395833 0.4648438 0.0333333 0.0375000
9 0.6302083 0.6140625 0.0250000 0.0531250
7 0.4986979 0.3070312 0.0265625 0.0625000
8 0.5966146 0.5398437 0.0380208 0.0375000
9 0.2916667 0.1320312 0.0406250 0.0390625
9 0.4661458 0.8382812 0.0416667 0.0437500
7 0.5453125 0.7222656 0.0427083 0.0414062
10 0.5630208 0.2917969 0.0395833 0.0445313
9 0.5726562 0.6890625 0.0380208 0.0437500
8 0.4296875 0.3601563 0.0416667 0.0406250
