1 0.7007813 0.4496094 0.0119792 0.0257812
3 0.6744792 0.4406250 0.0239583 0.0203125
5 0.5192708 0.7460938 0.0218750 0.0250000
0 0.5781250 0.5011719 0.0239583 0.0179687
1 0.4468750 0.3570313 0.0135417 0.0328125
5 0.6815104 0.4597656 0.0140625 0.0242188
2 0.4945312 0.2816406 0.0244792 0.0179687
2 0.6768229 0.5027344 0.0244792 0.0226562
5 0.6015625 0.5367188 0.0135417 0.0234375
3 0.3528646 0.4234375 0.0255208 0.0234375
3 0.4372396 0.5613281 0.0213542 0.0257812
5 0.3825521 0.8171875 0.0151042 0.0375000
4 0.5020833 0.3933594 0.0239583 0.0289063
1 0.5440104 0.8703125 0.0234375 0.0187500
1 0.6815104 0.5242187 0.0234375 0.0187500
0 0.4049479 0.4769531 0.0255208 0.0195312
4 0.4708333 0.7343750 0.0145833 0.0375000
4 0.3263021 0.5511719 0.0244792 0.0179687
0 0.4682292 0.1675781 0.0156250 0.0257812
5 0.4882812 0.8695312 0.0151042 0.0218750
2 0.7526042 0.4468750 0.0125000 0.0265625
4 0.5880208 0.8097656 0.0250000 0.0179687
4 0.3515625 0.2843750 0.0250000 0.0218750
1 0.6817708 0.5351562 0.0125000 0.0234375
1 0.6093750 0.7523437 0.0125000 0.0171875
5 0.5236979 0.1792969 0.0182292 0.0335937
0 0.6078125 0.3558594 0.0166667 0.0257812
5 0.5156250 0.3093750 0.0135417 0.0296875
5 0.4122396 0.5585938 0.0182292 0.0203125
8 0.4203125 0.8613281 0.0166667 0.0273438
6 0.6260417 0.5808594 0.0218750 0.0226562
8 0.6010417 0.5394531 0.0239583 0.0304687
8 0.5578125 0.1625000 0.0229167 0.0234375
9 0.4609375 0.2054688 0.0250000 0.0281250
7 0.3531250 0.5117188 0.0197917 0.0218750
11 0.5533854 0.5007812 0.0244792 0.0234375
11 0.7570313 0.3054688 0.0244792 0.0234375
8 0.6778646 0.6199219 0.0244792 0.0242188
9 0.5140625 0.6382813 0.0229167 0.0328125
9 0.5372396 0.5363281 0.0234375 0.0335937
6 0.2604167 0.5382813 0.0218750 0.0296875
6 0.2734375 0.4113281 0.0229167 0.0226562
