3 0.3549479 0.8593750 0.0234375 0.0609375
5 0.5072917 0.5781250 0.0239583 0.0343750
2 0.3721354 0.5378906 0.0473958 0.0460938
1 0.5359375 0.4625000 0.0281250 0.0234375
4 0.5403646 0.2089844 0.0401042 0.0304687
2 0.4710937 0.3066406 0.0296875 0.0476562
0 0.4546875 0.6500000 0.0447917 0.0343750
1 0.4130208 0.6800781 0.0437500 0.0273438
1 0.6096354 0.5183594 0.0432292 0.0414062
0 0.5833333 0.3042969 0.0270833 0.0585938
1 0.4989583 0.7632813 0.0302083 0.0390625
3 0.4229167 0.2253906 0.0343750 0.0523438
1 0.6854167 0.5777344 0.0375000 0.0429688
3 0.6007813 0.3648438 0.0432292 0.0296875
5 0.5007812 0.2890625 0.0338542 0.0625000
2 0.6669271 0.5859375 0.0203125 0.0609375
5 0.6427083 0.3449219 0.0218750 0.0648438
9 0.6161458 0.5195312 0.0385417 0.0375000
8 0.3838542 0.4964844 0.0385417 0.0382813
10 0.2744792 0.3671875 0.0406250 0.0453125
8 0.4914062 0.6574219 0.0401042 0.0398437
8 0.3632812 0.7312500 0.0380208 0.0468750
10 0.3263021 0.0960938 0.0421875 0.0468750
11 0.3898437 0.3285156 0.0380208 0.0632812
7 0.3656250 0.6128906 0.0385417 0.0539063
11 0.4223958 0.3957031 0.0385417 0.0382813
10 0.6781250 0.3820312 0.0364583 0.0562500
