4 0.6841146 0.2132813 0.0171875 0.0484375
2 0.6968750 0.5113281 0.0375000 0.0289063
5 0.4791667 0.2539062 0.0177083 0.0437500
5 0.4132812 0.8289062 0.0328125 0.0328125
0 0.4851563 0.5570312 0.0130208 0.0281250
0 0.7247396 0.4117188 0.0348958 0.0218750
0 0.4268229 0.1234375 0.0192708 0.0390625
1 0.5572917 0.2496094 0.0312500 0.0195312
1 0.4179688 0.1519531 0.0192708 0.0273438
4 0.6518229 0.7640625 0.0276042 0.0250000
3 0.6757812 0.3191406 0.0276042 0.0335937
3 0.4677083 0.3632812 0.0333333 0.0250000
5 0.3010417 0.4253906 0.0229167 0.0335937
3 0.5273438 0.4800781 0.0359375 0.0242188
4 0.7033854 0.7507812 0.0182292 0.0453125
5 0.3276042 0.7679687 0.0208333 0.0468750
3 0.4916667 0.4328125 0.0312500 0.0359375
1 0.3192708 0.2539062 0.0177083 0.0234375
3 0.6492187 0.3808594 0.0286458 0.0335937
8 0.6250000 0.4085937 0.0229167 0.0437500
10 0.6914062 0.6468750 0.0296875 0.0281250
11 0.4130208 0.4312500 0.0281250 0.0390625
11 0.4429688 0.6160156 0.0307292 0.0304687
8 0.3432292 0.4945312 0.0322917 0.0312500
10 0.7804688 0.6511719 0.0317708 0.0335937
7 0.6867188 0.6015625 0.0223958 0.0312500
11 0.2885417 0.6332031 0.0322917 0.0429688
10 0.5039062 0.6488281 0.0317708 0.0304687
7 0.6994792 0.3179688 0.0229167 0.0312500
8 0.3067708 0.3277344 0.0312500 0.0304687
8 0.5973958 0.7609375 0.0281250 0.0421875
8 0.5919271 0.6683594 0.0286458 0.0476562
10 0.4593750 0.0312500 0.0187500 0.0437500
9 0.5861979 0.4472656 0.0307292 0.0351562
11 0.6500000 0.3519531 0.0270833 0.0460938
11 0.7138021 0.2734375 0.0317708 0.0375000
9 0.4731771 0.4355469 0.0296875 0.0289063
7 0.6575521 0.6320313 0.0317708 0.0343750
6 0.5276042 0.4964844 0.0302083 0.0414062
