2 0.6286458 0.5855469 0.0260417 0.0195312
2 0.5817708 0.3210938 0.0239583 0.0156250
2 0.5007812 0.5578125 0.0223958 0.0250000
1 0.4122396 0.2390625 0.0119792 0.0390625
5 0.7046875 0.5453125 0.0250000 0.0171875
5 0.6343750 0.3375000 0.0218750 0.0171875
1 0.6247396 0.8316406 0.0244792 0.0195312
0 0.5640625 0.4910156 0.0250000 0.0195312
5 0.6440104 0.2687500 0.0234375 0.0171875
3 0.3515625 0.5851563 0.0125000 0.0296875
1 0.6291667 0.2925781 0.0250000 0.0164063
1 0.2885417 0.7921875 0.0239583 0.0281250
2 0.7122396 0.4019531 0.0171875 0.0164063
1 0.5505208 0.5531250 0.0166667 0.0234375
3 0.3109375 0.4785156 0.0135417 0.0320312
3 0.4182292 0.4472656 0.0177083 0.0210938
1 0.7111979 0.5738281 0.0171875 0.0273438
2 0.4127604 0.3757813 0.0255208 0.0218750
5 0.6614583 0.3195312 0.0229167 0.0234375
1 0.3994792 0.6843750 0.0114583 0.0343750
4 0.3973958 0.1378906 0.0104167 0.0226562
1 0.6846354 0.4300781 0.0244792 0.0179687
1 0.6817708 0.7089844 0.0208333 0.0195312
1 0.6007813 0.7906250 0.0119792 0.0328125
0 0.5065104 0.5832031 0.0151042 0.0164063
0 0.3833333 0.5218750 0.0135417 0.0312500
5 0.6088542 0.6609375 0.0177083 0.0265625
3 0.5934896 0.5484375 0.0151042 0.0281250
11 0.2940104 0.5980469 0.0151042 0.0335937
8 0.5119792 0.5835938 0.0229167 0.0312500
9 0.6640625 0.5843750 0.0250000 0.0250000
11 0.6252604 0.4199219 0.0213542 0.0226562
11 0.5890625 0.6699219 0.0166667 0.0242188
7 0.5588542 0.8433594 0.0229167 0.0226562
8 0.6111979 0.3812500 0.0140625 0.0328125
11 0.5856771 0.3324219 0.0171875 0.0382813
8 0.5075521 0.4156250 0.0151042 0.0281250
6 0.7088542 0.6218750 0.0250000 0.0250000
9 0.4630208 0.1910156 0.0250000 0.0304687
11 0.5934896 0.4257812 0.0255208 0.0328125
8 0.5000000 0.2949219 0.0239583 0.0367188
