0 0.7166667 0.3804688 0.0270833 0.0484375
4 0.3468750 0.2429688 0.0312500 0.0375000
0 0.5020833 0.6636719 0.0364583 0.0367188
0 0.6091146 0.8199219 0.0380208 0.0304687
5 0.2375000 0.5984375 0.0281250 0.0328125
5 0.3562500 0.7386719 0.0395833 0.0257812
2 0.6606771 0.7480469 0.0401042 0.0320312
3 0.2979167 0.2929688 0.0385417 0.0343750
0 0.8234375 0.4683594 0.0322917 0.0320312
5 0.4833333 0.3671875 0.0364583 0.0265625
0 0.4020833 0.5082031 0.0427083 0.0320312
5 0.5739583 0.4167969 0.0218750 0.0414062
0 0.5804687 0.3835938 0.0203125 0.0265625
1 0.6223958 0.1867187 0.0270833 0.0562500
1 0.3955729 0.8835937 0.0380208 0.0296875
0 0.5187500 0.7132812 0.0385417 0.0390625
3 0.6786458 0.4464844 0.0291667 0.0523438
5 0.4783854 0.8136719 0.0213542 0.0492187
1 0.5640625 0.4167969 0.0239583 0.0351562
2 0.3429687 0.4867187 0.0265625 0.0562500
1 0.5791667 0.7160156 0.0291667 0.0226562
4 0.3229167 0.1722656 0.0427083 0.0304687
0 0.3325521 0.4660156 0.0213542 0.0273438
2 0.5973958 0.2335937 0.0385417 0.0359375
4 0.4911458 0.6605469 0.0343750 0.0351562
4 0.5783854 0.5718750 0.0192708 0.0406250
5 0.4341146 0.1222656 0.0286458 0.0523438
2 0.5190104 0.4933594 0.0390625 0.0257812
5 0.2723958 0.6980469 0.0375000 0.0429688
2 0.6080729 0.2449219 0.0348958 0.0304687
5 0.4708333 0.4921875 0.0260417 0.0359375
4 0.7026042 0.4183594 0.0416667 0.0320312
2 0.4346354 0.7296875 0.0390625 0.0437500
2 0.5606771 0.6945313 0.0411458 0.0250000
3 0.5546875 0.6355469 0.0239583 0.0492187
1 0.6937500 0.4250000 0.0385417 0.0281250
1 0.7039062 0.5031250 0.0369792 0.0265625
4 0.5695313 0.4000000 0.0421875 0.0296875
1 0.3989583 0.6039062 0.0260417 0.0343750
5 0.5460938 0.2324219 0.0255208 0.0585938
4 0.5153646 0.2359375 0.0317708 0.0296875
0 0.5273438 0.8656250 0.0213542 0.0609375
0 0.4880208 0.7468750 0.0302083 0.0468750
0 0.5796875 0.1765625 0.0343750 0.0359375
5 0.4356771 0.3156250 0.0244792 0.0593750
1 0.4770833 0.7339844 0.0239583 0.0554687
3 0.6007813 0.2562500 0.0369792 0.0296875
1 0.5502604 0.2597656 0.0348958 0.0460938
4 0.6223958 0.2929688 0.0364583 0.0281250
2 0.3578125 0.6640625 0.0239583 0.0578125
3 0.5276042 0.4566406 0.0239583 0.0539063
4 0.6070313 0.3417969 0.0380208 0.0242188
5 0.6619792 0.2402344 0.0375000 0.0242188
3 0.5677083 0.7113281 0.0354167 0.0257812
1 0.5356771 0.4148438 0.0244792 0.0453125
5 0.8005208 0.4601562 0.0312500 0.0515625
1 0.5463542 0.7664062 0.0354167 0.0437500
3 0.3161458 0.4476562 0.0302083 0.0343750
0 0.3578125 0.4109375 0.0187500 0.0625000
1 0.6184896 0.5644531 0.0161458 0.0320312
0 0.3656250 0.3222656 0.0375000 0.0289063
1 0.5838542 0.2867188 0.0385417 0.0281250
2 0.5145833 0.5066406 0.0375000 0.0304687
5 0.6820312 0.2687500 0.0317708 0.0375000
5 0.5468750 0.6375000 0.0250000 0.0640625
5 0.7625000 0.6300781 0.0385417 0.0257812
0 0.5463542 0.3503906 0.0343750 0.0304687
2 0.5911458 0.4058594 0.0364583 0.0507812
4 0.2945313 0.6152344 0.0401042 0.0367188
3 0.6919271 0.5265625 0.0390625 0.0312500
3 0.5101562 0.4691406 0.0171875 0.0335937
5 0.3635417 0.9593750 0.0187500 0.0609375
3 0.3796875 0.3992188 0.0197917 0.0578125
5 0.4369792 0.6195312 0.0385417 0.0328125
5 0.6013021 0.7789063 0.0192708 0.0296875
4 0.4580729 0.2519531 0.0234375 0.0320312
3 0.5088542 0.7308594 0.0229167 0.0273438
4 0.3132813 0.5175781 0.0182292 0.0429688
10 0.5216146 0.2257812 0.0317708 0.0453125
11 0.5218750 0.6093750 0.0354167 0.0359375
9 0.4119792 0.8125000 0.0395833 0.0437500
8 0.5609375 0.7117187 0.0406250 0.0406250
