1 0.5364583 0.6742187 0.1041667 0.1187500
4 0.4046875 0.4804688 0.0958333 0.0937500
0 0.6523438 0.6140625 0.1036458 0.0968750
5 0.4679687 0.3914063 0.0932292 0.1250000
0 0.6096354 0.6316406 0.0682292 0.0820312
3 0.3502604 0.1964844 0.0859375 0.1710937
4 0.6763021 0.6046875 0.1192708 0.1093750
5 0.5510417 0.5261719 0.0593750 0.0960938
5 0.5036458 0.0164063 0.0572917 0.0328125
4 0.3627604 0.8867188 0.0651042 0.1703125
5 0.5000000 0.7671875 0.1083333 0.1171875
1 0.5054688 0.5421875 0.0755208 0.0875000
4 0.8242188 0.6796875 0.0838542 0.0781250
4 0.4122396 0.8441406 0.0734375 0.1164063
5 0.4281250 0.3019531 0.0718750 0.1335938
3 0.4111979 0.7378906 0.1151042 0.0945312
4 0.3151042 0.3468750 0.0552083 0.1156250
4 0.5778646 0.3109375 0.0578125 0.0953125
2 0.6158854 0.3187500 0.0661458 0.1171875
5 0.7104167 0.6296875 0.1156250 0.0906250
4 0.3747396 0.1187500 0.0651042 0.0968750
2 0.4888021 0.5414062 0.0557292 0.1093750
0 0.5601563 0.1570313 0.0536458 0.0937500
2 0.5895833 0.4851563 0.0572917 0.1000000
2 0.6208333 0.6601562 0.1114583 0.0796875
4 0.3710938 0.4695313 0.1130208 0.1296875
0 0.2419271 0.4101562 0.0796875 0.1125000
4 0.6515625 0.1820313 0.1104167 0.1031250
4 0.7197917 0.4320312 0.1010417 0.0921875
1 0.3200521 0.6257812 0.1046875 0.0765625
0 0.2601562 0.3324219 0.1140625 0.0757812
1 0.4846354 0.3125000 0.1046875 0.1046875
0 0.7541667 0.5613281 0.0718750 0.1054688
6 0.3825521 0.6648437 0.0828125 0.1421875
9 0.5645833 0.4539063 0.1093750 0.1500000
6 0.4744792 0.3046875 0.0791667 0.1750000
9 0.4919271 0.9226562 0.0963542 0.1531250
9 0.2018229 0.4191406 0.1015625 0.1085938
6 0.5921875 0.7953125 0.1093750 0.1218750
10 0.5796875 0.8503906 0.1187500 0.1539062
7 0.6158854 0.0687500 0.0765625 0.1375000
11 0.2929688 0.6761719 0.1046875 0.1054688
9 0.4666667 0.2929688 0.0729167 0.1765625
7 0.5036458 0.4515625 0.0833333 0.1453125
6 0.3440104 0.3332031 0.1005208 0.1007813
7 0.5192708 0.2144531 0.1020833 0.1039063
7 0.3575521 0.9511719 0.0692708 0.0960938
7 0.4875000 0.4535156 0.0750000 0.1320312
11 0.4916667 0.4234375 0.0729167 0.1640625
10 0.4166667 0.3839844 0.1104167 0.1164063
8 0.3575521 0.9179688 0.0713542 0.1515625
6 0.5674479 0.7820312 0.0848958 0.1781250
6 0.4671875 0.4644531 0.0718750 0.1085938
