4 0.4111979 0.5882812 0.0182292 0.0484375
4 0.3802083 0.6671875 0.0197917 0.0468750
4 0.7947917 0.4589844 0.0291667 0.0398437
3 0.4804688 0.2679687 0.0161458 0.0312500
1 0.5104167 0.5164062 0.0156250 0.0468750
3 0.6127604 0.3476562 0.0171875 0.0265625
4 0.5156250 0.5820312 0.0322917 0.0234375
3 0.3611979 0.0910156 0.0151042 0.0429688
0 0.7208333 0.4316406 0.0333333 0.0226562
3 0.5796875 0.7808594 0.0281250 0.0242188
5 0.4635417 0.3605469 0.0135417 0.0351562
4 0.5632812 0.7195312 0.0244792 0.0203125
4 0.5945312 0.6480469 0.0244792 0.0242188
5 0.6322917 0.4070313 0.0197917 0.0296875
5 0.6135417 0.4835937 0.0270833 0.0234375
1 0.4572917 0.8019531 0.0312500 0.0226562
1 0.3307292 0.8671875 0.0197917 0.0421875
1 0.5270833 0.7609375 0.0260417 0.0203125
2 0.6072917 0.2781250 0.0187500 0.0531250
5 0.7010417 0.4531250 0.0312500 0.0359375
3 0.3932292 0.6949219 0.0302083 0.0273438
3 0.3044271 0.4433594 0.0130208 0.0226562
2 0.5247396 0.4910156 0.0161458 0.0398437
0 0.4247396 0.6519531 0.0255208 0.0460938
4 0.5966146 0.7027344 0.0276042 0.0226562
3 0.5510417 0.2449219 0.0125000 0.0210938
3 0.6242188 0.8335938 0.0296875 0.0265625
10 0.6924479 0.5464844 0.0296875 0.0429688
9 0.5861979 0.5957031 0.0234375 0.0429688
7 0.5026042 0.8101563 0.0281250 0.0468750
7 0.7278646 0.2871094 0.0296875 0.0367188
7 0.5927083 0.2328125 0.0302083 0.0296875
10 0.6312500 0.6957031 0.0291667 0.0289063
10 0.5966146 0.2148438 0.0244792 0.0515625
8 0.3742187 0.2238281 0.0213542 0.0289063
9 0.5541667 0.5246094 0.0322917 0.0367188
7 0.3986979 0.4250000 0.0255208 0.0359375
9 0.3677083 0.5312500 0.0312500 0.0312500
7 0.6838542 0.4964844 0.0281250 0.0273438
