5 0.3557292 0.5597656 0.0479167 0.1179687
2 0.6216146 0.6656250 0.0515625 0.0703125
5 0.4192708 0.7328125 0.0875000 0.0609375
4 0.4851563 0.3363281 0.0348958 0.1007813
2 0.6549479 0.5441406 0.0692708 0.0554687
4 0.5981771 0.5191406 0.0817708 0.0742188
4 0.4583333 0.8308594 0.0468750 0.0523438
1 0.5940104 0.3773437 0.0692708 0.0500000
3 0.6916667 0.7777344 0.0708333 0.0789062
4 0.4585938 0.2933594 0.0463542 0.0648438
0 0.3570313 0.6242188 0.0776042 0.0718750
2 0.3354167 0.4335938 0.0822917 0.0546875
1 0.3270833 0.7312500 0.0572917 0.0906250
5 0.5786458 0.7417969 0.0697917 0.0789062
1 0.5601563 0.3839844 0.0369792 0.0898438
3 0.3846354 0.7257813 0.0786458 0.0625000
0 0.4536458 0.2984375 0.0718750 0.0500000
2 0.5502604 0.6574219 0.0703125 0.0757812
0 0.5153646 0.6550781 0.0442708 0.1164063
5 0.5182292 0.7093750 0.0395833 0.0812500
2 0.4601562 0.4105469 0.0557292 0.0601563
5 0.7177083 0.5039062 0.0385417 0.0843750
2 0.7851562 0.3390625 0.0598958 0.1062500
1 0.4307292 0.5386719 0.0447917 0.0429688
1 0.5677083 0.4417969 0.0333333 0.0679687
4 0.6674479 0.2429688 0.0369792 0.1062500
1 0.4315104 0.5929688 0.0609375 0.0625000
2 0.6528646 0.2640625 0.0463542 0.0546875
1 0.5976562 0.4015625 0.0421875 0.0906250
5 0.7026042 0.8535156 0.0802083 0.0507812
4 0.5684896 0.4601562 0.0296875 0.0968750
2 0.7156250 0.3179688 0.0750000 0.0656250
0 0.3359375 0.4816406 0.0770833 0.0523438
4 0.4885417 0.7253906 0.0750000 0.0789062
5 0.5299479 0.4000000 0.0713542 0.0734375
0 0.2216146 0.2207031 0.0880208 0.0523438
0 0.6921875 0.1574219 0.0656250 0.0742188
3 0.4731771 0.6960937 0.0640625 0.0968750
2 0.3994792 0.4406250 0.0489583 0.0734375
2 0.6770833 0.2718750 0.0500000 0.0687500
1 0.3005208 0.5242187 0.0385417 0.0625000
5 0.4270833 0.5113281 0.0572917 0.0523438
2 0.7283854 0.3636719 0.0755208 0.0679687
4 0.6750000 0.9109375 0.0750000 0.0828125
2 0.6856771 0.4484375 0.0807292 0.0468750
0 0.5260417 0.5953125 0.0812500 0.0671875
0 0.5312500 0.1753906 0.0770833 0.0820312
3 0.2916667 0.5125000 0.0854167 0.0812500
4 0.5789062 0.6085938 0.0494792 0.0750000
0 0.6132812 0.7296875 0.0453125 0.1171875
2 0.4617188 0.1160156 0.0796875 0.0664062
2 0.7229167 0.4589844 0.0375000 0.0710937
0 0.6005208 0.1222656 0.0770833 0.0679687
5 0.6726562 0.8480469 0.0807292 0.0585938
3 0.5744792 0.4210937 0.0364583 0.1156250
2 0.5455729 0.5121094 0.0598958 0.1179687
3 0.6322917 0.1949219 0.0791667 0.0492187
2 0.6213542 0.2496094 0.0739583 0.0554687
7 0.4546875 0.4898438 0.0781250 0.0828125
8 0.5273438 0.8500000 0.0755208 0.0968750
7 0.3348958 0.5113281 0.0604167 0.1085938
10 0.5273438 0.3257813 0.0484375 0.1000000
9 0.7492188 0.3562500 0.0703125 0.0765625
7 0.4661458 0.6644531 0.0479167 0.1085938
