4 0.5411458 0.5128906 0.0322917 0.0585938
0 0.5791667 0.6230469 0.0364583 0.0414062
1 0.5940104 0.7527344 0.0401042 0.0335937
4 0.7158854 0.3699219 0.0411458 0.0367188
4 0.3260417 0.5382813 0.0437500 0.0484375
3 0.5690104 0.4585938 0.0265625 0.0734375
1 0.6867188 0.3539062 0.0401042 0.0296875
0 0.5257812 0.8960938 0.0442708 0.0375000
3 0.7427083 0.5550781 0.0447917 0.0414062
0 0.6109375 0.6996094 0.0416667 0.0351562
5 0.6098958 0.5074219 0.0208333 0.0679687
1 0.6354167 0.4148438 0.0416667 0.0296875
2 0.3015625 0.5812500 0.0250000 0.0328125
1 0.3520833 0.4769531 0.0343750 0.0492187
1 0.4580729 0.5375000 0.0244792 0.0343750
2 0.4684896 0.1332031 0.0411458 0.0351562
5 0.4205729 0.7027344 0.0265625 0.0617188
4 0.6578125 0.6445312 0.0291667 0.0656250
0 0.6640625 0.4925781 0.0270833 0.0351562
0 0.3291667 0.7882813 0.0354167 0.0468750
2 0.4093750 0.2027344 0.0270833 0.0367188
1 0.6359375 0.3429687 0.0437500 0.0437500
2 0.6098958 0.6406250 0.0187500 0.0718750
0 0.5007812 0.4382813 0.0286458 0.0484375
2 0.7354167 0.4156250 0.0479167 0.0328125
4 0.4377604 0.6828125 0.0463542 0.0312500
0 0.3151042 0.4066406 0.0437500 0.0289063
1 0.4890625 0.3820312 0.0260417 0.0515625
0 0.4687500 0.8312500 0.0229167 0.0671875
0 0.7033854 0.3062500 0.0390625 0.0359375
0 0.3005208 0.3335938 0.0375000 0.0343750
2 0.3986979 0.3601563 0.0463542 0.0312500
4 0.3385417 0.7265625 0.0416667 0.0328125
0 0.5486979 0.3578125 0.0244792 0.0640625
5 0.5638021 0.4945312 0.0432292 0.0343750
2 0.7651042 0.6117187 0.0218750 0.0593750
3 0.4867187 0.0734375 0.0234375 0.0390625
5 0.6809896 0.7550781 0.0401042 0.0351562
3 0.3619792 0.3488281 0.0447917 0.0320312
4 0.6869792 0.5000000 0.0468750 0.0406250
5 0.6906250 0.3535156 0.0250000 0.0648438
4 0.3895833 0.2535156 0.0395833 0.0335937
0 0.4174479 0.4910156 0.0244792 0.0507812
1 0.5817708 0.6328125 0.0416667 0.0312500
2 0.5528646 0.2156250 0.0286458 0.0500000
5 0.5557292 0.5574219 0.0208333 0.0335937
2 0.6875000 0.2984375 0.0406250 0.0343750
3 0.5919271 0.5519531 0.0265625 0.0476562
2 0.4390625 0.6621094 0.0416667 0.0398437
3 0.6109375 0.7992187 0.0302083 0.0671875
1 0.6401042 0.1894531 0.0437500 0.0507812
0 0.5226563 0.2875000 0.0432292 0.0281250
5 0.5630208 0.4765625 0.0375000 0.0531250
5 0.3861979 0.3585937 0.0390625 0.0281250
1 0.6317708 0.7988281 0.0375000 0.0320312
1 0.4369792 0.3410156 0.0260417 0.0304687
5 0.8434896 0.5597656 0.0401042 0.0398437
2 0.5911458 0.2988281 0.0302083 0.0367188
0 0.5369792 0.5320312 0.0395833 0.0328125
0 0.4546875 0.0984375 0.0270833 0.0640625
0 0.6861979 0.6265625 0.0213542 0.0296875
3 0.5648437 0.2957031 0.0453125 0.0367188
4 0.5468750 0.5425781 0.0395833 0.0445313
3 0.3239583 0.6738281 0.0187500 0.0664062
9 0.4710937 0.2453125 0.0442708 0.0437500
6 0.7968750 0.6222656 0.0395833 0.0554687
7 0.6908854 0.4578125 0.0411458 0.0390625
6 0.3625000 0.7843750 0.0281250 0.0421875
7 0.6666667 0.2609375 0.0260417 0.0609375
7 0.5411458 0.4046875 0.0260417 0.0593750
6 0.3632812 0.3734375 0.0411458 0.0625000
10 0.7989583 0.5699219 0.0375000 0.0492187
6 0.4153646 0.4117188 0.0276042 0.0640625
11 0.3171875 0.2761719 0.0395833 0.0539063
10 0.5242187 0.3585937 0.0432292 0.0484375
11 0.4531250 0.7453125 0.0385417 0.0531250
8 0.3460937 0.3371094 0.0442708 0.0632812
9 0.4877604 0.6406250 0.0401042 0.0468750
6 0.6354167 0.7828125 0.0250000 0.0593750
10 0.3127604 0.7183594 0.0265625 0.0398437
10 0.2184896 0.3441406 0.0432292 0.0414062
