2 0.6804687 0.5648437 0.0442708 0.0906250
0 0.4643229 0.4457031 0.0380208 0.0414062
3 0.3885417 0.7121094 0.0270833 0.0742188
3 0.5559896 0.2847656 0.0578125 0.0367188
4 0.6067708 0.6109375 0.0395833 0.1000000
1 0.3976562 0.4671875 0.0442708 0.0390625
0 0.6877604 0.8003906 0.0286458 0.0445313
2 0.4960938 0.3546875 0.0338542 0.0890625
5 0.5515625 0.7042969 0.0437500 0.0664062
1 0.6322917 0.4265625 0.0635417 0.0531250
3 0.6580729 0.1023437 0.0473958 0.0453125
4 0.7648438 0.2632813 0.0671875 0.0437500
5 0.7098958 0.7292969 0.0635417 0.0476562
1 0.3554688 0.7695312 0.0567708 0.0390625
5 0.3632812 0.5136719 0.0390625 0.0460938
2 0.6937500 0.6226563 0.0458333 0.0515625
4 0.5489583 0.7160156 0.0416667 0.0742188
5 0.6539063 0.2472656 0.0359375 0.0945312
5 0.3856771 0.7007813 0.0598958 0.0421875
4 0.5919271 0.2457031 0.0380208 0.0710937
3 0.6005208 0.6316406 0.0447917 0.0429688
3 0.6484375 0.6226563 0.0489583 0.0500000
2 0.3239583 0.7531250 0.0281250 0.0734375
4 0.6671875 0.3679688 0.0416667 0.0421875
1 0.4442708 0.6679688 0.0427083 0.0484375
2 0.5661458 0.4132812 0.0416667 0.0812500
2 0.6197917 0.9058594 0.0395833 0.0789062
5 0.5596354 0.8265625 0.0557292 0.0500000
5 0.7445312 0.2558594 0.0286458 0.0679687
4 0.5515625 0.4042969 0.0500000 0.0414062
3 0.4781250 0.1132812 0.0343750 0.0500000
1 0.3578125 0.7085938 0.0645833 0.0593750
5 0.5921875 0.6437500 0.0427083 0.0593750
0 0.4156250 0.5113281 0.0395833 0.0367188
5 0.3966146 0.5398437 0.0557292 0.0437500
1 0.6927083 0.4261719 0.0625000 0.0476562
2 0.7166667 0.2937500 0.0625000 0.0453125
0 0.6924479 0.2359375 0.0557292 0.0656250
0 0.6450521 0.2679687 0.0307292 0.0921875
1 0.8057292 0.7265625 0.0614583 0.0562500
2 0.6354167 0.4562500 0.0541667 0.0500000
3 0.5828125 0.4222656 0.0364583 0.0382813
2 0.4973958 0.8964844 0.0458333 0.0742188
4 0.6169271 0.2253906 0.0578125 0.0382813
1 0.6645833 0.7804688 0.0541667 0.0343750
0 0.7239583 0.1773437 0.0302083 0.0500000
4 0.5736979 0.6449219 0.0380208 0.0476562
8 0.2971354 0.6308594 0.0546875 0.0679687
7 0.4132812 0.4730469 0.0411458 0.0648438
6 0.6520833 0.5578125 0.0395833 0.0843750
6 0.4520833 0.7554688 0.0489583 0.0671875
7 0.5734375 0.3363281 0.0552083 0.0570312
6 0.2489583 0.4949219 0.0562500 0.0554687
8 0.4841146 0.2652344 0.0526042 0.0570312
