1 0.3479167 0.6656250 0.1583333 0.1031250
1 0.5453125 0.4628906 0.0927083 0.2007812
5 0.4903646 0.6386719 0.0953125 0.2539062
0 0.7466146 0.4988281 0.0703125 0.1726563
0 0.4885417 0.3078125 0.0937500 0.2000000
1 0.4005208 0.6480469 0.1708333 0.1164063
1 0.4411458 0.5988281 0.1177083 0.1757812
5 0.4380208 0.3105469 0.0750000 0.1523438
5 0.3877604 0.4199219 0.0765625 0.1992188
1 0.4796875 0.4859375 0.1135417 0.2812500
0 0.4851563 0.5621094 0.1151042 0.1242188
1 0.4539063 0.7511719 0.1265625 0.2367188
1 0.5054688 0.9054688 0.1098958 0.1156250
1 0.6096354 0.3285156 0.1515625 0.1226562
3 0.4309896 0.7972656 0.0890625 0.2273438
4 0.5276042 0.8785156 0.0906250 0.0945312
4 0.6515625 0.9328125 0.1593750 0.1328125
0 0.4239583 0.3675781 0.0760417 0.2164062
5 0.5463542 0.6507812 0.0729167 0.1468750
4 0.6312500 0.7593750 0.1645833 0.1468750
0 0.1453125 0.3656250 0.1614583 0.1406250
3 0.5221354 0.1402344 0.1234375 0.2257812
4 0.6947917 0.2597656 0.0802083 0.1476562
4 0.5153646 0.5507812 0.1078125 0.1046875
3 0.3559896 0.7402344 0.0776042 0.0914062
3 0.5632812 0.6093750 0.1786458 0.1281250
5 0.5437500 0.0843750 0.1114583 0.1687500
10 0.7385417 0.3988281 0.1458333 0.2101562
8 0.4270833 0.9476562 0.0812500 0.1031250
11 0.5424479 0.2949219 0.1723958 0.1648438
6 0.8125000 0.3890625 0.1552083 0.1500000
6 0.3609375 0.4609375 0.1531250 0.1625000
11 0.4460938 0.2191406 0.1463542 0.2132813
6 0.3213542 0.2750000 0.1364583 0.1359375
7 0.3710938 0.1933594 0.1505208 0.1507813
10 0.4184896 0.3539062 0.1630208 0.1875000
6 0.6848958 0.4531250 0.1552083 0.1906250
