0 0.3382812 0.4722656 0.0317708 0.0242188
5 0.5804687 0.7640625 0.0307292 0.0218750
1 0.4411458 0.3226562 0.0156250 0.0312500
1 0.4934896 0.6746094 0.0255208 0.0304687
2 0.3914063 0.6804687 0.0203125 0.0265625
0 0.7304688 0.4617188 0.0171875 0.0375000
1 0.7385417 0.6375000 0.0281250 0.0265625
2 0.4414062 0.5738281 0.0171875 0.0257812
2 0.3979167 0.6660156 0.0270833 0.0195312
0 0.3947917 0.4058594 0.0166667 0.0210938
1 0.6015625 0.3328125 0.0281250 0.0375000
2 0.3492188 0.3218750 0.0244792 0.0359375
3 0.6075521 0.4601562 0.0307292 0.0203125
5 0.6544271 0.4769531 0.0151042 0.0367188
2 0.5880208 0.7734375 0.0125000 0.0234375
4 0.2661458 0.4925781 0.0250000 0.0304687
2 0.4528646 0.6734375 0.0213542 0.0453125
2 0.5630208 0.5835938 0.0270833 0.0375000
3 0.6096354 0.6421875 0.0328125 0.0296875
0 0.8072917 0.5175781 0.0291667 0.0398437
2 0.6971354 0.6156250 0.0161458 0.0281250
3 0.5036458 0.5820312 0.0333333 0.0218750
2 0.4500000 0.1214844 0.0218750 0.0320312
2 0.7247396 0.2976563 0.0171875 0.0250000
4 0.4067708 0.6644531 0.0208333 0.0335937
1 0.6059896 0.4558594 0.0109375 0.0429688
1 0.4031250 0.1519531 0.0208333 0.0398437
0 0.4476562 0.3554688 0.0213542 0.0234375
7 0.5408854 0.5574219 0.0255208 0.0414062
11 0.6343750 0.3355469 0.0270833 0.0351562
8 0.3231771 0.4425781 0.0265625 0.0382813
6 0.6903646 0.6652344 0.0296875 0.0460938
10 0.5507812 0.4488281 0.0192708 0.0304687
9 0.5888021 0.4757812 0.0223958 0.0421875
7 0.3447917 0.7441406 0.0197917 0.0257812
7 0.5627604 0.4433594 0.0182292 0.0289063
9 0.8054687 0.6046875 0.0286458 0.0296875
8 0.5549479 0.6492187 0.0265625 0.0265625
8 0.4286458 0.4183594 0.0302083 0.0351562
7 0.4934896 0.1894531 0.0223958 0.0398437
10 0.4247396 0.3945312 0.0286458 0.0453125
6 0.7768229 0.4097656 0.0296875 0.0304687
