3 0.6054688 0.4609375 0.0182292 0.0359375
2 0.4216146 0.4968750 0.0140625 0.0312500
2 0.6067708 0.6222656 0.0354167 0.0257812
0 0.2924479 0.6429687 0.0182292 0.0359375
3 0.5817708 0.3417969 0.0197917 0.0210938
3 0.3208333 0.3488281 0.0322917 0.0382813
0 0.4265625 0.5847656 0.0343750 0.0351562
4 0.4356771 0.0636719 0.0348958 0.0335937
5 0.5109375 0.3300781 0.0312500 0.0414062
1 0.4799479 0.6929688 0.0213542 0.0578125
2 0.5171875 0.3730469 0.0187500 0.0414062
2 0.6375000 0.4089844 0.0375000 0.0320312
4 0.4786458 0.4617188 0.0322917 0.0265625
3 0.4109375 0.5085937 0.0322917 0.0343750
5 0.4716146 0.0371094 0.0286458 0.0414062
5 0.5505208 0.7136719 0.0312500 0.0257812
1 0.6645833 0.8632812 0.0333333 0.0218750
0 0.6208333 0.7449219 0.0229167 0.0242188
3 0.4591146 0.6121094 0.0151042 0.0226562
3 0.7361979 0.5046875 0.0348958 0.0234375
2 0.6825521 0.2562500 0.0380208 0.0281250
5 0.3721354 0.8906250 0.0171875 0.0515625
4 0.4812500 0.5433594 0.0177083 0.0335937
5 0.5190104 0.5859375 0.0317708 0.0406250
1 0.4164062 0.5289063 0.0192708 0.0265625
1 0.3786458 0.3972656 0.0343750 0.0257812
4 0.5687500 0.1503906 0.0166667 0.0492187
5 0.6565104 0.1667969 0.0317708 0.0429688
2 0.4416667 0.8109375 0.0260417 0.0265625
5 0.6080729 0.0925781 0.0348958 0.0289063
5 0.6302083 0.4531250 0.0208333 0.0484375
4 0.5968750 0.4968750 0.0197917 0.0562500
2 0.5169271 0.3367188 0.0213542 0.0343750
3 0.5171875 0.4550781 0.0208333 0.0476562
3 0.7424479 0.6468750 0.0182292 0.0453125
5 0.6375000 0.3160156 0.0333333 0.0226562
0 0.2153646 0.5269531 0.0276042 0.0335937
1 0.6528646 0.6113281 0.0286458 0.0351562
4 0.5289063 0.6625000 0.0223958 0.0390625
0 0.4557292 0.3691406 0.0322917 0.0210938
3 0.6872396 0.5015625 0.0369792 0.0234375
3 0.5375000 0.7699219 0.0218750 0.0273438
3 0.7088542 0.6761719 0.0177083 0.0351562
2 0.3125000 0.3285156 0.0291667 0.0335937
2 0.3841146 0.7722656 0.0380208 0.0257812
4 0.6549479 0.2203125 0.0171875 0.0484375
1 0.4005208 0.1015625 0.0260417 0.0250000
1 0.4955729 0.7136719 0.0244792 0.0476562
4 0.2973958 0.3214844 0.0354167 0.0273438
5 0.6630208 0.6375000 0.0333333 0.0187500
4 0.4588542 0.1773437 0.0291667 0.0437500
2 0.5369792 0.8238281 0.0197917 0.0492187
2 0.4539063 0.3667969 0.0161458 0.0492187
6 0.4661458 0.1000000 0.0229167 0.0531250
8 0.3299479 0.4828125 0.0276042 0.0484375
7 0.3661458 0.5546875 0.0270833 0.0453125
10 0.2945313 0.6578125 0.0213542 0.0312500
11 0.6143229 0.4375000 0.0223958 0.0468750
8 0.4177083 0.6488281 0.0218750 0.0492187
9 0.6104167 0.2625000 0.0218750 0.0500000
8 0.3651042 0.4492188 0.0260417 0.0531250
11 0.4276042 0.8636719 0.0218750 0.0445313
10 0.6901042 0.5671875 0.0291667 0.0328125
10 0.4192708 0.2000000 0.0312500 0.0328125
9 0.6921875 0.5414062 0.0281250 0.0312500
10 0.2802083 0.2628906 0.0229167 0.0320312
9 0.3270833 0.5378906 0.0322917 0.0414062
8 0.6734375 0.2878906 0.0229167 0.0507812
