1 0.7773438 0.3957031 0.0213542 0.0382813
5 0.6630208 0.6582031 0.0125000 0.0289063
2 0.5148438 0.2539062 0.0265625 0.0375000
1 0.5351562 0.4691406 0.0307292 0.0289063
5 0.4546875 0.5992188 0.0208333 0.0515625
2 0.5591146 0.4433594 0.0348958 0.0210938
5 0.6033854 0.4539063 0.0317708 0.0234375
2 0.5979167 0.1570313 0.0250000 0.0484375
0 0.2559896 0.4253906 0.0328125 0.0320312
1 0.6760417 0.7914062 0.0312500 0.0359375
5 0.5320312 0.6000000 0.0307292 0.0234375
5 0.4799479 0.3011719 0.0203125 0.0335937
5 0.3333333 0.7757812 0.0291667 0.0328125
1 0.5585938 0.6093750 0.0234375 0.0234375
1 0.5276042 0.6148438 0.0291667 0.0453125
1 0.5989583 0.2113281 0.0291667 0.0367188
2 0.4052083 0.6687500 0.0166667 0.0312500
4 0.5567708 0.1664063 0.0197917 0.0500000
0 0.5302083 0.3312500 0.0312500 0.0296875
1 0.4250000 0.5488281 0.0229167 0.0398437
1 0.5578125 0.6437500 0.0322917 0.0296875
5 0.6333333 0.7410156 0.0333333 0.0242188
4 0.4473958 0.4246094 0.0354167 0.0257812
2 0.2932292 0.5777344 0.0385417 0.0335937
2 0.7286458 0.3359375 0.0281250 0.0406250
3 0.3664062 0.6882812 0.0369792 0.0187500
1 0.6130208 0.7261719 0.0354167 0.0273438
5 0.7622396 0.2667969 0.0171875 0.0382813
2 0.5786458 0.6910156 0.0218750 0.0320312
0 0.5585938 0.4675781 0.0276042 0.0226562
3 0.5440104 0.6550781 0.0317708 0.0257812
4 0.5070313 0.2285156 0.0151042 0.0367188
1 0.4906250 0.6382813 0.0187500 0.0453125
5 0.5234375 0.4652344 0.0281250 0.0320312
3 0.6343750 0.4437500 0.0177083 0.0390625
4 0.3505208 0.4496094 0.0281250 0.0414062
0 0.5234375 0.7664062 0.0375000 0.0265625
0 0.4234375 0.8082031 0.0229167 0.0382813
1 0.4958333 0.7250000 0.0270833 0.0281250
5 0.7450521 0.3453125 0.0161458 0.0343750
1 0.6752604 0.3308594 0.0338542 0.0242188
1 0.4851563 0.5347656 0.0307292 0.0242188
1 0.6500000 0.5675781 0.0302083 0.0335937
1 0.4057292 0.2925781 0.0302083 0.0273438
5 0.6083333 0.8054687 0.0312500 0.0265625
4 0.4856771 0.6800781 0.0338542 0.0273438
1 0.4960938 0.7039062 0.0317708 0.0328125
4 0.4567708 0.2761719 0.0260417 0.0414062
1 0.6125000 0.6664062 0.0322917 0.0328125
2 0.3580729 0.6921875 0.0328125 0.0234375
0 0.5598958 0.1062500 0.0270833 0.0359375
5 0.5184896 0.4406250 0.0359375 0.0265625
5 0.5703125 0.2617188 0.0208333 0.0500000
4 0.3781250 0.7359375 0.0177083 0.0328125
0 0.5846354 0.4222656 0.0171875 0.0273438
1 0.5617188 0.2007812 0.0203125 0.0468750
1 0.7085938 0.6480469 0.0223958 0.0289063
2 0.5427083 0.5796875 0.0343750 0.0281250
3 0.5867187 0.6562500 0.0213542 0.0437500
3 0.5934896 0.4433594 0.0203125 0.0460938
1 0.5820312 0.7984375 0.0328125 0.0250000
3 0.6536458 0.6500000 0.0343750 0.0328125
1 0.5625000 0.7875000 0.0333333 0.0187500
5 0.7044271 0.6718750 0.0317708 0.0296875
5 0.5377604 0.2472656 0.0192708 0.0585938
4 0.5114583 0.7203125 0.0177083 0.0234375
2 0.5989583 0.4574219 0.0364583 0.0242188
2 0.6643229 0.5808594 0.0348958 0.0257812
4 0.5132813 0.3566406 0.0161458 0.0539063
4 0.4398437 0.4644531 0.0130208 0.0304687
4 0.7580729 0.6398438 0.0369792 0.0234375
3 0.4161458 0.5957031 0.0291667 0.0367188
3 0.6182292 0.6164063 0.0270833 0.0265625
2 0.5377604 0.6460938 0.0286458 0.0312500
7 0.4789062 0.9328125 0.0244792 0.0484375
7 0.6466146 0.7238281 0.0234375 0.0320312
10 0.5054688 0.9457031 0.0213542 0.0382813
9 0.6661458 0.5003906 0.0343750 0.0335937
6 0.3067708 0.7136719 0.0322917 0.0304687
10 0.5434896 0.7136719 0.0223958 0.0335937
6 0.4072917 0.7382812 0.0322917 0.0437500
6 0.7117187 0.2125000 0.0328125 0.0328125
8 0.3562500 0.3375000 0.0322917 0.0328125
11 0.2690104 0.4515625 0.0317708 0.0453125
10 0.7460938 0.3750000 0.0338542 0.0328125
11 0.3817708 0.2769531 0.0260417 0.0507812
9 0.5106771 0.2734375 0.0307292 0.0484375
8 0.6726562 0.6601562 0.0317708 0.0343750
10 0.5361979 0.2210938 0.0307292 0.0453125
7 0.5473958 0.9156250 0.0291667 0.0296875
10 0.3953125 0.6273437 0.0281250 0.0296875
11 0.6265625 0.5761719 0.0250000 0.0382813
6 0.7143229 0.6347656 0.0328125 0.0320312
8 0.4882812 0.6648437 0.0234375 0.0390625
