1 0.6578125 0.2054688 0.0260417 0.0187500
0 0.7447917 0.4363281 0.0208333 0.0257812
5 0.5151042 0.6777344 0.0145833 0.0257812
5 0.4007812 0.9644531 0.0140625 0.0367188
5 0.5143229 0.4769531 0.0151042 0.0195312
4 0.4723958 0.7003906 0.0239583 0.0210938
3 0.5270833 0.7257813 0.0145833 0.0359375
5 0.5406250 0.0582031 0.0135417 0.0257812
4 0.6257812 0.1699219 0.0234375 0.0164063
4 0.6924479 0.7394531 0.0244792 0.0179687
2 0.5085937 0.5339844 0.0161458 0.0179687
1 0.4869792 0.6519531 0.0114583 0.0210938
3 0.2791667 0.7718750 0.0270833 0.0203125
0 0.3372396 0.6472656 0.0255208 0.0210938
4 0.6299479 0.1292969 0.0130208 0.0195312
0 0.4968750 0.4699219 0.0166667 0.0304687
2 0.6351562 0.6234375 0.0203125 0.0296875
3 0.5625000 0.6855469 0.0197917 0.0351562
1 0.3955729 0.6789063 0.0140625 0.0390625
3 0.6513021 0.2722656 0.0203125 0.0273438
1 0.4528646 0.6636719 0.0203125 0.0273438
1 0.6877604 0.4277344 0.0151042 0.0320312
3 0.4067708 0.4980469 0.0187500 0.0382813
9 0.3846354 0.5046875 0.0223958 0.0281250
7 0.4713542 0.5304688 0.0166667 0.0265625
8 0.5833333 0.8191406 0.0166667 0.0273438
8 0.5721354 0.6902344 0.0203125 0.0289063
11 0.6208333 0.6207031 0.0239583 0.0304687
6 0.7255208 0.2832031 0.0250000 0.0289063
10 0.4338542 0.7449219 0.0239583 0.0226562
6 0.2976563 0.7445312 0.0161458 0.0375000
10 0.7151042 0.3644531 0.0229167 0.0210938
8 0.4750000 0.5601563 0.0187500 0.0312500
