2 0.6140625 0.8171875 0.0416667 0.0312500
1 0.3932292 0.2281250 0.0229167 0.0421875
2 0.4304688 0.5828125 0.0203125 0.0640625
0 0.5697917 0.6941406 0.0322917 0.0320312
0 0.6890625 0.2664063 0.0177083 0.0375000
4 0.6502604 0.3406250 0.0182292 0.0281250
1 0.5830729 0.2179687 0.0390625 0.0312500
4 0.5898438 0.8015625 0.0401042 0.0328125
3 0.7437500 0.5128906 0.0375000 0.0476562
3 0.4742188 0.2621094 0.0255208 0.0632812
3 0.6760417 0.6492187 0.0416667 0.0343750
5 0.4429688 0.5070313 0.0234375 0.0578125
4 0.2302083 0.5054688 0.0343750 0.0312500
1 0.6885417 0.7414063 0.0437500 0.0343750
3 0.6203125 0.6644531 0.0197917 0.0289063
4 0.5971354 0.5613281 0.0453125 0.0320312
5 0.3398438 0.6808594 0.0348958 0.0367188
1 0.5197917 0.4609375 0.0385417 0.0421875
1 0.3359375 0.5312500 0.0458333 0.0343750
3 0.4528646 0.7089844 0.0380208 0.0304687
3 0.4578125 0.6597656 0.0322917 0.0367188
11 0.5268229 0.4261719 0.0359375 0.0507812
10 0.4656250 0.5761719 0.0239583 0.0351562
7 0.5333333 0.2878906 0.0354167 0.0414062
9 0.3500000 0.1882813 0.0270833 0.0593750
11 0.5901042 0.4929688 0.0343750 0.0359375
10 0.5585938 0.9042969 0.0328125 0.0554687
8 0.7312500 0.3585937 0.0364583 0.0421875
