3 0.5903646 0.8910156 0.0953125 0.1476562
5 0.4085937 0.7320313 0.0651042 0.1484375
4 0.3244792 0.4527344 0.0520833 0.1179687
5 0.2635417 0.2652344 0.1114583 0.0914062
1 0.5270833 0.6675781 0.0781250 0.0757812
0 0.5341146 0.8492188 0.0609375 0.1109375
4 0.6000000 0.4699219 0.0760417 0.0976562
0 0.5322917 0.6550781 0.0843750 0.0789062
0 0.6835938 0.6570312 0.1140625 0.0734375
1 0.2645833 0.4785156 0.0718750 0.1148437
7 0.5994792 0.9589844 0.1010417 0.0804688
8 0.7361979 0.7070312 0.1005208 0.1031250
8 0.3270833 0.8355469 0.0666667 0.1007813
9 0.2994792 0.3414063 0.1020833 0.1265625
6 0.3148437 0.4148438 0.0890625 0.0984375
9 0.4057292 0.7925781 0.0656250 0.1507813
