3 0.3010417 0.2457031 0.0229167 0.0492187
2 0.5424479 0.6285156 0.0234375 0.0289063
1 0.7106771 0.2121094 0.0286458 0.0382813
3 0.2893229 0.4816406 0.0328125 0.0351562
2 0.6007813 0.3253906 0.0296875 0.0273438
0 0.6130208 0.7781250 0.0354167 0.0281250
5 0.7710938 0.4039063 0.0255208 0.0453125
5 0.7000000 0.5691406 0.0385417 0.0289063
2 0.6033854 0.3074219 0.0348958 0.0289063
0 0.4630208 0.8207031 0.0333333 0.0242188
4 0.4359375 0.5234375 0.0197917 0.0359375
0 0.5783854 0.4687500 0.0359375 0.0312500
0 0.3044271 0.3378906 0.0223958 0.0257812
3 0.5596354 0.6742187 0.0234375 0.0515625
0 0.5072917 0.7050781 0.0260417 0.0289063
4 0.7341146 0.4679687 0.0348958 0.0265625
5 0.4403646 0.6304688 0.0161458 0.0218750
1 0.5450521 0.3457031 0.0192708 0.0335937
0 0.4945312 0.8128906 0.0182292 0.0257812
5 0.3651042 0.8308594 0.0343750 0.0242188
2 0.5489583 0.6777344 0.0270833 0.0398437
4 0.4187500 0.7984375 0.0322917 0.0343750
1 0.3041667 0.3253906 0.0208333 0.0570312
2 0.4294271 0.4000000 0.0359375 0.0328125
11 0.3609375 0.2703125 0.0229167 0.0437500
7 0.3231771 0.7453125 0.0286458 0.0515625
6 0.3893229 0.6289062 0.0338542 0.0359375
11 0.6304688 0.2527344 0.0328125 0.0429688
9 0.5445313 0.5183594 0.0317708 0.0351562
9 0.7343750 0.3855469 0.0281250 0.0320312
7 0.6861979 0.2406250 0.0317708 0.0343750
11 0.5343750 0.3933594 0.0239583 0.0523438
8 0.4880208 0.7023438 0.0312500 0.0312500
6 0.4184896 0.4605469 0.0296875 0.0507812
8 0.5674479 0.5941406 0.0223958 0.0445313
6 0.6989583 0.4468750 0.0312500 0.0390625
7 0.5666667 0.3203125 0.0312500 0.0296875
10 0.3153646 0.4238281 0.0223958 0.0335937
10 0.6781250 0.5964844 0.0312500 0.0304687
9 0.4453125 0.9246094 0.0270833 0.0476562
10 0.7276042 0.7285156 0.0218750 0.0507812
10 0.6216146 0.7234375 0.0296875 0.0468750
8 0.3221354 0.4300781 0.0317708 0.0320312
