4 0.5119792 0.5042969 0.0656250 0.0898438
5 0.7848958 0.5898438 0.0947917 0.1328125
2 0.4580729 0.2828125 0.0755208 0.1187500
2 0.5010417 0.7410156 0.0593750 0.1523438
5 0.3919271 0.5402344 0.0963542 0.0679687
2 0.5682292 0.5851563 0.1177083 0.1093750
4 0.7263021 0.3125000 0.0630208 0.1437500
1 0.6651042 0.8503906 0.0687500 0.1539062
5 0.4299479 0.6078125 0.0671875 0.0734375
0 0.4630208 0.6628906 0.0937500 0.0835937
3 0.5723958 0.3234375 0.0885417 0.1234375
5 0.6419271 0.4519531 0.1078125 0.0976562
4 0.6091146 0.5699219 0.0421875 0.1398437
1 0.2875000 0.3804688 0.1000000 0.0859375
3 0.4750000 0.2855469 0.0833333 0.1148437
5 0.2328125 0.5000000 0.0708333 0.1421875
3 0.7098958 0.3164062 0.1083333 0.0843750
4 0.6864583 0.4656250 0.0916667 0.1140625
4 0.3052083 0.6566406 0.0541667 0.0945312
5 0.7046875 0.7042969 0.0645833 0.1539062
1 0.4614583 0.1617187 0.0614583 0.1453125
0 0.5893229 0.4039063 0.0807292 0.0859375
4 0.6161458 0.1996094 0.1020833 0.0945312
2 0.6044271 0.5417969 0.0859375 0.1148437
0 0.5242187 0.5480469 0.0880208 0.0929688
3 0.4125000 0.7062500 0.0697917 0.0796875
2 0.6690104 0.3183594 0.0494792 0.1554687
4 0.7062500 0.7203125 0.0979167 0.0906250
5 0.5776042 0.5863281 0.0927083 0.1382812
4 0.5635417 0.5625000 0.0864583 0.0703125
4 0.4382813 0.8707031 0.0609375 0.1195313
0 0.5960937 0.8847656 0.0869792 0.1117188
3 0.3255208 0.5703125 0.0520833 0.1250000
4 0.6601562 0.3347656 0.0869792 0.1023437
1 0.4229167 0.4476562 0.0583333 0.1468750
0 0.5687500 0.1390625 0.0593750 0.1546875
3 0.7182292 0.0695313 0.1031250 0.0796875
2 0.5841146 0.3000000 0.0515625 0.1000000
10 0.4914062 0.4546875 0.0671875 0.0828125
8 0.3945312 0.4242187 0.0807292 0.1218750
7 0.5109375 0.3121094 0.0562500 0.0867187
7 0.6062500 0.4738281 0.0583333 0.1351563
8 0.5627604 0.5207031 0.0755208 0.0898438
8 0.7705729 0.5621094 0.0682292 0.0992187
7 0.4119792 0.8921875 0.0760417 0.1281250
9 0.4062500 0.3515625 0.1000000 0.0968750
7 0.3283854 0.6523438 0.0942708 0.1187500
7 0.6888021 0.2062500 0.0713542 0.1406250
11 0.6859375 0.8023438 0.0583333 0.0890625
8 0.4916667 0.3898437 0.0593750 0.0968750
9 0.6838542 0.5476562 0.0927083 0.1000000
8 0.5846354 0.5671875 0.0973958 0.0937500
11 0.6197917 0.5730469 0.0875000 0.1382812
9 0.5752604 0.3808594 0.0661458 0.1523438
9 0.2184896 0.4992187 0.0911458 0.1078125
