4 0.5940104 0.0824219 0.0182292 0.0304687
0 0.4109375 0.2445313 0.0229167 0.0562500
2 0.5755208 0.6925781 0.0375000 0.0320312
5 0.5632812 0.4171875 0.0411458 0.0375000
3 0.4684896 0.5253906 0.0171875 0.0476562
0 0.7656250 0.5191406 0.0385417 0.0335937
3 0.6250000 0.6507812 0.0208333 0.0265625
2 0.6713542 0.0429688 0.0239583 0.0640625
1 0.4984375 0.4242187 0.0364583 0.0296875
4 0.4554687 0.1195313 0.0223958 0.0578125
2 0.6479167 0.4753906 0.0187500 0.0414062
1 0.3414063 0.2660156 0.0203125 0.0554687
0 0.4619792 0.1378906 0.0375000 0.0320312
2 0.7697917 0.7542969 0.0416667 0.0273438
2 0.3835938 0.6199219 0.0348958 0.0476562
3 0.6664062 0.1957031 0.0192708 0.0273438
1 0.6700521 0.3078125 0.0182292 0.0328125
3 0.6192708 0.4906250 0.0208333 0.0625000
2 0.7317708 0.4937500 0.0333333 0.0312500
0 0.4257812 0.2792969 0.0390625 0.0273438
3 0.5557292 0.4906250 0.0416667 0.0296875
5 0.6927083 0.8710938 0.0385417 0.0281250
0 0.2492187 0.4484375 0.0338542 0.0375000
3 0.4643229 0.8121094 0.0234375 0.0617188
5 0.6794271 0.5898438 0.0244792 0.0343750
2 0.4882812 0.1406250 0.0213542 0.0578125
1 0.3867188 0.2890625 0.0223958 0.0281250
5 0.4700521 0.3316406 0.0380208 0.0304687
0 0.3093750 0.4015625 0.0260417 0.0546875
4 0.4984375 0.1527344 0.0302083 0.0398437
3 0.5690104 0.4468750 0.0380208 0.0312500
5 0.6333333 0.4699219 0.0250000 0.0242188
2 0.7523437 0.2640625 0.0401042 0.0343750
5 0.5763021 0.2500000 0.0265625 0.0390625
11 0.5783854 0.3625000 0.0328125 0.0421875
10 0.6044271 0.4289062 0.0359375 0.0546875
9 0.2468750 0.5925781 0.0354167 0.0398437
9 0.3895833 0.3375000 0.0385417 0.0468750
7 0.7585937 0.5972656 0.0348958 0.0367188
6 0.5026042 0.5609375 0.0281250 0.0515625
9 0.6078125 0.5656250 0.0281250 0.0359375
7 0.5377604 0.3191406 0.0223958 0.0523438
7 0.5869792 0.4691406 0.0385417 0.0429688
7 0.5070313 0.7597656 0.0380208 0.0351562
6 0.5872396 0.5281250 0.0244792 0.0578125
6 0.5401042 0.4808594 0.0281250 0.0382813
7 0.4653646 0.3699219 0.0369792 0.0382813
11 0.7312500 0.4371094 0.0343750 0.0367188
