2 0.4171875 0.7781250 0.0208333 0.0281250
5 0.3309896 0.7585937 0.0317708 0.0234375
1 0.6898437 0.3031250 0.0296875 0.0203125
4 0.2932292 0.5390625 0.0270833 0.0296875
5 0.5502604 0.6511719 0.0328125 0.0257812
4 0.6617188 0.6187500 0.0328125 0.0203125
5 0.4976563 0.3000000 0.0307292 0.0187500
2 0.3505208 0.7515625 0.0312500 0.0218750
2 0.4395833 0.3308594 0.0312500 0.0335937
2 0.4281250 0.3429687 0.0145833 0.0250000
0 0.6013021 0.5316406 0.0328125 0.0226562
1 0.4049479 0.4191406 0.0296875 0.0226562
3 0.3510417 0.5878906 0.0208333 0.0320312
4 0.5817708 0.3433594 0.0260417 0.0289063
1 0.5721354 0.7800781 0.0140625 0.0460938
4 0.6445312 0.7425781 0.0276042 0.0289063
3 0.3973958 0.2089844 0.0229167 0.0382813
1 0.5341146 0.2335937 0.0265625 0.0218750
2 0.4130208 0.1429688 0.0208333 0.0437500
3 0.3684896 0.7968750 0.0234375 0.0312500
5 0.6958333 0.3953125 0.0333333 0.0312500
2 0.4932292 0.7140625 0.0291667 0.0203125
5 0.5013021 0.5777344 0.0307292 0.0273438
11 0.7812500 0.4976563 0.0250000 0.0390625
6 0.4255208 0.6402344 0.0291667 0.0289063
9 0.2473958 0.4546875 0.0302083 0.0281250
10 0.4057292 0.5687500 0.0197917 0.0437500
7 0.4937500 0.5433594 0.0218750 0.0382813
7 0.4393229 0.6398438 0.0265625 0.0312500
6 0.5414062 0.6222656 0.0276042 0.0289063
11 0.4059896 0.3808594 0.0296875 0.0289063
8 0.4736979 0.6261719 0.0223958 0.0398437
9 0.3494792 0.5019531 0.0187500 0.0398437
11 0.5447917 0.4343750 0.0312500 0.0312500
7 0.6164063 0.8160156 0.0265625 0.0257812
