1 0.3635417 0.5128906 0.0250000 0.0414062
4 0.7406250 0.5839844 0.0468750 0.0445313
3 0.4184896 0.3242188 0.0296875 0.0578125
4 0.5286458 0.8800781 0.0229167 0.0585938
4 0.5598958 0.7296875 0.0343750 0.0609375
1 0.4135417 0.5906250 0.0437500 0.0421875
8 0.6153646 0.3328125 0.0359375 0.0718750
10 0.5549479 0.8066406 0.0338542 0.0726563
11 0.6869792 0.1414063 0.0489583 0.0703125
10 0.5445313 0.5585938 0.0359375 0.0703125
8 0.6750000 0.4558594 0.0510417 0.0648438
11 0.5377604 0.6398438 0.0338542 0.0765625
8 0.3330729 0.8316406 0.0526042 0.0554687
6 0.6486979 0.6476563 0.0536458 0.0515625
11 0.6976562 0.5273438 0.0442708 0.0640625
11 0.4492188 0.1746094 0.0432292 0.0679687
10 0.3966146 0.2390625 0.0453125 0.0671875
11 0.6252604 0.7257813 0.0526042 0.0609375
11 0.3971354 0.4441406 0.0578125 0.0710937
6 0.5080729 0.5367188 0.0463542 0.0687500
