4 0.4630208 0.5347656 0.0395833 0.0929688
5 0.3812500 0.5742188 0.0635417 0.0546875
1 0.2307292 0.5445313 0.0541667 0.0968750
1 0.6804687 0.4218750 0.0630208 0.0796875
3 0.7653646 0.4144531 0.0598958 0.0492187
3 0.6372396 0.2761719 0.0463542 0.1070312
3 0.4656250 0.6718750 0.0666667 0.0500000
4 0.5585938 0.4503906 0.0380208 0.0492187
5 0.6377604 0.5230469 0.0463542 0.0460938
5 0.5664062 0.1824219 0.0390625 0.1117188
2 0.3427083 0.5140625 0.0750000 0.0562500
1 0.6526042 0.2250000 0.0458333 0.0593750
5 0.7138021 0.4238281 0.0640625 0.0476562
5 0.6179687 0.4613281 0.0619792 0.0742188
1 0.2885417 0.6773438 0.0281250 0.0906250
0 0.6622396 0.3390625 0.0557292 0.0515625
3 0.6947917 0.6968750 0.0697917 0.0546875
0 0.6338542 0.6640625 0.0385417 0.0656250
3 0.4460938 0.3812500 0.0453125 0.1234375
1 0.4432292 0.8527344 0.0625000 0.0632812
5 0.7148438 0.3250000 0.0776042 0.0484375
0 0.6716146 0.1253906 0.0411458 0.1101562
5 0.6822917 0.2144531 0.0750000 0.0460938
4 0.5786458 0.6484375 0.0552083 0.0968750
1 0.4067708 0.3148437 0.0458333 0.0843750
0 0.4304688 0.7992187 0.0557292 0.0953125
0 0.6445312 0.5019531 0.0526042 0.0914062
3 0.4734375 0.6925781 0.0479167 0.0914062
2 0.4481771 0.4695313 0.0359375 0.0656250
1 0.7088542 0.3652344 0.0677083 0.0773438
4 0.7408854 0.5058594 0.0796875 0.0539063
5 0.5966146 0.4808594 0.0369792 0.1101562
5 0.4106771 0.4753906 0.0432292 0.1132812
3 0.5768229 0.2996094 0.0401042 0.1007813
2 0.5726562 0.4777344 0.0588542 0.0929688
2 0.5768229 0.7558594 0.0671875 0.0507812
4 0.4765625 0.8410156 0.0395833 0.0554687
2 0.4507813 0.2617188 0.0765625 0.0609375
0 0.4625000 0.3523438 0.0302083 0.0562500
4 0.2466146 0.4417969 0.0453125 0.0898438
3 0.4307292 0.6214844 0.0395833 0.0617188
1 0.6890625 0.5675781 0.0729167 0.0507812
5 0.5630208 0.2785156 0.0677083 0.0492187
4 0.6945313 0.8308594 0.0682292 0.0632812
0 0.6614583 0.3593750 0.0697917 0.0500000
2 0.7208333 0.7457031 0.0697917 0.0414062
4 0.4843750 0.3171875 0.0458333 0.0609375
2 0.3606771 0.7363281 0.0557292 0.0945312
1 0.5807292 0.4703125 0.0729167 0.0468750
11 0.4953125 0.7429687 0.0406250 0.0937500
10 0.4320312 0.2308594 0.0609375 0.0617188
6 0.3854167 0.6281250 0.0447917 0.0671875
6 0.2786458 0.2242187 0.0656250 0.0640625
9 0.5453125 0.2949219 0.0541667 0.1023437
7 0.5484375 0.3085938 0.0625000 0.0953125
7 0.4270833 0.8394531 0.0562500 0.0882813
7 0.5994792 0.8890625 0.0614583 0.1000000
7 0.5796875 0.3160156 0.0531250 0.0914062
6 0.6786458 0.7175781 0.0635417 0.1023437
