0 0.4864583 0.7441406 0.0947917 0.0679687
3 0.6294271 0.3238281 0.0984375 0.0804688
3 0.4200521 0.1945312 0.0671875 0.1343750
1 0.3765625 0.6914062 0.0531250 0.1078125
5 0.5872396 0.6355469 0.0755208 0.0867187
4 0.3513021 0.6144531 0.0505208 0.1195313
3 0.6638021 0.3269531 0.1005208 0.0820312
0 0.2919271 0.3218750 0.0536458 0.1437500
0 0.4104167 0.5597656 0.0447917 0.1132812
2 0.6588542 0.1050781 0.0989583 0.0679687
3 0.3278646 0.7527344 0.0953125 0.0757812
7 0.4252604 0.3875000 0.0828125 0.1312500
11 0.8119792 0.7285156 0.0937500 0.0914062
9 0.7307292 0.3035156 0.0854167 0.0851563
11 0.6088542 0.1957031 0.0864583 0.1414063
6 0.3578125 0.6726562 0.0958333 0.1000000
10 0.2895833 0.5757813 0.0916667 0.0921875
9 0.5026042 0.6125000 0.0833333 0.1031250
6 0.5726562 0.4082031 0.0578125 0.1320312
6 0.7661458 0.8035156 0.0895833 0.0898438
7 0.6138021 0.2910156 0.0619792 0.0851563
11 0.4372396 0.7273437 0.0807292 0.0890625
6 0.4265625 0.5660156 0.0760417 0.0835937
8 0.3539062 0.8250000 0.0984375 0.1078125
