2 0.5585938 0.8035156 0.0348958 0.0523438
2 0.5846354 0.7148438 0.0203125 0.0640625
1 0.6460938 0.2523437 0.0203125 0.0515625
3 0.6588542 0.4027344 0.0250000 0.0710937
2 0.4341146 0.3121094 0.0463542 0.0335937
0 0.6429687 0.5242187 0.0432292 0.0359375
2 0.4393229 0.3472656 0.0411458 0.0445313
0 0.5583333 0.5292969 0.0437500 0.0242188
2 0.2921875 0.6281250 0.0406250 0.0546875
0 0.5429688 0.4781250 0.0411458 0.0328125
3 0.5552083 0.5519531 0.0385417 0.0351562
5 0.6518229 0.6378906 0.0213542 0.0367188
5 0.6080729 0.2679687 0.0255208 0.0640625
0 0.6473958 0.4328125 0.0250000 0.0609375
4 0.5937500 0.5300781 0.0312500 0.0382813
3 0.6820312 0.3937500 0.0432292 0.0281250
5 0.3375000 0.4261719 0.0447917 0.0304687
4 0.4205729 0.1320312 0.0380208 0.0562500
4 0.3752604 0.3281250 0.0442708 0.0421875
4 0.5565104 0.1972656 0.0442708 0.0289063
5 0.5106771 0.4003906 0.0453125 0.0351562
5 0.5986979 0.4046875 0.0421875 0.0437500
3 0.5421875 0.2914062 0.0333333 0.0406250
1 0.5864583 0.2601562 0.0427083 0.0375000
1 0.6250000 0.8335938 0.0177083 0.0359375
1 0.4049479 0.7125000 0.0390625 0.0531250
1 0.6752604 0.3191406 0.0421875 0.0289063
3 0.6559896 0.1769531 0.0276042 0.0335937
1 0.4875000 0.5808594 0.0437500 0.0320312
2 0.5523438 0.3101563 0.0213542 0.0421875
5 0.4054687 0.2250000 0.0296875 0.0656250
5 0.4986979 0.1523438 0.0369792 0.0296875
3 0.5742188 0.5925781 0.0265625 0.0726563
1 0.3656250 0.6335937 0.0312500 0.0593750
0 0.6263021 0.7308594 0.0390625 0.0460938
1 0.6864583 0.3468750 0.0489583 0.0343750
0 0.5359375 0.4984375 0.0395833 0.0437500
1 0.5757813 0.3898437 0.0213542 0.0296875
5 0.6078125 0.5972656 0.0364583 0.0320312
1 0.5622396 0.8074219 0.0453125 0.0304687
3 0.5356771 0.3347656 0.0213542 0.0429688
0 0.4921875 0.1242188 0.0364583 0.0578125
2 0.5721354 0.8660156 0.0505208 0.0398437
4 0.7273437 0.4882812 0.0401042 0.0343750
0 0.5046875 0.8937500 0.0302083 0.0718750
3 0.7317708 0.2546875 0.0395833 0.0468750
0 0.7299479 0.3382812 0.0380208 0.0437500
11 0.5697917 0.5398437 0.0354167 0.0453125
9 0.6687500 0.1664063 0.0270833 0.0640625
7 0.6312500 0.5253906 0.0416667 0.0429688
10 0.5950521 0.1925781 0.0307292 0.0539063
7 0.4947917 0.7859375 0.0375000 0.0437500
