0 0.4757812 0.5058594 0.0359375 0.0304687
0 0.4309896 0.5425781 0.0182292 0.0570312
0 0.3278646 0.6789063 0.0390625 0.0421875
0 0.6882812 0.3812500 0.0411458 0.0265625
2 0.3692708 0.2605469 0.0375000 0.0335937
5 0.6111979 0.3765625 0.0421875 0.0421875
5 0.7187500 0.2136719 0.0416667 0.0335937
4 0.5210938 0.1660156 0.0411458 0.0320312
0 0.6403646 0.7476563 0.0328125 0.0515625
2 0.4841146 0.4929688 0.0421875 0.0359375
5 0.6822917 0.4281250 0.0395833 0.0343750
5 0.5463542 0.5125000 0.0218750 0.0671875
4 0.6752604 0.4535156 0.0380208 0.0304687
3 0.4023438 0.2433594 0.0390625 0.0273438
2 0.4731771 0.2453125 0.0244792 0.0421875
3 0.4234375 0.2210938 0.0260417 0.0562500
4 0.4638021 0.6410156 0.0421875 0.0320312
3 0.5520833 0.1664063 0.0229167 0.0390625
2 0.5200521 0.1746094 0.0223958 0.0273438
0 0.4710937 0.3558594 0.0453125 0.0320312
1 0.6966146 0.6378906 0.0390625 0.0257812
2 0.5455729 0.1757812 0.0265625 0.0640625
5 0.4942708 0.6921875 0.0291667 0.0390625
5 0.6833333 0.4976563 0.0416667 0.0421875
4 0.5044271 0.1726563 0.0223958 0.0484375
0 0.6039062 0.5328125 0.0359375 0.0328125
5 0.3471354 0.3886719 0.0223958 0.0664062
3 0.6947917 0.3839844 0.0385417 0.0351562
0 0.4763021 0.5722656 0.0317708 0.0304687
3 0.6315104 0.2730469 0.0369792 0.0289063
2 0.3992188 0.2035156 0.0182292 0.0289063
4 0.5127604 0.7714844 0.0317708 0.0414062
0 0.5598958 0.5070313 0.0250000 0.0531250
5 0.5453125 0.5535156 0.0260417 0.0320312
4 0.6822917 0.5937500 0.0447917 0.0296875
4 0.6708333 0.5632812 0.0395833 0.0281250
0 0.4825521 0.4171875 0.0192708 0.0609375
4 0.5940104 0.5953125 0.0380208 0.0296875
2 0.3794271 0.2496094 0.0380208 0.0476562
0 0.5622396 0.2222656 0.0411458 0.0289063
4 0.5494792 0.4156250 0.0260417 0.0421875
1 0.5455729 0.3429687 0.0380208 0.0312500
4 0.6072917 0.3031250 0.0406250 0.0281250
0 0.6390625 0.4832031 0.0447917 0.0273438
4 0.7393229 0.3425781 0.0276042 0.0320312
3 0.4710937 0.7765625 0.0411458 0.0343750
0 0.2322917 0.4332031 0.0447917 0.0304687
0 0.3658854 0.4597656 0.0265625 0.0351562
0 0.6877604 0.2640625 0.0453125 0.0296875
7 0.4593750 0.1535156 0.0291667 0.0414062
8 0.6552083 0.6121094 0.0375000 0.0367188
11 0.2726562 0.5464844 0.0401042 0.0492187
11 0.5320312 0.3363281 0.0255208 0.0601563
8 0.6059896 0.4761719 0.0442708 0.0429688
6 0.3875000 0.4386719 0.0239583 0.0554687
9 0.3981771 0.2375000 0.0234375 0.0546875
10 0.4317708 0.8882813 0.0385417 0.0390625
8 0.4674479 0.5765625 0.0380208 0.0546875
