5 0.5304688 0.4734375 0.0859375 0.1093750
5 0.5179687 0.2769531 0.0536458 0.1695312
4 0.5052083 0.4246094 0.0583333 0.1007813
5 0.5330729 0.5410156 0.0661458 0.1585938
2 0.6786458 0.6621094 0.1010417 0.0695313
2 0.5184896 0.7472656 0.0911458 0.0695313
3 0.5947917 0.5765625 0.0552083 0.1156250
5 0.6190104 0.1402344 0.1046875 0.0742188
2 0.4955729 0.4093750 0.1088542 0.0812500
5 0.4325521 0.5699219 0.0619792 0.0632812
1 0.4651042 0.2031250 0.0937500 0.1140625
2 0.4335938 0.3507812 0.0796875 0.0875000
1 0.3442708 0.4402344 0.0958333 0.0789062
1 0.3518229 0.5414062 0.0932292 0.0656250
1 0.5458333 0.7285156 0.0604167 0.1726563
2 0.3575521 0.8039063 0.1026042 0.0781250
2 0.3406250 0.5285156 0.0802083 0.1523438
5 0.6161458 0.6972656 0.0947917 0.1195313
0 0.6559896 0.3332031 0.0828125 0.0742188
2 0.5994792 0.5976562 0.1031250 0.0687500
5 0.3010417 0.8269531 0.0968750 0.0726563
2 0.7296875 0.5464844 0.1114583 0.0773438
5 0.4531250 0.5648437 0.0708333 0.1437500
0 0.5791667 0.1328125 0.0614583 0.1515625
5 0.6966146 0.4234375 0.1067708 0.0765625
7 0.5078125 0.2257812 0.0916667 0.1000000
6 0.6653646 0.8312500 0.0671875 0.1296875
10 0.4861979 0.5277344 0.0828125 0.0867187
8 0.3950521 0.7667969 0.0703125 0.1132812
8 0.4028646 0.7937500 0.0973958 0.0968750
11 0.4492188 0.2312500 0.0609375 0.1140625
6 0.4807292 0.0585938 0.0760417 0.1031250
8 0.4796875 0.4562500 0.0760417 0.1437500
7 0.2703125 0.6238281 0.0958333 0.0992187
8 0.4645833 0.3527344 0.0812500 0.1335938
