3 0.3023438 0.7691406 0.0182292 0.0320312
1 0.5075521 0.9800781 0.0192708 0.0382813
5 0.6408854 0.7589844 0.0182292 0.0523438
5 0.6281250 0.2984375 0.0281250 0.0343750
1 0.3518229 0.5613281 0.0338542 0.0242188
4 0.6239583 0.3824219 0.0218750 0.0398437
2 0.3216146 0.6082031 0.0171875 0.0492187
5 0.4486979 0.6898437 0.0359375 0.0265625
2 0.5083333 0.5164062 0.0291667 0.0343750
1 0.4966146 0.7636719 0.0307292 0.0257812
2 0.6338542 0.4433594 0.0302083 0.0210938
5 0.2898438 0.3488281 0.0348958 0.0242188
2 0.5786458 0.5898438 0.0218750 0.0343750
6 0.3174479 0.3378906 0.0307292 0.0367188
6 0.5627604 0.4929688 0.0223958 0.0453125
