2 0.5023437 0.4957031 0.0546875 0.0523438
1 0.5473958 0.5503906 0.0520833 0.1070312
5 0.6966146 0.6015625 0.0598958 0.0921875
4 0.4703125 0.8601562 0.0541667 0.0578125
4 0.4223958 0.1343750 0.0697917 0.1156250
3 0.5148438 0.7195312 0.0578125 0.1171875
3 0.3002604 0.2460938 0.0880208 0.0703125
5 0.6127604 0.2753906 0.0640625 0.0554687
5 0.4205729 0.8585938 0.0546875 0.1046875
5 0.7135417 0.6343750 0.0510417 0.0890625
3 0.6182292 0.5699219 0.0812500 0.0523438
4 0.3830729 0.1328125 0.0432292 0.1171875
3 0.2838542 0.4691406 0.0843750 0.0664062
2 0.4429688 0.3667969 0.0796875 0.0523438
0 0.4276042 0.7750000 0.0843750 0.0578125
3 0.7184896 0.4085937 0.0932292 0.0625000
1 0.6877604 0.4156250 0.0807292 0.0546875
3 0.4299479 0.3058594 0.0869792 0.0898438
4 0.4700521 0.5699219 0.0463542 0.0851563
2 0.5335937 0.4687500 0.0807292 0.0578125
3 0.5656250 0.2667969 0.0572917 0.0726563
3 0.3033854 0.7578125 0.0817708 0.0546875
3 0.4684896 0.4964844 0.0390625 0.1039063
2 0.3468750 0.5769531 0.0781250 0.0617188
4 0.6317708 0.7136719 0.0781250 0.0898438
2 0.6614583 0.1433594 0.0718750 0.0851563
1 0.7403646 0.3218750 0.0692708 0.1031250
3 0.5606771 0.8574219 0.0838542 0.0757812
1 0.3221354 0.6867188 0.0807292 0.0718750
1 0.6289062 0.4425781 0.0484375 0.0632812
4 0.6234375 0.4476562 0.0666667 0.0562500
5 0.3218750 0.7320313 0.0541667 0.0750000
5 0.3343750 0.4445312 0.0375000 0.0625000
0 0.4739583 0.6386719 0.0656250 0.0632812
3 0.6916667 0.3429687 0.0687500 0.1000000
10 0.5838542 0.5425781 0.0604167 0.1164063
10 0.7596354 0.7546875 0.0671875 0.0843750
