4 0.5783854 0.6496094 0.0223958 0.0429688
5 0.4000000 0.6066406 0.0281250 0.0289063
3 0.5195312 0.6242188 0.0234375 0.0296875
0 0.4804688 0.2507813 0.0421875 0.0265625
1 0.6471354 0.4222656 0.0421875 0.0289063
0 0.7854167 0.6074219 0.0302083 0.0523438
2 0.6361979 0.2468750 0.0255208 0.0546875
4 0.5135417 0.5433594 0.0229167 0.0492187
0 0.6437500 0.2039063 0.0395833 0.0328125
4 0.2830729 0.5917969 0.0171875 0.0429688
0 0.4817708 0.6546875 0.0270833 0.0500000
5 0.6721354 0.4386719 0.0338542 0.0320312
1 0.6492187 0.3992188 0.0401042 0.0281250
2 0.3609375 0.6824219 0.0375000 0.0273438
0 0.4828125 0.6566406 0.0260417 0.0257812
4 0.4846354 0.3859375 0.0296875 0.0312500
5 0.4104167 0.3308594 0.0208333 0.0460938
2 0.6716146 0.7644531 0.0421875 0.0304687
9 0.7166667 0.4121094 0.0291667 0.0367188
6 0.6666667 0.0792969 0.0385417 0.0382813
8 0.7781250 0.6359375 0.0333333 0.0359375
11 0.6135417 0.6289062 0.0375000 0.0406250
9 0.3343750 0.2964844 0.0354167 0.0351562
9 0.4270833 0.2457031 0.0385417 0.0492187
