1 0.6817708 0.1843750 0.0802083 0.1843750
4 0.3416667 0.7316406 0.1447917 0.1070312
0 0.6377604 0.2500000 0.0817708 0.2218750
4 0.3536458 0.8007812 0.0739583 0.0734375
4 0.4671875 0.1593750 0.1166667 0.1015625
1 0.6729167 0.2910156 0.0833333 0.1835938
2 0.5716146 0.6070313 0.1348958 0.1156250
1 0.6354167 0.7628906 0.0677083 0.1679688
0 0.5736979 0.6695313 0.1057292 0.1734375
3 0.7528646 0.8070312 0.1338542 0.0937500
2 0.4229167 0.2679687 0.0635417 0.1546875
4 0.4283854 0.6976562 0.0921875 0.1296875
4 0.5937500 0.6472656 0.1072917 0.1351563
4 0.5208333 0.5753906 0.1520833 0.1148437
0 0.3533854 0.5234375 0.1536458 0.1125000
5 0.5335937 0.1363281 0.1057292 0.1804688
5 0.5703125 0.0714844 0.0770833 0.1320312
0 0.4197917 0.8992187 0.0916667 0.1937500
3 0.3947917 0.3503906 0.1333333 0.0757812
2 0.4713542 0.8812500 0.0781250 0.1046875
0 0.6424479 0.7203125 0.1130208 0.2218750
4 0.4127604 0.4074219 0.0765625 0.1179687
1 0.2666667 0.7503906 0.1343750 0.1148437
4 0.3013021 0.4207031 0.1505208 0.1117188
0 0.4757812 0.2421875 0.0838542 0.1281250
5 0.4989583 0.0847656 0.0895833 0.1617187
3 0.5890625 0.4066406 0.1322917 0.0945312
2 0.3893229 0.7335938 0.1046875 0.1828125
1 0.6031250 0.5953125 0.1416667 0.1125000
2 0.7335938 0.5082031 0.0630208 0.1867187
0 0.3101563 0.3867188 0.1286458 0.1578125
4 0.6010417 0.1906250 0.1239583 0.1046875
4 0.6794271 0.6191406 0.1265625 0.1398437
1 0.6239583 0.2550781 0.1197917 0.0945312
5 0.4205729 0.6847656 0.0838542 0.1648438
3 0.5458333 0.1449219 0.0760417 0.1773437
0 0.3986979 0.3496094 0.1088542 0.1085938
5 0.5643229 0.5484375 0.1494792 0.1062500
5 0.4375000 0.4753906 0.1322917 0.1257813
4 0.5018229 0.4289062 0.1192708 0.0921875
3 0.3950521 0.0421875 0.1026042 0.0843750
5 0.3708333 0.3308594 0.0739583 0.1132812
3 0.6697917 0.6359375 0.1312500 0.1156250
3 0.2856771 0.3484375 0.0661458 0.1453125
5 0.6252604 0.5562500 0.0661458 0.2015625
1 0.5687500 0.4593750 0.1302083 0.0937500
0 0.2968750 0.7109375 0.1260417 0.1187500
4 0.8054687 0.7808594 0.1369792 0.0835937
3 0.3708333 0.1636719 0.1385417 0.1007813
4 0.6934896 0.3632812 0.1411458 0.1015625
1 0.4809896 0.4972656 0.0786458 0.1398437
8 0.5903646 0.0292969 0.0817708 0.0585938
6 0.3705729 0.7531250 0.1338542 0.1281250
6 0.6213542 0.7582031 0.1197917 0.1476562
6 0.6799479 0.5160156 0.0796875 0.1335938
6 0.3205729 0.7988281 0.1088542 0.1976563
8 0.4276042 0.4085937 0.0906250 0.1515625
8 0.5585938 0.2828125 0.1182292 0.1406250
7 0.2450521 0.3289063 0.1161458 0.1953125
6 0.6713542 0.1121094 0.0885417 0.2054688
11 0.7955729 0.8925781 0.1234375 0.1226562
6 0.6924479 0.8328125 0.1265625 0.1406250
6 0.7786458 0.6761719 0.1375000 0.1335938
7 0.7492188 0.2859375 0.1411458 0.1921875
7 0.6776042 0.1660156 0.1218750 0.1304687
8 0.4041667 0.4707031 0.1177083 0.1414063
10 0.5695313 0.9234375 0.1213542 0.1187500
9 0.2138021 0.4847656 0.1213542 0.1304687
9 0.6033854 0.2757812 0.1203125 0.1734375
