3 0.5505208 0.6929688 0.0156250 0.0421875
5 0.3773437 0.5687500 0.0276042 0.0250000
2 0.4984375 0.6812500 0.0197917 0.0187500
4 0.5231771 0.7300781 0.0171875 0.0382813
2 0.3947917 0.3816406 0.0145833 0.0382813
4 0.4799479 0.6882812 0.0192708 0.0406250
4 0.5174479 0.4273438 0.0130208 0.0390625
4 0.6690104 0.6683594 0.0276042 0.0226562
1 0.5434896 0.4609375 0.0161458 0.0234375
5 0.5166667 0.2675781 0.0281250 0.0179687
3 0.5645833 0.5441406 0.0114583 0.0289063
5 0.4901042 0.4500000 0.0145833 0.0218750
0 0.6174479 0.4210937 0.0140625 0.0265625
5 0.6450521 0.3015625 0.0265625 0.0218750
1 0.6218750 0.3984375 0.0218750 0.0234375
2 0.5546875 0.5328125 0.0187500 0.0312500
4 0.3473958 0.4828125 0.0187500 0.0250000
5 0.5138021 0.4046875 0.0213542 0.0359375
5 0.3757813 0.4949219 0.0119792 0.0320312
4 0.4549479 0.2820313 0.0130208 0.0265625
1 0.4130208 0.3476562 0.0270833 0.0250000
4 0.5692708 0.6281250 0.0239583 0.0281250
2 0.3346354 0.4511719 0.0265625 0.0226562
2 0.4192708 0.3632812 0.0281250 0.0218750
0 0.4432292 0.1746094 0.0187500 0.0179687
3 0.5966146 0.4628906 0.0119792 0.0335937
1 0.5973958 0.3378906 0.0125000 0.0367188
1 0.3622396 0.4082031 0.0140625 0.0195312
3 0.3122396 0.5035156 0.0182292 0.0351562
1 0.6890625 0.8468750 0.0281250 0.0187500
1 0.6385417 0.6968750 0.0125000 0.0312500
0 0.6171875 0.6714844 0.0166667 0.0257812
1 0.6901042 0.6886719 0.0125000 0.0335937
4 0.4559896 0.5027344 0.0140625 0.0257812
5 0.7549479 0.4593750 0.0286458 0.0250000
4 0.5190104 0.4027344 0.0203125 0.0304687
1 0.4984375 0.3867188 0.0208333 0.0265625
1 0.4580729 0.4734375 0.0171875 0.0359375
0 0.4242187 0.2363281 0.0161458 0.0367188
0 0.6682292 0.6066406 0.0229167 0.0195312
5 0.5671875 0.4437500 0.0239583 0.0359375
0 0.6552083 0.8523437 0.0197917 0.0234375
1 0.7145833 0.5542969 0.0218750 0.0304687
4 0.5807292 0.3867188 0.0104167 0.0281250
2 0.8039063 0.6542969 0.0265625 0.0195312
0 0.5377604 0.5941406 0.0265625 0.0304687
2 0.3395833 0.6574219 0.0302083 0.0273438
2 0.4080729 0.6128906 0.0192708 0.0226562
4 0.4440104 0.2695312 0.0213542 0.0281250
0 0.4651042 0.6648437 0.0135417 0.0375000
1 0.2505208 0.3968750 0.0270833 0.0203125
0 0.2677083 0.5738281 0.0250000 0.0242188
3 0.4479167 0.5312500 0.0208333 0.0328125
0 0.5664062 0.2613281 0.0182292 0.0195312
1 0.3203125 0.5191406 0.0260417 0.0148437
3 0.4411458 0.7664062 0.0197917 0.0203125
8 0.6585937 0.5058594 0.0234375 0.0273438
6 0.5156250 0.5433594 0.0166667 0.0242188
11 0.3200521 0.6433594 0.0182292 0.0367188
10 0.7005208 0.6527344 0.0177083 0.0242188
9 0.6533854 0.2542969 0.0182292 0.0398437
7 0.5070313 0.3058594 0.0161458 0.0382813
9 0.4372396 0.2109375 0.0255208 0.0375000
11 0.4119792 0.6195312 0.0166667 0.0343750
6 0.5380208 0.1160156 0.0229167 0.0382813
