5 0.4630208 0.5332031 0.0260417 0.0242188
1 0.5463542 0.8808594 0.0229167 0.0414062
4 0.6666667 0.6695313 0.0291667 0.0328125
4 0.6898437 0.4667969 0.0276042 0.0195312
0 0.7174479 0.4765625 0.0348958 0.0250000
1 0.3976562 0.5507812 0.0171875 0.0390625
5 0.3713542 0.2488281 0.0218750 0.0429688
3 0.7614583 0.4804688 0.0177083 0.0468750
4 0.7450521 0.4878906 0.0255208 0.0304687
4 0.3205729 0.4253906 0.0151042 0.0460938
2 0.4356771 0.3714844 0.0276042 0.0226562
4 0.4807292 0.7765625 0.0135417 0.0421875
4 0.6062500 0.6503906 0.0250000 0.0320312
4 0.5557292 0.8773437 0.0291667 0.0187500
3 0.4010417 0.5359375 0.0302083 0.0218750
2 0.6455729 0.1695312 0.0307292 0.0234375
0 0.6911458 0.5128906 0.0177083 0.0273438
0 0.5442708 0.4156250 0.0250000 0.0437500
3 0.7221354 0.3363281 0.0328125 0.0210938
11 0.6424479 0.8515625 0.0265625 0.0265625
7 0.3135417 0.8347656 0.0281250 0.0289063
6 0.4007812 0.5597656 0.0317708 0.0382813
6 0.5067708 0.4023438 0.0218750 0.0296875
8 0.6354167 0.5757813 0.0239583 0.0437500
8 0.5088542 0.7214844 0.0218750 0.0304687
7 0.6197917 0.4000000 0.0187500 0.0390625
6 0.6127604 0.5804687 0.0307292 0.0312500
8 0.5992188 0.2308594 0.0234375 0.0382813
8 0.4888021 0.2136719 0.0286458 0.0445313
7 0.4049479 0.5242187 0.0276042 0.0437500
9 0.6476563 0.7242188 0.0286458 0.0281250
6 0.6562500 0.3414063 0.0291667 0.0421875
7 0.3231771 0.3253906 0.0182292 0.0382813
10 0.5656250 0.6062500 0.0260417 0.0265625
8 0.2799479 0.5726562 0.0276042 0.0343750
10 0.4039063 0.3519531 0.0286458 0.0273438
