4 0.6013021 0.6386719 0.0161458 0.0257812
5 0.3307292 0.7621094 0.0135417 0.0210938
0 0.6523438 0.6371094 0.0265625 0.0179687
4 0.6700521 0.4203125 0.0276042 0.0234375
4 0.5184896 0.8000000 0.0151042 0.0187500
0 0.6242188 0.4472656 0.0192708 0.0226562
1 0.5307292 0.1808594 0.0197917 0.0242188
5 0.6656250 0.5500000 0.0270833 0.0187500
5 0.5356771 0.9070312 0.0151042 0.0218750
5 0.6049479 0.9070312 0.0213542 0.0328125
4 0.5757813 0.4968750 0.0151042 0.0187500
0 0.3276042 0.5171875 0.0187500 0.0281250
0 0.4265625 0.3804688 0.0156250 0.0218750
1 0.4111979 0.3882813 0.0244792 0.0187500
1 0.5851563 0.2531250 0.0161458 0.0187500
5 0.7328125 0.3777344 0.0270833 0.0195312
1 0.6942708 0.6523438 0.0281250 0.0218750
1 0.6893229 0.3765625 0.0265625 0.0265625
2 0.6848958 0.3851562 0.0166667 0.0281250
2 0.5375000 0.8386719 0.0270833 0.0210938
4 0.7111979 0.5187500 0.0203125 0.0312500
1 0.6187500 0.2550781 0.0302083 0.0242188
4 0.5520833 0.6445312 0.0291667 0.0250000
4 0.4416667 0.1742188 0.0270833 0.0203125
2 0.7515625 0.6402344 0.0177083 0.0179687
0 0.4062500 0.2761719 0.0197917 0.0398437
2 0.6614583 0.5246094 0.0270833 0.0226562
5 0.3859375 0.1625000 0.0145833 0.0250000
3 0.5411458 0.4839844 0.0250000 0.0273438
4 0.3755208 0.1816406 0.0291667 0.0179687
5 0.6338542 0.7878906 0.0250000 0.0242188
3 0.4335938 0.7144531 0.0151042 0.0414062
10 0.7395833 0.4753906 0.0218750 0.0414062
11 0.5901042 0.4343750 0.0291667 0.0343750
