4 0.4710937 0.4777344 0.0901042 0.0742188
0 0.6468750 0.3300781 0.0937500 0.1273438
2 0.8664063 0.4546875 0.1203125 0.0906250
5 0.7492188 0.6328125 0.0546875 0.1265625
4 0.5354167 0.7683594 0.0958333 0.1476562
1 0.7578125 0.8371094 0.0947917 0.0960938
3 0.6447917 0.5906250 0.0947917 0.1109375
1 0.3804688 0.6390625 0.0848958 0.0859375
3 0.6861979 0.3039062 0.0661458 0.1562500
2 0.5643229 0.3371094 0.0869792 0.1039063
0 0.3929687 0.2832031 0.0682292 0.0695313
3 0.5822917 0.6292969 0.0562500 0.1117188
4 0.4276042 0.1628906 0.1125000 0.0789062
1 0.5989583 0.5066406 0.0833333 0.1148437
2 0.5250000 0.2035156 0.0968750 0.0867187
0 0.6476563 0.6113281 0.0473958 0.1554687
5 0.4960938 0.7671875 0.1067708 0.1140625
3 0.4890625 0.5613281 0.0708333 0.0679687
1 0.6320313 0.8648438 0.0526042 0.1593750
1 0.3502604 0.6339844 0.1223958 0.0898438
1 0.5776042 0.7886719 0.0614583 0.1289062
2 0.2966146 0.6101562 0.0671875 0.0953125
4 0.5984375 0.4621094 0.0614583 0.0789062
3 0.4606771 0.6667969 0.0484375 0.0820312
0 0.5609375 0.1421875 0.0875000 0.1328125
1 0.1885417 0.3808594 0.1062500 0.0773438
1 0.7367187 0.3960938 0.1203125 0.0875000
5 0.5026042 0.6355469 0.0562500 0.1445312
4 0.6539063 0.2671875 0.0651042 0.1406250
3 0.5125000 0.4472656 0.0552083 0.1242188
3 0.5111979 0.5144531 0.0505208 0.0960938
5 0.5018229 0.6351562 0.0765625 0.1156250
0 0.6127604 0.2710938 0.1046875 0.1375000
3 0.6755208 0.8441406 0.0666667 0.0851563
5 0.5971354 0.7417969 0.1109375 0.0976562
11 0.4533854 0.4972656 0.0963542 0.1601562
11 0.4744792 0.2105469 0.0822917 0.1695312
9 0.2606771 0.2054688 0.1109375 0.1250000
8 0.2703125 0.7718750 0.1177083 0.1406250
7 0.7057292 0.4187500 0.0989583 0.1500000
7 0.3533854 0.3003906 0.0848958 0.0914062
10 0.5828125 0.3902344 0.0656250 0.1367188
8 0.7502604 0.6585937 0.1005208 0.1000000
6 0.7705729 0.5859375 0.0994792 0.0984375
