0 0.6971354 0.4406250 0.0651042 0.1000000
1 0.6471354 0.3312500 0.1015625 0.1468750
4 0.6101562 0.3214844 0.0776042 0.1632812
2 0.2984375 0.3742187 0.1479167 0.1125000
6 0.7013021 0.2917969 0.1276042 0.1304687
11 0.7268229 0.5828125 0.1036458 0.1218750
6 0.3622396 0.7644531 0.0723958 0.1679688
6 0.5708333 0.8136719 0.0968750 0.1382812
10 0.4325521 0.4785156 0.1234375 0.1335938
9 0.7825521 0.2289063 0.1286458 0.1281250
11 0.6111979 0.4789062 0.1255208 0.1328125
11 0.3888021 0.3773437 0.0817708 0.1796875
9 0.6833333 0.5367188 0.1260417 0.1296875
