1 0.4622396 0.3433594 0.0182292 0.0304687
4 0.6476563 0.2273438 0.0255208 0.0234375
0 0.5059896 0.2808594 0.0203125 0.0273438
5 0.5278646 0.9539062 0.0192708 0.0265625
3 0.3593750 0.1933594 0.0281250 0.0195312
0 0.3255208 0.4500000 0.0270833 0.0250000
4 0.3005208 0.7132812 0.0260417 0.0171875
2 0.6354167 0.8160156 0.0145833 0.0304687
2 0.4187500 0.8003906 0.0197917 0.0351562
4 0.5192708 0.5207031 0.0114583 0.0304687
0 0.6138021 0.6097656 0.0244792 0.0226562
0 0.3822917 0.2367188 0.0135417 0.0421875
4 0.6140625 0.6109375 0.0229167 0.0156250
10 0.3005208 0.6566406 0.0239583 0.0304687
8 0.2877604 0.6132812 0.0244792 0.0234375
10 0.5625000 0.8441406 0.0187500 0.0210938
10 0.6158854 0.4171875 0.0234375 0.0234375
