3 0.6466146 0.2554688 0.0369792 0.0296875
2 0.5437500 0.4972656 0.0322917 0.0554687
1 0.7039062 0.5234375 0.0369792 0.0328125
0 0.6510417 0.5593750 0.0281250 0.0359375
4 0.5708333 0.5621094 0.0302083 0.0523438
0 0.6726562 0.0218750 0.0255208 0.0437500
1 0.5932292 0.5929688 0.0375000 0.0281250
1 0.3187500 0.5445313 0.0406250 0.0296875
4 0.4950521 0.7144531 0.0286458 0.0507812
4 0.6687500 0.5164062 0.0260417 0.0437500
3 0.6143229 0.6613281 0.0244792 0.0585938
3 0.6304688 0.6652344 0.0328125 0.0351562
4 0.3916667 0.6660156 0.0375000 0.0304687
5 0.4679687 0.2917969 0.0182292 0.0585938
3 0.6924479 0.3003906 0.0192708 0.0570312
3 0.3372396 0.3183594 0.0244792 0.0398437
2 0.4187500 0.0433594 0.0208333 0.0601563
1 0.3638021 0.3867188 0.0244792 0.0578125
4 0.4135417 0.4847656 0.0354167 0.0226562
2 0.4950521 0.2109375 0.0234375 0.0687500
3 0.4031250 0.5613281 0.0343750 0.0429688
2 0.1557292 0.2750000 0.0416667 0.0406250
0 0.3317708 0.8460937 0.0395833 0.0359375
0 0.5221354 0.3675781 0.0296875 0.0523438
1 0.5825521 0.3996094 0.0380208 0.0242188
0 0.3723958 0.4843750 0.0406250 0.0328125
5 0.4869792 0.2906250 0.0395833 0.0281250
4 0.2687500 0.3472656 0.0427083 0.0335937
1 0.4236979 0.2039063 0.0213542 0.0343750
4 0.4257812 0.3281250 0.0234375 0.0406250
5 0.4093750 0.1148437 0.0260417 0.0343750
3 0.6598958 0.3539062 0.0333333 0.0250000
5 0.6700521 0.2234375 0.0244792 0.0593750
4 0.4278646 0.7062500 0.0317708 0.0296875
3 0.7455729 0.5148438 0.0432292 0.0328125
1 0.3885417 0.3218750 0.0208333 0.0562500
4 0.3283854 0.7902344 0.0276042 0.0382813
5 0.3773437 0.4304688 0.0276042 0.0390625
4 0.4375000 0.4367187 0.0270833 0.0375000
6 0.7015625 0.4246094 0.0375000 0.0429688
8 0.7197917 0.2011719 0.0364583 0.0460938
9 0.5492187 0.1863281 0.0369792 0.0367188
9 0.5080729 0.8152344 0.0255208 0.0507812
9 0.3200521 0.5500000 0.0348958 0.0578125
10 0.5242187 0.7136719 0.0338542 0.0335937
