5 0.4018229 0.4851563 0.0776042 0.1093750
5 0.6752604 0.4179688 0.1526042 0.1015625
4 0.5286458 0.7003906 0.0750000 0.0976562
1 0.6036458 0.7074219 0.1385417 0.1039063
1 0.7679687 0.3585937 0.0973958 0.2203125
3 0.6700521 0.2828125 0.1526042 0.1281250
2 0.5895833 0.6605469 0.0791667 0.1648438
5 0.5312500 0.3730469 0.0947917 0.1882813
0 0.6679688 0.5367188 0.1609375 0.1078125
3 0.6005208 0.1750000 0.1083333 0.1296875
4 0.5315104 0.5007812 0.1421875 0.1234375
4 0.4640625 0.1738281 0.1385417 0.1382812
1 0.7007813 0.6964844 0.0828125 0.1710937
4 0.5669271 0.2570312 0.0869792 0.1671875
4 0.4364583 0.4105469 0.1437500 0.1023437
5 0.6216146 0.1035156 0.1151042 0.1820313
3 0.3273437 0.6406250 0.0546875 0.1750000
2 0.6494792 0.3308594 0.0791667 0.2210938
2 0.7416667 0.2812500 0.1510417 0.0890625
4 0.6125000 0.7550781 0.1000000 0.0898438
3 0.3580729 0.6589844 0.0911458 0.1460937
5 0.6346354 0.4371094 0.1640625 0.1148437
0 0.6669271 0.8878906 0.0713542 0.1804688
2 0.5479167 0.2855469 0.0750000 0.2414062
0 0.4484375 0.9351563 0.1041667 0.1281250
5 0.5476562 0.5210938 0.0786458 0.1875000
4 0.6895833 0.2562500 0.1614583 0.1031250
3 0.6841146 0.2968750 0.1265625 0.1218750
1 0.4984375 0.6496094 0.1031250 0.1164063
0 0.6364583 0.3398438 0.1083333 0.1593750
3 0.5242187 0.5375000 0.1661458 0.1421875
0 0.7044271 0.5375000 0.0578125 0.1125000
4 0.5393229 0.1410156 0.1161458 0.1617187
1 0.6307292 0.5695313 0.0979167 0.1156250
0 0.2869792 0.3421875 0.1479167 0.1046875
0 0.4539063 0.2785156 0.0973958 0.1398437
3 0.1718750 0.5847656 0.1458333 0.1179687
4 0.5705729 0.6828125 0.1161458 0.0921875
4 0.5645833 0.6531250 0.1541667 0.1187500
0 0.6523438 0.5101562 0.1630208 0.1562500
2 0.3856771 0.6445312 0.1484375 0.1281250
3 0.6062500 0.7566406 0.1291667 0.1351563
2 0.5705729 0.8042969 0.0984375 0.1398437
3 0.3416667 0.2964844 0.1437500 0.1351563
4 0.4302083 0.3328125 0.0781250 0.1765625
4 0.5804687 0.5625000 0.1078125 0.1359375
1 0.3804688 0.4390625 0.0619792 0.1343750
1 0.2596354 0.5308594 0.1453125 0.1007813
9 0.7822917 0.5855469 0.1520833 0.2007812
7 0.2958333 0.7839844 0.1031250 0.1710937
7 0.4940104 0.4179688 0.0869792 0.1968750
11 0.3981771 0.4125000 0.1098958 0.1734375
8 0.6513021 0.6414062 0.1401042 0.1375000
9 0.4828125 0.3109375 0.1343750 0.1609375
10 0.4203125 0.6453125 0.1260417 0.1500000
