3 0.4947917 0.3433594 0.0406250 0.0320312
1 0.4742188 0.2476562 0.0359375 0.0421875
2 0.5169271 0.6812500 0.0223958 0.0390625
3 0.6554688 0.7203125 0.0296875 0.0343750
0 0.5218750 0.3472656 0.0229167 0.0398437
1 0.4513021 0.7433594 0.0307292 0.0257812
4 0.3234375 0.4367187 0.0322917 0.0359375
5 0.4273438 0.6402344 0.0234375 0.0289063
0 0.5554687 0.6003906 0.0317708 0.0507812
5 0.3559896 0.4750000 0.0348958 0.0421875
5 0.4848958 0.8804688 0.0239583 0.0625000
0 0.3781250 0.3125000 0.0281250 0.0312500
2 0.4539063 0.2062500 0.0359375 0.0328125
3 0.6713542 0.8203125 0.0197917 0.0531250
0 0.3419271 0.3906250 0.0234375 0.0328125
4 0.5437500 0.5480469 0.0187500 0.0429688
0 0.5700521 0.5972656 0.0328125 0.0320312
4 0.3768229 0.6671875 0.0223958 0.0500000
1 0.5005208 0.3714844 0.0197917 0.0242188
5 0.6776042 0.6171875 0.0166667 0.0578125
4 0.6921875 0.2988281 0.0218750 0.0382813
4 0.5148438 0.5269531 0.0223958 0.0398437
0 0.4526042 0.3246094 0.0177083 0.0570312
3 0.7101563 0.7449219 0.0411458 0.0351562
2 0.6367188 0.6683594 0.0348958 0.0335937
3 0.4333333 0.7699219 0.0385417 0.0429688
5 0.5770833 0.4832031 0.0375000 0.0367188
3 0.5804687 0.3898437 0.0265625 0.0406250
2 0.2565104 0.5914063 0.0276042 0.0515625
4 0.7625000 0.4109375 0.0333333 0.0406250
3 0.5736979 0.5703125 0.0213542 0.0593750
1 0.4270833 0.3203125 0.0197917 0.0359375
3 0.7226562 0.5972656 0.0411458 0.0304687
0 0.6716146 0.1468750 0.0223958 0.0406250
3 0.5445313 0.2125000 0.0244792 0.0343750
1 0.3630208 0.6910156 0.0208333 0.0226562
4 0.2406250 0.6894531 0.0239583 0.0570312
4 0.6093750 0.4597656 0.0343750 0.0382813
2 0.5989583 0.2492187 0.0250000 0.0546875
4 0.4348958 0.4433594 0.0333333 0.0382813
4 0.5557292 0.4050781 0.0260417 0.0335937
4 0.3703125 0.4910156 0.0177083 0.0554687
1 0.3893229 0.8535156 0.0401042 0.0335937
5 0.6317708 0.4542969 0.0166667 0.0257812
5 0.4401042 0.3796875 0.0260417 0.0500000
5 0.5283854 0.6765625 0.0213542 0.0484375
5 0.4169271 0.1894531 0.0338542 0.0382813
2 0.3447917 0.2171875 0.0343750 0.0250000
1 0.5739583 0.3972656 0.0354167 0.0398437
5 0.5513021 0.7843750 0.0182292 0.0296875
8 0.4447917 0.6375000 0.0239583 0.0546875
7 0.3309896 0.4718750 0.0317708 0.0531250
7 0.5731771 0.5285156 0.0338542 0.0429688
9 0.3875000 0.2839844 0.0385417 0.0414062
7 0.5507812 0.7800781 0.0265625 0.0507812
8 0.4393229 0.3328125 0.0265625 0.0484375
7 0.6575521 0.6371094 0.0401042 0.0398437
6 0.6091146 0.7945313 0.0369792 0.0453125
6 0.5367188 0.3171875 0.0296875 0.0421875
11 0.5984375 0.1695312 0.0364583 0.0437500
9 0.6953125 0.6496094 0.0333333 0.0445313
6 0.6255208 0.4824219 0.0229167 0.0351562
10 0.4718750 0.7035156 0.0291667 0.0492187
11 0.2369792 0.3242188 0.0250000 0.0578125
10 0.6773438 0.2664063 0.0244792 0.0359375
10 0.4104167 0.9285156 0.0333333 0.0570312
8 0.6330729 0.3296875 0.0359375 0.0359375
9 0.4830729 0.2953125 0.0307292 0.0484375
11 0.4002604 0.3335938 0.0317708 0.0437500
