0 0.6065104 0.5648437 0.0421875 0.0781250
1 0.5815104 0.5945312 0.0421875 0.0484375
4 0.6093750 0.2535156 0.0531250 0.0570312
1 0.5328125 0.6312500 0.0562500 0.0421875
4 0.4859375 0.3593750 0.0302083 0.0625000
4 0.5239583 0.4449219 0.0458333 0.0695313
3 0.4468750 0.3847656 0.0552083 0.0398437
5 0.3395833 0.7148438 0.0322917 0.0421875
4 0.2656250 0.4933594 0.0562500 0.0523438
1 0.3505208 0.2585938 0.0468750 0.0406250
11 0.3419271 0.5011719 0.0505208 0.0570312
10 0.7255208 0.6019531 0.0468750 0.0632812
