3 0.5981771 0.5671875 0.0182292 0.0562500
0 0.8328125 0.4605469 0.0291667 0.0320312
5 0.5177083 0.3097656 0.0354167 0.0335937
4 0.5718750 0.8132812 0.0218750 0.0515625
4 0.6671875 0.1449219 0.0343750 0.0226562
2 0.7427083 0.6535156 0.0364583 0.0273438
0 0.4247396 0.6523438 0.0234375 0.0375000
4 0.4940104 0.1843750 0.0286458 0.0312500
1 0.6427083 0.8058594 0.0354167 0.0257812
0 0.4398437 0.5132813 0.0192708 0.0484375
1 0.5828125 0.5195312 0.0302083 0.0281250
0 0.6114583 0.5464844 0.0302083 0.0320312
10 0.7187500 0.6207031 0.0239583 0.0335937
10 0.6575521 0.8210937 0.0234375 0.0312500
7 0.4062500 0.4511719 0.0333333 0.0382813
10 0.4083333 0.9167969 0.0260417 0.0507812
9 0.6143229 0.8261719 0.0255208 0.0414062
8 0.5023437 0.3988281 0.0359375 0.0367188
6 0.5820312 0.4343750 0.0234375 0.0453125
9 0.5000000 0.2320312 0.0343750 0.0359375
11 0.6382813 0.6363281 0.0234375 0.0507812
