5 0.4971354 0.4875000 0.0317708 0.0843750
1 0.5598958 0.4765625 0.0343750 0.0421875
4 0.5031250 0.4136719 0.0541667 0.0523438
2 0.3919271 0.8703125 0.0567708 0.0500000
0 0.4033854 0.2691406 0.0526042 0.0664062
4 0.4453125 0.5382813 0.0322917 0.0640625
2 0.4078125 0.4175781 0.0281250 0.0492187
3 0.7421875 0.5613281 0.0614583 0.0429688
2 0.5651042 0.3781250 0.0614583 0.0437500
2 0.6197917 0.7597656 0.0562500 0.0351562
3 0.3666667 0.6679688 0.0427083 0.0593750
3 0.6312500 0.4503906 0.0364583 0.0835937
4 0.5526042 0.8527344 0.0281250 0.0789062
4 0.7005208 0.4441406 0.0625000 0.0460938
3 0.6265625 0.2570312 0.0562500 0.0390625
0 0.4484375 0.4964844 0.0458333 0.0398437
3 0.6570312 0.7523437 0.0640625 0.0515625
3 0.5002604 0.5296875 0.0421875 0.0671875
0 0.4518229 0.5976562 0.0401042 0.0546875
5 0.3346354 0.3910156 0.0463542 0.0601563
3 0.7393229 0.2945313 0.0338542 0.0531250
5 0.6794271 0.4457031 0.0598958 0.0367188
3 0.6697917 0.2757812 0.0645833 0.0375000
5 0.4968750 0.3796875 0.0583333 0.0359375
1 0.6687500 0.5070313 0.0312500 0.0625000
0 0.8044271 0.3894531 0.0494792 0.0679687
0 0.3497396 0.6363281 0.0380208 0.0882813
5 0.5078125 0.6566406 0.0458333 0.0414062
4 0.4734375 0.4277344 0.0458333 0.0398437
3 0.4502604 0.4957031 0.0463542 0.0570312
1 0.4473958 0.3425781 0.0260417 0.0460938
5 0.7682292 0.3152344 0.0645833 0.0507812
5 0.4484375 0.4191406 0.0302083 0.0804688
10 0.3747396 0.4238281 0.0546875 0.0523438
10 0.7158854 0.5531250 0.0484375 0.0703125
7 0.4770833 0.6164063 0.0406250 0.0906250
11 0.6335937 0.1714844 0.0526042 0.0632812
6 0.5674479 0.4550781 0.0348958 0.0710937
8 0.4929688 0.4531250 0.0484375 0.0890625
11 0.4057292 0.4687500 0.0520833 0.0578125
10 0.6052083 0.5929688 0.0437500 0.0843750
6 0.5997396 0.7445312 0.0515625 0.0812500
6 0.3757813 0.7320313 0.0567708 0.0625000
7 0.6085938 0.6128906 0.0380208 0.0851563
7 0.7067708 0.5519531 0.0572917 0.0632812
10 0.2651042 0.5070313 0.0541667 0.0718750
9 0.3856771 0.8109375 0.0619792 0.0609375
11 0.3666667 0.4652344 0.0406250 0.0679687
8 0.6593750 0.6312500 0.0541667 0.0531250
8 0.5052083 0.5695313 0.0552083 0.0546875
11 0.4171875 0.8941406 0.0552083 0.0867187
7 0.4627604 0.1496094 0.0515625 0.0835937
11 0.6445312 0.2207031 0.0442708 0.0851563
