3 0.7377604 0.6535156 0.0588542 0.0554687
0 0.6984375 0.7039062 0.0677083 0.0453125
1 0.4674479 0.3613281 0.0380208 0.0742188
3 0.4786458 0.3203125 0.0343750 0.0406250
2 0.2276042 0.8984375 0.0625000 0.0484375
2 0.5513021 0.8679687 0.0598958 0.0671875
5 0.6523438 0.2933594 0.0442708 0.0679687
1 0.4440104 0.2402344 0.0609375 0.0445313
1 0.6093750 0.4425781 0.0572917 0.0382813
2 0.6286458 0.7574219 0.0562500 0.0523438
1 0.6239583 0.2531250 0.0260417 0.0875000
0 0.6143229 0.7656250 0.0411458 0.0906250
2 0.6031250 0.3730469 0.0302083 0.0679687
3 0.7057292 0.4601562 0.0520833 0.0484375
2 0.6234375 0.5832031 0.0458333 0.0742188
2 0.6414062 0.2765625 0.0421875 0.0546875
5 0.3976562 0.3066406 0.0359375 0.0601563
5 0.6072917 0.3667969 0.0656250 0.0710937
4 0.3776042 0.1929687 0.0333333 0.0796875
0 0.5471354 0.6421875 0.0578125 0.0546875
3 0.4505208 0.3757813 0.0614583 0.0531250
3 0.4885417 0.5742188 0.0614583 0.0437500
3 0.6627604 0.6519531 0.0411458 0.0523438
5 0.6223958 0.4734375 0.0635417 0.0531250
1 0.4348958 0.4476562 0.0520833 0.0671875
0 0.6744792 0.2042969 0.0604167 0.0679687
2 0.6065104 0.6890625 0.0276042 0.0875000
2 0.6049479 0.4699219 0.0307292 0.0851563
3 0.5210938 0.8687500 0.0421875 0.0515625
2 0.6380208 0.6050781 0.0656250 0.0539063
4 0.4856771 0.7933594 0.0494792 0.0367188
3 0.4820313 0.2378906 0.0286458 0.0492187
2 0.4429688 0.8742188 0.0338542 0.0984375
4 0.4075521 0.6988281 0.0536458 0.0523438
2 0.5549479 0.5378906 0.0609375 0.0523438
4 0.5755208 0.9628906 0.0604167 0.0492187
1 0.3640625 0.8363281 0.0312500 0.0960938
2 0.5007812 0.6156250 0.0484375 0.0484375
1 0.2710938 0.2976563 0.0598958 0.0453125
2 0.6898437 0.3878906 0.0609375 0.0445313
3 0.3861979 0.7859375 0.0296875 0.0546875
4 0.6197917 0.2832031 0.0531250 0.0460938
0 0.1997396 0.5621094 0.0536458 0.0632812
2 0.4317708 0.3136719 0.0614583 0.0460938
0 0.4640625 0.3777344 0.0312500 0.0679687
4 0.4252604 0.2519531 0.0348958 0.0867187
0 0.5085937 0.2976563 0.0338542 0.0796875
0 0.5169271 0.0980469 0.0307292 0.0492187
3 0.5984375 0.2765625 0.0500000 0.0406250
1 0.5182292 0.7292969 0.0322917 0.0929688
3 0.3447917 0.1527344 0.0312500 0.0898438
4 0.3638021 0.5062500 0.0317708 0.0906250
5 0.4434896 0.4328125 0.0557292 0.0359375
3 0.4713542 0.8703125 0.0229167 0.0906250
2 0.5669271 0.5925781 0.0296875 0.0851563
0 0.6039062 0.2667969 0.0588542 0.0570312
5 0.5830729 0.3437500 0.0338542 0.0984375
1 0.5140625 0.6953125 0.0291667 0.0562500
3 0.6856771 0.3863281 0.0661458 0.0429688
10 0.3588542 0.5964844 0.0354167 0.0851563
9 0.7125000 0.5578125 0.0406250 0.0921875
10 0.6447917 0.5246094 0.0583333 0.0773438
6 0.3611979 0.4660156 0.0578125 0.0570312
7 0.3609375 0.6265625 0.0510417 0.0500000
