1 0.4731771 0.5906250 0.0296875 0.0281250
2 0.4890625 0.5074219 0.0187500 0.0382813
4 0.6651042 0.5511719 0.0145833 0.0289063
4 0.4148438 0.5023437 0.0265625 0.0390625
1 0.5697917 0.6640625 0.0354167 0.0281250
4 0.6510417 0.2289063 0.0197917 0.0515625
1 0.5768229 0.4199219 0.0244792 0.0257812
5 0.3283854 0.5578125 0.0307292 0.0203125
3 0.7028646 0.6765625 0.0317708 0.0375000
5 0.5291667 0.2765625 0.0281250 0.0218750
3 0.7111979 0.3054688 0.0182292 0.0437500
4 0.5151042 0.4382813 0.0312500 0.0343750
5 0.6348958 0.5296875 0.0364583 0.0218750
3 0.5031250 0.5472656 0.0187500 0.0304687
4 0.4812500 0.3253906 0.0208333 0.0507812
0 0.5648437 0.7269531 0.0255208 0.0226562
1 0.2679687 0.3496094 0.0276042 0.0304687
1 0.5351562 0.3769531 0.0328125 0.0226562
0 0.7562500 0.4964844 0.0166667 0.0304687
0 0.4411458 0.2742188 0.0135417 0.0421875
0 0.4361979 0.6347656 0.0255208 0.0257812
2 0.5171875 0.3062500 0.0333333 0.0281250
5 0.3697917 0.6625000 0.0229167 0.0296875
1 0.5080729 0.4515625 0.0192708 0.0468750
1 0.3455729 0.5437500 0.0130208 0.0265625
1 0.4263021 0.8089844 0.0296875 0.0414062
5 0.2203125 0.2613281 0.0333333 0.0242188
2 0.4924479 0.1761719 0.0140625 0.0242188
1 0.6078125 0.1699219 0.0187500 0.0492187
4 0.5367188 0.3371094 0.0317708 0.0226562
1 0.6869792 0.4925781 0.0281250 0.0445313
3 0.5575521 0.6441406 0.0192708 0.0398437
3 0.5484375 0.4152344 0.0333333 0.0257812
0 0.4382813 0.2339844 0.0192708 0.0429688
0 0.4338542 0.4070313 0.0322917 0.0328125
1 0.5390625 0.8066406 0.0322917 0.0210938
0 0.4536458 0.4652344 0.0312500 0.0242188
2 0.5179687 0.1109375 0.0244792 0.0375000
3 0.5497396 0.4125000 0.0348958 0.0218750
0 0.4434896 0.4425781 0.0317708 0.0257812
5 0.6770833 0.3710938 0.0312500 0.0218750
1 0.6562500 0.4464844 0.0177083 0.0382813
1 0.5273438 0.3390625 0.0182292 0.0312500
4 0.3664062 0.6097656 0.0192708 0.0398437
5 0.6476563 0.7324219 0.0151042 0.0523438
0 0.3703125 0.8339844 0.0343750 0.0273438
3 0.5494792 0.9222656 0.0208333 0.0367188
1 0.6838542 0.6179687 0.0291667 0.0187500
3 0.6809896 0.4234375 0.0182292 0.0343750
2 0.7645833 0.7542969 0.0364583 0.0289063
0 0.6333333 0.6742187 0.0270833 0.0296875
1 0.5953125 0.7707031 0.0291667 0.0242188
4 0.3596354 0.4238281 0.0255208 0.0195312
0 0.5882812 0.7855469 0.0317708 0.0242188
4 0.6174479 0.5960937 0.0307292 0.0250000
2 0.6007813 0.1914062 0.0338542 0.0296875
3 0.5867187 0.2816406 0.0359375 0.0226562
1 0.1838542 0.3972656 0.0312500 0.0320312
10 0.3937500 0.4640625 0.0187500 0.0281250
10 0.5716146 0.3109375 0.0192708 0.0437500
8 0.5065104 0.3843750 0.0213542 0.0468750
10 0.6645833 0.6136719 0.0333333 0.0382813
9 0.5466146 0.7660156 0.0234375 0.0289063
10 0.4757812 0.4113281 0.0223958 0.0320312
11 0.4005208 0.5320312 0.0343750 0.0515625
6 0.4627604 0.8792969 0.0255208 0.0351562
6 0.3291667 0.7621094 0.0281250 0.0429688
7 0.5533854 0.5460938 0.0328125 0.0328125
