5 0.5395833 0.7664062 0.0270833 0.0406250
3 0.7083333 0.4472656 0.0291667 0.0523438
3 0.5291667 0.6570312 0.0312500 0.0421875
1 0.6611979 0.7636719 0.0442708 0.0320312
1 0.5140625 0.3000000 0.0406250 0.0437500
1 0.4682292 0.6210938 0.0208333 0.0359375
2 0.6692708 0.7253906 0.0364583 0.0445313
2 0.6291667 0.2074219 0.0427083 0.0320312
5 0.5947917 0.5609375 0.0406250 0.0312500
2 0.3955729 0.8265625 0.0380208 0.0406250
1 0.5440104 0.4796875 0.0307292 0.0312500
2 0.7234375 0.5058594 0.0333333 0.0570312
4 0.5205729 0.3839844 0.0390625 0.0335937
4 0.5252604 0.5167969 0.0401042 0.0289063
3 0.5411458 0.3613281 0.0343750 0.0304687
2 0.7239583 0.2027344 0.0447917 0.0304687
5 0.4807292 0.2453125 0.0385417 0.0250000
4 0.3575521 0.2699219 0.0234375 0.0320312
3 0.5539063 0.4656250 0.0411458 0.0343750
3 0.5354167 0.3578125 0.0187500 0.0609375
4 0.4320312 0.7925781 0.0380208 0.0476562
1 0.3424479 0.2246094 0.0442708 0.0382813
0 0.3088542 0.2992187 0.0250000 0.0343750
1 0.7432292 0.6265625 0.0302083 0.0406250
0 0.3177083 0.4773438 0.0395833 0.0296875
5 0.7148438 0.1316406 0.0421875 0.0304687
2 0.6221354 0.4441406 0.0463542 0.0304687
5 0.6252604 0.4000000 0.0453125 0.0312500
4 0.5606771 0.9734375 0.0317708 0.0500000
1 0.5315104 0.5304688 0.0213542 0.0406250
5 0.4934896 0.7226562 0.0348958 0.0312500
0 0.6848958 0.7738281 0.0406250 0.0226562
2 0.4135417 0.7082031 0.0270833 0.0304687
3 0.4929688 0.4187500 0.0348958 0.0328125
0 0.4450521 0.6160156 0.0171875 0.0585938
4 0.7145833 0.6101562 0.0447917 0.0421875
3 0.1734375 0.6843750 0.0385417 0.0296875
5 0.4523437 0.6300781 0.0442708 0.0304687
3 0.6395833 0.3464844 0.0385417 0.0289063
2 0.3604167 0.5386719 0.0416667 0.0335937
0 0.5429688 0.4980469 0.0442708 0.0335937
0 0.4914062 0.8183594 0.0338542 0.0335937
2 0.5460938 0.7378906 0.0390625 0.0398437
3 0.5236979 0.4820313 0.0453125 0.0328125
4 0.5625000 0.3339844 0.0312500 0.0507812
0 0.4921875 0.4363281 0.0260417 0.0289063
3 0.5830729 0.6867188 0.0411458 0.0328125
3 0.7135417 0.6679688 0.0385417 0.0437500
3 0.3989583 0.4941406 0.0229167 0.0585938
1 0.5302083 0.4078125 0.0447917 0.0328125
0 0.6158854 0.7460938 0.0453125 0.0312500
2 0.4757812 0.3539062 0.0223958 0.0640625
4 0.5450521 0.5765625 0.0223958 0.0453125
4 0.6572917 0.3128906 0.0395833 0.0382813
4 0.5281250 0.6636719 0.0427083 0.0351562
0 0.4976563 0.6667969 0.0369792 0.0289063
4 0.6221354 0.5046875 0.0203125 0.0546875
8 0.6750000 0.2738281 0.0406250 0.0398437
10 0.6651042 0.6074219 0.0364583 0.0398437
7 0.2651042 0.4582031 0.0406250 0.0398437
11 0.5424479 0.3000000 0.0380208 0.0484375
8 0.7028646 0.3292969 0.0390625 0.0460938
6 0.2825521 0.3355469 0.0421875 0.0414062
11 0.5052083 0.7792969 0.0260417 0.0601563
6 0.5395833 0.1910156 0.0437500 0.0429688
8 0.2971354 0.6917969 0.0442708 0.0570312
8 0.5666667 0.2925781 0.0250000 0.0570312
10 0.6906250 0.4980469 0.0291667 0.0507812
