2 0.7046875 0.3929687 0.0281250 0.0421875
0 0.4453125 0.2746094 0.0343750 0.0195312
3 0.4505208 0.6812500 0.0197917 0.0218750
5 0.6778646 0.5015625 0.0348958 0.0312500
0 0.6119792 0.4128906 0.0406250 0.0320312
2 0.6802083 0.1968750 0.0364583 0.0265625
1 0.6322917 0.5015625 0.0322917 0.0328125
5 0.5760417 0.4367187 0.0302083 0.0296875
1 0.3174479 0.5773438 0.0307292 0.0218750
4 0.4898438 0.4843750 0.0307292 0.0234375
2 0.5348958 0.5285156 0.0343750 0.0320312
1 0.4335938 0.1597656 0.0255208 0.0351562
1 0.4333333 0.4867187 0.0322917 0.0218750
2 0.4356771 0.4011719 0.0171875 0.0429688
3 0.3942708 0.1921875 0.0218750 0.0328125
5 0.2231771 0.4757812 0.0161458 0.0250000
4 0.5484375 0.6382813 0.0312500 0.0375000
2 0.6606771 0.3007812 0.0203125 0.0546875
11 0.4130208 0.6531250 0.0281250 0.0515625
6 0.4135417 0.5707031 0.0250000 0.0507812
9 0.6242188 0.3562500 0.0348958 0.0468750
11 0.6744792 0.4652344 0.0218750 0.0367188
11 0.2822917 0.2292969 0.0302083 0.0429688
9 0.3776042 0.4621094 0.0218750 0.0507812
10 0.6067708 0.8882813 0.0250000 0.0484375
