5 0.6231771 0.4445312 0.0526042 0.0375000
2 0.5765625 0.0890625 0.0489583 0.0375000
1 0.5695313 0.5941406 0.0234375 0.0492187
1 0.6674479 0.7722656 0.0286458 0.0585938
3 0.4002604 0.6925781 0.0359375 0.0617188
5 0.4895833 0.6359375 0.0291667 0.0359375
4 0.5291667 0.2117188 0.0489583 0.0375000
3 0.6593750 0.7210937 0.0437500 0.0390625
2 0.6559896 0.6335937 0.0234375 0.0765625
2 0.5541667 0.3613281 0.0427083 0.0445313
1 0.4864583 0.3707031 0.0291667 0.0335937
3 0.7401042 0.5480469 0.0531250 0.0398437
7 0.3903646 0.2890625 0.0463542 0.0640625
6 0.6132812 0.7195312 0.0463542 0.0578125
9 0.5841146 0.4105469 0.0369792 0.0429688
6 0.5598958 0.4910156 0.0322917 0.0429688
6 0.5231771 0.7375000 0.0359375 0.0640625
9 0.6911458 0.8542969 0.0427083 0.0476562
10 0.6570312 0.4917969 0.0442708 0.0429688
8 0.3140625 0.3722656 0.0333333 0.0460938
10 0.4330729 0.2203125 0.0463542 0.0546875
11 0.6539063 0.6269531 0.0296875 0.0507812
6 0.5213542 0.4398437 0.0322917 0.0625000
6 0.3765625 0.6941406 0.0416667 0.0585938
9 0.3598958 0.7652344 0.0447917 0.0476562
6 0.6828125 0.1914062 0.0437500 0.0453125
8 0.3546875 0.4292969 0.0354167 0.0429688
11 0.6817708 0.2441406 0.0333333 0.0664062
11 0.6221354 0.2449219 0.0453125 0.0664062
7 0.5020833 0.1433594 0.0354167 0.0726563
