0 0.5197917 0.6160156 0.0364583 0.0914062
11 0.6765625 0.3390625 0.0843750 0.0843750
7 0.4739583 0.5515625 0.0489583 0.0953125
6 0.4468750 0.4183594 0.0666667 0.0726563
7 0.5856771 0.7664062 0.0776042 0.0921875
9 0.6481771 0.4074219 0.0817708 0.1117188
7 0.5898438 0.2382812 0.0807292 0.0796875
6 0.4361979 0.5796875 0.0619792 0.0734375
10 0.3950521 0.3785156 0.0776042 0.0914062
11 0.5330729 0.6359375 0.0723958 0.1125000
7 0.6101562 0.5625000 0.0734375 0.0953125
11 0.5226563 0.7585937 0.0494792 0.1140625
7 0.6703125 0.7355469 0.0822917 0.0820312
10 0.4156250 0.2671875 0.0760417 0.0921875
