3 0.6179687 0.5152344 0.0223958 0.0195312
3 0.3914063 0.7019531 0.0244792 0.0273438
3 0.7492188 0.4359375 0.0161458 0.0328125
1 0.6377604 0.2199219 0.0151042 0.0320312
1 0.6984375 0.3367188 0.0239583 0.0218750
1 0.7296875 0.6464844 0.0166667 0.0179687
0 0.4182292 0.7441406 0.0125000 0.0382813
3 0.4416667 0.6269531 0.0166667 0.0257812
1 0.2315104 0.6714844 0.0140625 0.0320312
2 0.6625000 0.5207031 0.0239583 0.0195312
0 0.7312500 0.5000000 0.0250000 0.0203125
0 0.3841146 0.5820312 0.0171875 0.0203125
2 0.3268229 0.6339844 0.0223958 0.0164063
2 0.4018229 0.2542969 0.0213542 0.0179687
1 0.4158854 0.8242188 0.0161458 0.0312500
3 0.4377604 0.5449219 0.0223958 0.0164063
5 0.4390625 0.5062500 0.0166667 0.0375000
1 0.5341146 0.6585937 0.0109375 0.0203125
4 0.6880208 0.5113281 0.0145833 0.0304687
0 0.4265625 0.4105469 0.0229167 0.0164063
4 0.7372396 0.5722656 0.0255208 0.0164063
2 0.6684896 0.4687500 0.0182292 0.0171875
2 0.3200521 0.6738281 0.0244792 0.0164063
1 0.3078125 0.7417969 0.0114583 0.0210938
0 0.4028646 0.5160156 0.0192708 0.0273438
5 0.2968750 0.2449219 0.0239583 0.0210938
0 0.6880208 0.4847656 0.0197917 0.0210938
4 0.3833333 0.5140625 0.0145833 0.0343750
2 0.5929688 0.8589844 0.0234375 0.0179687
1 0.6062500 0.2984375 0.0114583 0.0203125
2 0.4760417 0.3566406 0.0177083 0.0273438
0 0.4703125 0.1253906 0.0177083 0.0320312
5 0.6411458 0.1847656 0.0166667 0.0195312
1 0.6526042 0.6511719 0.0135417 0.0210938
3 0.3398438 0.4781250 0.0244792 0.0187500
0 0.5276042 0.2070312 0.0229167 0.0140625
5 0.5513021 0.5687500 0.0161458 0.0203125
5 0.6859375 0.5410156 0.0239583 0.0164063
5 0.4127604 0.4277344 0.0213542 0.0164063
4 0.4671875 0.4859375 0.0218750 0.0187500
0 0.5971354 0.4523437 0.0223958 0.0156250
0 0.3958333 0.8582031 0.0135417 0.0164063
1 0.6604167 0.7972656 0.0156250 0.0195312
4 0.4364583 0.3332031 0.0197917 0.0179687
7 0.3643229 0.0964844 0.0151042 0.0320312
10 0.3653646 0.7726563 0.0140625 0.0296875
6 0.7179688 0.4210937 0.0223958 0.0218750
10 0.4330729 0.3718750 0.0161458 0.0265625
10 0.4984375 0.3726563 0.0135417 0.0218750
7 0.6403646 0.8246094 0.0213542 0.0210938
9 0.4523437 0.4359375 0.0140625 0.0265625
10 0.5083333 0.4121094 0.0145833 0.0304687
9 0.5973958 0.2859375 0.0145833 0.0328125
10 0.6307292 0.1507813 0.0145833 0.0281250
7 0.3846354 0.5574219 0.0151042 0.0226562
6 0.6072917 0.4820313 0.0166667 0.0343750
