2 0.4945312 0.3917969 0.0453125 0.0804688
5 0.5091146 0.7058594 0.0421875 0.0992187
2 0.3770833 0.8644531 0.0343750 0.0929688
5 0.6190104 0.5109375 0.0609375 0.0484375
2 0.6005208 0.6937500 0.0687500 0.0562500
2 0.2869792 0.4902344 0.0510417 0.0648438
2 0.6755208 0.4515625 0.0635417 0.0703125
2 0.3479167 0.3460937 0.0406250 0.0734375
1 0.3174479 0.2882812 0.0713542 0.0437500
0 0.7270833 0.2054688 0.0604167 0.0750000
0 0.6161458 0.2441406 0.0614583 0.0664062
0 0.5291667 0.8007812 0.0468750 0.0859375
2 0.7588542 0.6488281 0.0500000 0.0804688
2 0.3028646 0.7445312 0.0380208 0.1125000
4 0.6101562 0.1390625 0.0640625 0.0421875
1 0.6018229 0.7566406 0.0692708 0.0507812
4 0.3757813 0.1796875 0.0494792 0.0468750
4 0.5234375 0.3250000 0.0614583 0.0703125
0 0.4755208 0.1718750 0.0395833 0.1109375
0 0.4273438 0.6203125 0.0473958 0.0546875
5 0.7265625 0.2113281 0.0500000 0.0742188
5 0.5867187 0.7375000 0.0598958 0.0640625
2 0.4153646 0.5363281 0.0411458 0.0992187
5 0.6765625 0.5800781 0.0635417 0.0554687
7 0.3002604 0.2941406 0.0703125 0.0851563
10 0.3796875 0.6687500 0.0635417 0.0640625
6 0.5773438 0.8539062 0.0661458 0.0937500
7 0.6184896 0.5050781 0.0442708 0.0882813
8 0.6466146 0.5492187 0.0588542 0.0875000
8 0.7187500 0.0503906 0.0468750 0.1007813
6 0.3111979 0.2511719 0.0682292 0.0742188
10 0.7174479 0.6597656 0.0578125 0.0851563
6 0.6479167 0.5328125 0.0500000 0.0656250
