1 0.4937500 0.7441406 0.0416667 0.0351562
0 0.3044271 0.2992187 0.0453125 0.0328125
1 0.6104167 0.5121094 0.0343750 0.0398437
2 0.4651042 0.3976562 0.0229167 0.0375000
1 0.4585938 0.3632812 0.0265625 0.0296875
5 0.3554688 0.2199219 0.0401042 0.0414062
4 0.3067708 0.4031250 0.0406250 0.0218750
3 0.3440104 0.6937500 0.0432292 0.0328125
1 0.5018229 0.1433594 0.0401042 0.0320312
1 0.5171875 0.1902344 0.0406250 0.0507812
2 0.6309896 0.5382813 0.0380208 0.0468750
2 0.3825521 0.4679687 0.0390625 0.0312500
0 0.3171875 0.5351562 0.0416667 0.0500000
0 0.6645833 0.3250000 0.0437500 0.0375000
3 0.7726563 0.4191406 0.0421875 0.0335937
3 0.6348958 0.2832031 0.0406250 0.0429688
3 0.5203125 0.4609375 0.0416667 0.0328125
2 0.3341146 0.4941406 0.0203125 0.0289063
0 0.4828125 0.6570312 0.0270833 0.0656250
0 0.6338542 0.1996094 0.0177083 0.0273438
0 0.3950521 0.4781250 0.0182292 0.0390625
2 0.4031250 0.1214844 0.0239583 0.0695313
4 0.3562500 0.6000000 0.0239583 0.0562500
1 0.4755208 0.5101562 0.0281250 0.0328125
4 0.6278646 0.4230469 0.0432292 0.0320312
2 0.6804687 0.7132812 0.0432292 0.0343750
4 0.4927083 0.3859375 0.0385417 0.0281250
1 0.3721354 0.4562500 0.0473958 0.0328125
3 0.8583333 0.4835937 0.0406250 0.0421875
0 0.5809896 0.2949219 0.0484375 0.0304687
5 0.4864583 0.8335938 0.0437500 0.0359375
0 0.5270833 0.2011719 0.0333333 0.0476562
0 0.6708333 0.3000000 0.0437500 0.0296875
1 0.3614583 0.4808594 0.0447917 0.0335937
4 0.4531250 0.2734375 0.0208333 0.0484375
4 0.3109375 0.3804688 0.0250000 0.0546875
0 0.7361979 0.8808594 0.0463542 0.0335937
1 0.6486979 0.1960938 0.0432292 0.0296875
2 0.4934896 0.1890625 0.0213542 0.0562500
1 0.5903646 0.3230469 0.0192708 0.0304687
2 0.5601563 0.0835937 0.0442708 0.0359375
5 0.3630208 0.5203125 0.0427083 0.0328125
2 0.2807292 0.5453125 0.0385417 0.0312500
4 0.5963542 0.5582031 0.0447917 0.0289063
3 0.6239583 0.4355469 0.0427083 0.0367188
2 0.5380208 0.5093750 0.0479167 0.0343750
1 0.3473958 0.4550781 0.0406250 0.0304687
5 0.2450521 0.4578125 0.0255208 0.0281250
5 0.4367187 0.2199219 0.0401042 0.0273438
4 0.6627604 0.6714844 0.0234375 0.0304687
0 0.4752604 0.4765625 0.0255208 0.0312500
3 0.5343750 0.0859375 0.0364583 0.0546875
3 0.5630208 0.5382813 0.0458333 0.0343750
1 0.4377604 0.6636719 0.0182292 0.0257812
9 0.3885417 0.3996094 0.0427083 0.0445313
6 0.6020833 0.3437500 0.0437500 0.0437500
6 0.6315104 0.5531250 0.0380208 0.0390625
11 0.6651042 0.5078125 0.0395833 0.0390625
11 0.4158854 0.4726562 0.0296875 0.0375000
11 0.3911458 0.5640625 0.0385417 0.0625000
11 0.5197917 0.2230469 0.0395833 0.0492187
9 0.6260417 0.7917969 0.0260417 0.0539063
7 0.6013021 0.2582031 0.0328125 0.0617188
7 0.5502604 0.7363281 0.0296875 0.0539063
6 0.3960938 0.4757812 0.0348958 0.0593750
7 0.7174479 0.3312500 0.0390625 0.0390625
10 0.5593750 0.2664063 0.0416667 0.0406250
