1 0.6229167 0.6984375 0.0697917 0.0515625
1 0.5544271 0.5335937 0.0651042 0.0453125
0 0.6286458 0.0949219 0.0604167 0.0664062
3 0.6320313 0.6480469 0.0515625 0.1085938
0 0.6354167 0.2304688 0.0645833 0.0500000
5 0.6692708 0.3171875 0.0718750 0.0437500
0 0.3213542 0.5515625 0.0333333 0.0593750
4 0.4510417 0.1609375 0.0354167 0.0859375
2 0.6908854 0.6792969 0.0463542 0.0679687
5 0.6989583 0.3882813 0.0375000 0.0625000
0 0.4453125 0.3824219 0.0395833 0.0789062
5 0.5533854 0.1976563 0.0505208 0.1109375
2 0.4942708 0.2910156 0.0343750 0.1023437
3 0.5557292 0.5105469 0.0458333 0.0476562
5 0.4174479 0.2886719 0.0380208 0.1054688
3 0.5440104 0.6769531 0.0463542 0.0882813
4 0.3583333 0.4156250 0.0406250 0.0812500
0 0.4744792 0.6304688 0.0729167 0.0609375
5 0.3330729 0.4414062 0.0338542 0.0828125
5 0.5166667 0.7085938 0.0385417 0.1015625
0 0.4322917 0.5324219 0.0427083 0.0929688
5 0.5825521 0.2871094 0.0755208 0.0523438
2 0.4203125 0.8691406 0.0302083 0.1039063
4 0.6424479 0.6289062 0.0526042 0.0656250
4 0.4528646 0.1675781 0.0411458 0.0960938
5 0.2838542 0.5367188 0.0562500 0.0578125
5 0.7359375 0.6187500 0.0552083 0.0687500
4 0.5640625 0.5335937 0.0479167 0.0546875
3 0.6450521 0.4523437 0.0786458 0.0546875
3 0.6335937 0.1496094 0.0380208 0.1195313
5 0.6825521 0.1230469 0.0713542 0.0507812
4 0.3187500 0.4585938 0.0552083 0.0859375
1 0.6028646 0.6507812 0.0588542 0.0453125
4 0.2989583 0.2898438 0.0739583 0.0562500
0 0.3549479 0.6574219 0.0453125 0.0710937
4 0.4916667 0.2480469 0.0625000 0.0554687
3 0.3255208 0.3800781 0.0625000 0.0789062
2 0.7419271 0.1003906 0.0713542 0.0507812
5 0.4328125 0.5468750 0.0375000 0.0890625
0 0.7070312 0.3300781 0.0588542 0.0507812
2 0.6692708 0.5738281 0.0781250 0.0523438
1 0.3354167 0.4914062 0.0593750 0.0531250
5 0.3562500 0.4968750 0.0593750 0.0500000
1 0.5653646 0.5507812 0.0380208 0.0984375
3 0.4807292 0.7597656 0.0635417 0.0664062
4 0.5856771 0.7304688 0.0505208 0.0796875
2 0.4947917 0.6371094 0.0364583 0.0867187
1 0.6328125 0.3566406 0.0375000 0.0617188
1 0.5182292 0.4125000 0.0427083 0.1031250
3 0.3442708 0.3453125 0.0541667 0.0515625
0 0.6398438 0.7710938 0.0380208 0.1156250
10 0.3190104 0.6890625 0.0494792 0.0875000
6 0.5815104 0.4406250 0.0598958 0.1015625
7 0.5135417 0.3792969 0.0625000 0.0742188
6 0.3291667 0.5593750 0.0562500 0.0640625
11 0.6234375 0.8050781 0.0468750 0.0742188
8 0.5666667 0.5750000 0.0687500 0.1078125
