3 0.5111979 0.2007812 0.0276042 0.0359375
0 0.4833333 0.9265625 0.0312500 0.0375000
2 0.5888021 0.6972656 0.0348958 0.0351562
4 0.2911458 0.3621094 0.0354167 0.0257812
3 0.6416667 0.4472656 0.0364583 0.0414062
0 0.2934896 0.6550781 0.0348958 0.0351562
4 0.4989583 0.5507812 0.0177083 0.0421875
3 0.3377604 0.5093750 0.0359375 0.0296875
3 0.6799479 0.6273437 0.0161458 0.0406250
5 0.3072917 0.6324219 0.0375000 0.0335937
1 0.5677083 0.8093750 0.0260417 0.0265625
1 0.4401042 0.1914062 0.0187500 0.0515625
4 0.5200521 0.7855469 0.0234375 0.0585938
4 0.6861979 0.7656250 0.0130208 0.0265625
2 0.4890625 0.3296875 0.0312500 0.0343750
0 0.4044271 0.5023437 0.0369792 0.0250000
2 0.5122396 0.3750000 0.0369792 0.0250000
5 0.4945312 0.7593750 0.0244792 0.0546875
9 0.6583333 0.6464844 0.0354167 0.0335937
7 0.3622396 0.6000000 0.0328125 0.0359375
11 0.6328125 0.4671875 0.0312500 0.0500000
10 0.6174479 0.5832031 0.0369792 0.0398437
6 0.6916667 0.6570312 0.0302083 0.0578125
9 0.7645833 0.3332031 0.0375000 0.0398437
7 0.4593750 0.5117188 0.0322917 0.0328125
10 0.3278646 0.5425781 0.0234375 0.0570312
7 0.5153646 0.1554687 0.0338542 0.0375000
7 0.6968750 0.5941406 0.0354167 0.0335937
10 0.5278646 0.7214844 0.0348958 0.0335937
8 0.6645833 0.7113281 0.0291667 0.0476562
11 0.6164063 0.4617188 0.0234375 0.0359375
