4 0.4645833 0.2691406 0.0572917 0.0414062
2 0.4440104 0.4109375 0.0234375 0.0390625
2 0.7283854 0.7441406 0.0588542 0.0523438
5 0.3257813 0.8242188 0.0473958 0.0546875
2 0.5114583 0.0886719 0.0375000 0.0695313
0 0.5533854 0.3335938 0.0536458 0.0406250
1 0.6968750 0.5132813 0.0541667 0.0531250
0 0.5671875 0.3988281 0.0354167 0.0820312
2 0.6908854 0.3269531 0.0505208 0.0648438
5 0.3531250 0.2855469 0.0458333 0.0851563
4 0.5062500 0.4808594 0.0395833 0.0429688
1 0.5591146 0.4886719 0.0244792 0.0695313
5 0.5268229 0.4457031 0.0401042 0.0554687
0 0.5239583 0.2523437 0.0489583 0.0531250
2 0.6481771 0.4093750 0.0546875 0.0406250
2 0.6179687 0.2578125 0.0401042 0.0718750
5 0.3231771 0.2644531 0.0505208 0.0570312
1 0.6682292 0.6929688 0.0354167 0.0843750
4 0.6822917 0.5011719 0.0531250 0.0617188
0 0.4317708 0.7335938 0.0447917 0.0437500
3 0.3671875 0.5042969 0.0416667 0.0398437
4 0.4885417 0.8753906 0.0489583 0.0664062
5 0.6718750 0.6300781 0.0489583 0.0414062
2 0.4226563 0.7843750 0.0432292 0.0421875
2 0.6401042 0.5113281 0.0239583 0.0492187
2 0.4130208 0.7593750 0.0270833 0.0609375
2 0.6239583 0.3230469 0.0437500 0.0507812
5 0.3966146 0.4636719 0.0411458 0.0523438
0 0.5994792 0.4824219 0.0552083 0.0335937
2 0.5877604 0.2496094 0.0588542 0.0664062
2 0.3718750 0.9050781 0.0427083 0.0507812
3 0.4151042 0.3605469 0.0343750 0.0507812
4 0.7210937 0.3816406 0.0557292 0.0398437
5 0.6106771 0.4468750 0.0255208 0.0593750
6 0.2843750 0.1324219 0.0593750 0.0585938
6 0.3875000 0.7187500 0.0604167 0.0593750
9 0.2247396 0.5636719 0.0567708 0.0570312
9 0.2867188 0.4011719 0.0484375 0.0726563
10 0.4205729 0.5070313 0.0588542 0.0593750
10 0.6515625 0.3562500 0.0510417 0.0593750
11 0.5088542 0.9804688 0.0333333 0.0375000
10 0.5122396 0.5625000 0.0442708 0.0687500
7 0.5148438 0.6933594 0.0463542 0.0851563
9 0.5750000 0.2554688 0.0583333 0.0562500
6 0.2622396 0.1710937 0.0536458 0.0609375
10 0.6117187 0.3019531 0.0453125 0.0882813
