1 0.2427083 0.5601563 0.1270833 0.0796875
3 0.5656250 0.1007813 0.0802083 0.1859375
1 0.4195313 0.3500000 0.1140625 0.0796875
3 0.6315104 0.3800781 0.1244792 0.1273438
5 0.3888021 0.3703125 0.0703125 0.0953125
2 0.3593750 0.7640625 0.1302083 0.0828125
4 0.5625000 0.8773437 0.0718750 0.1546875
4 0.4466146 0.8957031 0.1223958 0.1085938
0 0.3783854 0.5730469 0.0901042 0.1054688
1 0.5617188 0.6605469 0.0734375 0.1929687
1 0.6049479 0.4457031 0.1286458 0.0914062
3 0.6346354 0.6734375 0.1317708 0.1078125
4 0.4669271 0.3652344 0.1255208 0.1195313
5 0.6078125 0.0304687 0.0968750 0.0609375
4 0.4026042 0.6734375 0.0781250 0.1921875
5 0.6799479 0.6031250 0.1203125 0.0953125
2 0.6778646 0.7421875 0.1234375 0.0937500
1 0.4111979 0.2769531 0.1317708 0.0867187
2 0.4598958 0.1871094 0.0760417 0.1648438
4 0.3513021 0.2261719 0.1005208 0.0679687
3 0.6984375 0.6355469 0.1406250 0.1117188
4 0.5708333 0.2855469 0.0864583 0.1664063
2 0.6604167 0.4582031 0.0656250 0.1148437
5 0.4377604 0.3234375 0.0984375 0.1062500
2 0.3161458 0.1167969 0.1281250 0.0835937
0 0.5911458 0.3929687 0.1322917 0.1171875
5 0.5877604 0.2945313 0.1088542 0.1031250
5 0.6796875 0.5531250 0.0916667 0.1406250
2 0.4627604 0.2093750 0.1026042 0.1453125
5 0.4533854 0.5058594 0.0536458 0.0867187
5 0.5916667 0.7968750 0.1208333 0.1093750
3 0.3328125 0.4789062 0.1239583 0.0890625
5 0.5546875 0.5207031 0.1093750 0.1023437
5 0.5872396 0.5027344 0.0744792 0.1429688
0 0.6033854 0.7101563 0.1380208 0.0906250
2 0.6734375 0.6203125 0.1260417 0.0812500
0 0.5919271 0.6988281 0.1067708 0.1679688
5 0.5593750 0.2675781 0.0739583 0.1710937
1 0.5481771 0.9160156 0.0869792 0.1414063
0 0.5091146 0.1609375 0.1223958 0.0921875
5 0.4963542 0.3128906 0.1177083 0.0789062
4 0.3843750 0.2648437 0.1302083 0.0812500
4 0.3703125 0.5761719 0.1312500 0.0992187
1 0.2479167 0.3777344 0.1020833 0.0929688
9 0.7755208 0.4859375 0.1145833 0.1125000
7 0.5916667 0.6714844 0.1166667 0.1742188
9 0.6268229 0.5835938 0.1005208 0.1734375
11 0.4263021 0.2312500 0.0911458 0.1390625
7 0.3393229 0.7753906 0.1265625 0.1226562
8 0.7036458 0.1054688 0.1260417 0.1250000
7 0.2119792 0.3363281 0.1177083 0.1695312
8 0.7726563 0.6046875 0.1244792 0.1218750
11 0.2789063 0.3996094 0.1307292 0.1742188
