2 0.6518229 0.1914062 0.0171875 0.0281250
5 0.5718750 0.3925781 0.0218750 0.0132812
4 0.6354167 0.6531250 0.0218750 0.0156250
5 0.6403646 0.1761719 0.0213542 0.0179687
1 0.5356771 0.4289062 0.0203125 0.0218750
4 0.6843750 0.3378906 0.0145833 0.0164063
5 0.5710937 0.1648438 0.0098958 0.0171875
2 0.6416667 0.4074219 0.0114583 0.0164063
0 0.5307292 0.2007812 0.0187500 0.0171875
2 0.4708333 0.5210938 0.0177083 0.0218750
2 0.3369792 0.5671875 0.0114583 0.0343750
3 0.6580729 0.3535156 0.0171875 0.0242188
3 0.3979167 0.5261719 0.0229167 0.0148437
2 0.3958333 0.4289062 0.0218750 0.0234375
0 0.3781250 0.3863281 0.0156250 0.0226562
2 0.6434896 0.6796875 0.0213542 0.0234375
0 0.4328125 0.6292969 0.0125000 0.0367188
2 0.7580729 0.4859375 0.0223958 0.0203125
1 0.4739583 0.0464844 0.0177083 0.0289063
1 0.5263021 0.2871094 0.0130208 0.0335937
1 0.6070313 0.6527344 0.0182292 0.0164063
6 0.5260417 0.6253906 0.0208333 0.0210938
