0 0.6859375 0.3875000 0.0187500 0.0328125
3 0.3369792 0.3378906 0.0135417 0.0382813
4 0.5416667 0.5007812 0.0260417 0.0187500
1 0.5122396 0.8878906 0.0265625 0.0242188
2 0.4013021 0.6164063 0.0140625 0.0375000
2 0.3236979 0.7605469 0.0192708 0.0226562
5 0.4507813 0.4246094 0.0213542 0.0226562
2 0.6770833 0.1207031 0.0281250 0.0210938
2 0.3046875 0.5972656 0.0250000 0.0304687
5 0.4552083 0.2277344 0.0229167 0.0304687
1 0.6184896 0.7214844 0.0234375 0.0195312
3 0.3856771 0.3707031 0.0192708 0.0414062
3 0.5656250 0.5105469 0.0250000 0.0304687
2 0.4541667 0.3582031 0.0250000 0.0257812
3 0.3416667 0.2773438 0.0291667 0.0203125
3 0.4453125 0.3000000 0.0229167 0.0187500
5 0.3903646 0.2972656 0.0171875 0.0320312
4 0.4463542 0.4964844 0.0229167 0.0335937
3 0.6062500 0.4371094 0.0270833 0.0195312
3 0.6510417 0.3238281 0.0270833 0.0273438
2 0.5718750 0.6777344 0.0208333 0.0304687
4 0.5861979 0.2378906 0.0119792 0.0210938
5 0.5229167 0.4117188 0.0156250 0.0156250
3 0.5408854 0.2226562 0.0255208 0.0203125
3 0.6838542 0.1093750 0.0291667 0.0203125
4 0.5281250 0.5472656 0.0187500 0.0226562
1 0.4820313 0.3968750 0.0234375 0.0171875
3 0.5393229 0.2050781 0.0223958 0.0289063
4 0.4338542 0.7808594 0.0104167 0.0164063
5 0.6726562 0.7449219 0.0203125 0.0273438
0 0.5356771 0.7242188 0.0234375 0.0296875
5 0.4796875 0.6601562 0.0156250 0.0328125
2 0.3661458 0.2890625 0.0166667 0.0390625
2 0.3372396 0.3824219 0.0130208 0.0210938
4 0.3239583 0.3332031 0.0125000 0.0398437
3 0.6018229 0.8597656 0.0140625 0.0367188
2 0.3789062 0.4460938 0.0213542 0.0328125
2 0.7986979 0.4292969 0.0255208 0.0273438
5 0.4911458 0.0804688 0.0145833 0.0296875
3 0.5210938 0.5960937 0.0171875 0.0375000
0 0.3101563 0.4484375 0.0130208 0.0328125
2 0.6739583 0.8960938 0.0270833 0.0250000
5 0.6695313 0.7117187 0.0223958 0.0312500
4 0.3182292 0.3726563 0.0281250 0.0296875
1 0.4757812 0.3414063 0.0192708 0.0218750
5 0.5210938 0.3953125 0.0203125 0.0296875
1 0.3265625 0.5175781 0.0125000 0.0226562
3 0.5164062 0.2992187 0.0234375 0.0328125
1 0.5039062 0.3171875 0.0140625 0.0390625
2 0.4838542 0.7343750 0.0260417 0.0328125
0 0.3104167 0.3671875 0.0250000 0.0203125
2 0.6072917 0.1789062 0.0208333 0.0359375
1 0.5802083 0.5152344 0.0135417 0.0351562
3 0.3708333 0.4527344 0.0281250 0.0179687
3 0.7075521 0.5125000 0.0286458 0.0250000
2 0.4940104 0.3937500 0.0119792 0.0171875
3 0.3447917 0.4917969 0.0177083 0.0273438
2 0.5911458 0.6097656 0.0270833 0.0195312
9 0.4692708 0.4312500 0.0218750 0.0328125
11 0.5872396 0.3773437 0.0171875 0.0406250
6 0.5632812 0.8238281 0.0182292 0.0429688
10 0.4169271 0.4195313 0.0234375 0.0312500
10 0.6315104 0.2496094 0.0276042 0.0273438
11 0.6315104 0.8628906 0.0192708 0.0398437
7 0.4710937 0.3683594 0.0161458 0.0304687
11 0.6541667 0.4007812 0.0177083 0.0296875
6 0.5580729 0.7171875 0.0255208 0.0265625
8 0.4403646 0.7789063 0.0296875 0.0296875
7 0.6812500 0.2347656 0.0250000 0.0304687
6 0.4598958 0.4769531 0.0239583 0.0257812
10 0.3898437 0.5125000 0.0213542 0.0375000
8 0.4489583 0.6894531 0.0239583 0.0429688
10 0.5049479 0.5843750 0.0234375 0.0234375
7 0.2791667 0.4187500 0.0250000 0.0328125
9 0.3875000 0.7234375 0.0177083 0.0390625
