4 0.6971354 0.3652344 0.0484375 0.0335937
5 0.5729167 0.4972656 0.0270833 0.0601563
3 0.3484375 0.3132813 0.0239583 0.0750000
5 0.4338542 0.2957031 0.0312500 0.0773438
3 0.3927083 0.2324219 0.0447917 0.0304687
1 0.7505208 0.3621094 0.0406250 0.0523438
2 0.6098958 0.5960937 0.0447917 0.0312500
2 0.6716146 0.2832031 0.0463542 0.0335937
3 0.5968750 0.6898437 0.0479167 0.0406250
2 0.3197917 0.2167969 0.0500000 0.0367188
5 0.6049479 0.4707031 0.0213542 0.0476562
1 0.5140625 0.7210937 0.0302083 0.0296875
5 0.3898437 0.1234375 0.0286458 0.0703125
1 0.7497396 0.3421875 0.0338542 0.0484375
5 0.6513021 0.6183594 0.0432292 0.0320312
4 0.3148437 0.5382813 0.0515625 0.0421875
1 0.3096354 0.7542969 0.0473958 0.0382813
3 0.5572917 0.8023438 0.0270833 0.0312500
0 0.6088542 0.2582031 0.0468750 0.0351562
5 0.4416667 0.8605469 0.0395833 0.0445313
3 0.2666667 0.6753906 0.0510417 0.0304687
5 0.5677083 0.1375000 0.0260417 0.0375000
3 0.2429688 0.5000000 0.0296875 0.0421875
3 0.3445313 0.4914062 0.0473958 0.0546875
0 0.5145833 0.5488281 0.0447917 0.0257812
8 0.6583333 0.5218750 0.0375000 0.0656250
8 0.5804687 0.4292969 0.0442708 0.0617188
9 0.2515625 0.6089844 0.0489583 0.0476562
8 0.5291667 0.7210937 0.0322917 0.0734375
7 0.5057292 0.1347656 0.0406250 0.0617188
7 0.6210938 0.8085938 0.0317708 0.0578125
9 0.7763021 0.7421875 0.0338542 0.0453125
7 0.5929688 0.5937500 0.0432292 0.0453125
11 0.6481771 0.4261719 0.0442708 0.0492187
7 0.3651042 0.5175781 0.0312500 0.0492187
6 0.5359375 0.2757812 0.0281250 0.0515625
6 0.4330729 0.5488281 0.0453125 0.0445313
11 0.4388021 0.2492187 0.0494792 0.0734375
7 0.4226563 0.2636719 0.0380208 0.0710937
9 0.7562500 0.3628906 0.0500000 0.0617188
7 0.6197917 0.5882812 0.0385417 0.0640625
9 0.4736979 0.9046875 0.0432292 0.0500000
