4 0.4934896 0.7519531 0.0182292 0.0429688
4 0.4789062 0.7378906 0.0317708 0.0210938
6 0.5677083 0.3777344 0.0208333 0.0257812
8 0.4703125 0.2804687 0.0291667 0.0296875
8 0.6750000 0.1308594 0.0250000 0.0289063
8 0.5664062 0.7460938 0.0255208 0.0375000
9 0.3497396 0.7191406 0.0276042 0.0476562
10 0.5070313 0.3941406 0.0328125 0.0445313
7 0.4039063 0.3367188 0.0255208 0.0312500
11 0.6463542 0.2992187 0.0187500 0.0437500
7 0.5453125 0.5207031 0.0229167 0.0367188
9 0.4135417 0.1835938 0.0281250 0.0406250
11 0.5651042 0.5386719 0.0281250 0.0273438
7 0.2437500 0.5683594 0.0281250 0.0289063
10 0.6807292 0.4289062 0.0302083 0.0296875
10 0.7838542 0.7320313 0.0302083 0.0296875
9 0.5671875 0.2968750 0.0218750 0.0406250
6 0.5273438 0.6906250 0.0286458 0.0390625
7 0.4773438 0.4246094 0.0182292 0.0273438
6 0.6268229 0.2699219 0.0307292 0.0476562
