5 0.6617188 0.4023438 0.0286458 0.0234375
3 0.6898437 0.6839844 0.0286458 0.0179687
3 0.3486979 0.7480469 0.0265625 0.0257812
2 0.5692708 0.6972656 0.0156250 0.0429688
3 0.3401042 0.3210938 0.0187500 0.0328125
5 0.5367188 0.6578125 0.0234375 0.0359375
3 0.6690104 0.5500000 0.0296875 0.0250000
4 0.3072917 0.5421875 0.0135417 0.0296875
2 0.3007812 0.4906250 0.0151042 0.0359375
2 0.5729167 0.1839844 0.0291667 0.0179687
3 0.4013021 0.4980469 0.0234375 0.0242188
3 0.5122396 0.1121094 0.0255208 0.0257812
2 0.5427083 0.6058594 0.0187500 0.0242188
0 0.6731771 0.2679687 0.0171875 0.0421875
2 0.4606771 0.7101563 0.0151042 0.0203125
0 0.6067708 0.4492188 0.0250000 0.0265625
0 0.3377604 0.3625000 0.0244792 0.0187500
2 0.6757812 0.4398437 0.0276042 0.0203125
2 0.6997396 0.7058594 0.0286458 0.0179687
3 0.6070313 0.4671875 0.0286458 0.0296875
2 0.5893229 0.6308594 0.0203125 0.0414062
3 0.7421875 0.4769531 0.0208333 0.0273438
3 0.3315104 0.5398437 0.0203125 0.0234375
0 0.4049479 0.4566406 0.0244792 0.0226562
2 0.5205729 0.9105469 0.0182292 0.0320312
5 0.7408854 0.4761719 0.0286458 0.0257812
9 0.5739583 0.6304688 0.0270833 0.0281250
7 0.6169271 0.3812500 0.0265625 0.0375000
10 0.5666667 0.4652344 0.0260417 0.0429688
7 0.5789062 0.7406250 0.0265625 0.0375000
11 0.5289063 0.6000000 0.0276042 0.0296875
10 0.4908854 0.4839844 0.0213542 0.0367188
10 0.6575521 0.4367187 0.0234375 0.0343750
9 0.3554688 0.3105469 0.0265625 0.0257812
9 0.6325521 0.4785156 0.0182292 0.0414062
