5 0.6809896 0.8246094 0.1151042 0.1414063
5 0.4013021 0.5929688 0.1213542 0.0796875
3 0.6195312 0.3644531 0.1119792 0.1429688
4 0.6343750 0.8109375 0.1333333 0.0968750
0 0.5914063 0.8558594 0.1442708 0.0867187
1 0.6820312 0.4312500 0.1161458 0.1578125
0 0.4565104 0.2230469 0.1213542 0.1070312
4 0.5299479 0.8234375 0.1421875 0.0906250
4 0.5984375 0.3968750 0.0927083 0.1718750
3 0.5351562 0.3027344 0.0838542 0.1632812
4 0.7242188 0.7398438 0.1057292 0.1156250
4 0.8143229 0.5074219 0.1348958 0.1023437
3 0.6619792 0.8777344 0.1354167 0.0976562
2 0.6734375 0.7070312 0.0635417 0.0984375
1 0.3450521 0.8199219 0.0713542 0.1960938
4 0.5221354 0.5113281 0.0755208 0.0882813
3 0.3734375 0.3128906 0.1322917 0.0929688
1 0.6739583 0.6421875 0.0822917 0.1578125
3 0.6658854 0.2808594 0.1369792 0.0773438
2 0.3924479 0.8328125 0.0557292 0.2046875
2 0.6244792 0.7351562 0.0843750 0.1593750
0 0.7776042 0.4816406 0.0583333 0.1679688
3 0.7197917 0.5882812 0.1395833 0.1078125
0 0.4638021 0.4878906 0.1192708 0.1617187
5 0.3875000 0.2957031 0.1239583 0.0867187
2 0.4697917 0.1335938 0.0750000 0.0875000
5 0.5354167 0.1207031 0.0645833 0.1382812
4 0.5872396 0.3335938 0.1161458 0.0921875
1 0.3468750 0.4472656 0.0791667 0.1539062
4 0.3276042 0.7378906 0.0614583 0.0835937
2 0.3596354 0.4207031 0.0973958 0.1398437
2 0.4942708 0.7066406 0.1260417 0.1023437
3 0.3979167 0.4703125 0.1239583 0.0937500
4 0.7255208 0.4441406 0.1322917 0.1210938
2 0.4919271 0.8250000 0.1140625 0.1546875
0 0.3559896 0.5847656 0.0984375 0.1742188
3 0.5604167 0.4273438 0.0791667 0.1093750
1 0.3981771 0.2050781 0.0869792 0.1945312
0 0.6713542 0.3160156 0.1239583 0.0882813
3 0.6205729 0.3542969 0.0630208 0.2054688
0 0.6815104 0.4394531 0.1369792 0.0960938
0 0.4343750 0.9089844 0.1260417 0.0820312
2 0.6562500 0.1203125 0.1187500 0.0968750
5 0.3591146 0.8726563 0.1432292 0.1187500
5 0.6236979 0.6609375 0.1557292 0.1171875
0 0.3716146 0.4320312 0.1244792 0.0781250
5 0.5768229 0.1011719 0.0661458 0.1773437
1 0.7278646 0.1757812 0.1463542 0.1015625
4 0.4244792 0.2300781 0.1197917 0.0929688
11 0.3250000 0.7699219 0.1229167 0.1398437
9 0.3864583 0.6179687 0.1281250 0.2015625
7 0.7203125 0.5199219 0.1239583 0.1523438
9 0.5395833 0.8347656 0.1260417 0.1242188
7 0.6473958 0.8539062 0.1177083 0.1171875
6 0.1664063 0.3644531 0.1369792 0.1648438
7 0.5343750 0.3691406 0.0947917 0.1148437
8 0.5557292 0.9089844 0.0937500 0.1804688
8 0.5067708 0.2839844 0.0770833 0.1242188
11 0.6085938 0.3371094 0.1151042 0.1476562
10 0.4565104 0.9824219 0.0380208 0.0335937
10 0.6695313 0.1503906 0.1161458 0.1257813
