0 0.5843750 0.3960938 0.0135417 0.0218750
3 0.3632812 0.5109375 0.0265625 0.0234375
4 0.2937500 0.4949219 0.0260417 0.0195312
2 0.4611979 0.5175781 0.0276042 0.0195312
3 0.7226562 0.5160156 0.0223958 0.0289063
1 0.2630208 0.4332031 0.0156250 0.0179687
1 0.3838542 0.6039062 0.0208333 0.0343750
3 0.7843750 0.3984375 0.0239583 0.0281250
0 0.7187500 0.5652344 0.0208333 0.0226562
3 0.6664062 0.2855469 0.0234375 0.0179687
4 0.6075521 0.7769531 0.0203125 0.0367188
5 0.6075521 0.2554688 0.0255208 0.0187500
3 0.6729167 0.4234375 0.0145833 0.0437500
2 0.5768229 0.2644531 0.0171875 0.0367188
1 0.6023437 0.3187500 0.0276042 0.0250000
0 0.5098958 0.3812500 0.0218750 0.0343750
2 0.4783854 0.5906250 0.0244792 0.0234375
4 0.4765625 0.6914062 0.0125000 0.0390625
2 0.6781250 0.4976563 0.0177083 0.0359375
5 0.5070313 0.4796875 0.0119792 0.0187500
4 0.4171875 0.6839844 0.0135417 0.0320312
5 0.5854167 0.8449219 0.0229167 0.0242188
5 0.3765625 0.4738281 0.0187500 0.0289063
1 0.4718750 0.2523437 0.0187500 0.0171875
0 0.6377604 0.3046875 0.0223958 0.0218750
1 0.3463542 0.5265625 0.0239583 0.0359375
0 0.6036458 0.7355469 0.0229167 0.0257812
4 0.7299479 0.4046875 0.0255208 0.0203125
0 0.3869792 0.4773438 0.0145833 0.0328125
3 0.4299479 0.4296875 0.0265625 0.0203125
4 0.5622396 0.3953125 0.0265625 0.0187500
1 0.6664062 0.3539062 0.0265625 0.0187500
2 0.4843750 0.6160156 0.0250000 0.0210938
5 0.5872396 0.4929688 0.0244792 0.0234375
1 0.6179687 0.2882812 0.0182292 0.0312500
1 0.4070313 0.2054688 0.0276042 0.0203125
2 0.3617187 0.4597656 0.0182292 0.0195312
1 0.5625000 0.7496094 0.0270833 0.0195312
1 0.5250000 0.6339844 0.0145833 0.0257812
3 0.5356771 0.5125000 0.0255208 0.0218750
2 0.5640625 0.2617188 0.0260417 0.0218750
1 0.4830729 0.5847656 0.0130208 0.0382813
2 0.4052083 0.8328125 0.0145833 0.0390625
8 0.5778646 0.2722656 0.0213542 0.0382813
9 0.3067708 0.4320312 0.0239583 0.0343750
6 0.4606771 0.6214844 0.0234375 0.0226562
7 0.6023437 0.8515625 0.0151042 0.0234375
10 0.7283854 0.3523438 0.0255208 0.0250000
6 0.3479167 0.2566406 0.0208333 0.0367188
10 0.5666667 0.5683594 0.0229167 0.0320312
11 0.6093750 0.7988281 0.0239583 0.0320312
9 0.7296875 0.3589844 0.0260417 0.0289063
11 0.5835938 0.6433594 0.0255208 0.0273438
8 0.4369792 0.2238281 0.0166667 0.0242188
9 0.4283854 0.3304687 0.0171875 0.0359375
