2 0.4028646 0.4378906 0.0182292 0.0398437
5 0.5549479 0.7316406 0.0140625 0.0242188
1 0.7398438 0.5781250 0.0203125 0.0187500
5 0.4208333 0.8867188 0.0197917 0.0265625
3 0.6731771 0.3617187 0.0276042 0.0203125
5 0.3002604 0.5445313 0.0130208 0.0296875
0 0.6377604 0.2769531 0.0265625 0.0226562
0 0.6958333 0.6671875 0.0270833 0.0250000
1 0.4916667 0.9214844 0.0187500 0.0335937
3 0.4192708 0.3351562 0.0281250 0.0218750
3 0.5934896 0.4097656 0.0223958 0.0304687
0 0.4617188 0.2550781 0.0234375 0.0257812
4 0.6622396 0.5230469 0.0109375 0.0226562
6 0.7143229 0.3195312 0.0182292 0.0234375
11 0.4002604 0.6093750 0.0223958 0.0250000
8 0.6450521 0.4265625 0.0255208 0.0359375
9 0.5822917 0.5437500 0.0239583 0.0234375
6 0.4807292 0.1929687 0.0166667 0.0375000
10 0.5187500 0.4562500 0.0197917 0.0218750
10 0.4018229 0.5933594 0.0203125 0.0320312
6 0.6244792 0.6046875 0.0166667 0.0343750
10 0.3268229 0.2625000 0.0244792 0.0250000
7 0.6682292 0.3769531 0.0208333 0.0304687
