3 0.7031250 0.5589844 0.0437500 0.0757812
3 0.6434896 0.2125000 0.0619792 0.0484375
1 0.7382812 0.2449219 0.0661458 0.0476562
2 0.3880208 0.4929688 0.0697917 0.0640625
3 0.4869792 0.6425781 0.0354167 0.0554687
2 0.4585938 0.9355469 0.0567708 0.0914062
0 0.3528646 0.7363281 0.0348958 0.0632812
4 0.6838542 0.5265625 0.0520833 0.0625000
4 0.4755208 0.2609375 0.0416667 0.0562500
0 0.7562500 0.5269531 0.0739583 0.0445313
5 0.4903646 0.5628906 0.0307292 0.0445313
1 0.5114583 0.2386719 0.0479167 0.0820312
5 0.3570313 0.6335937 0.0296875 0.0937500
2 0.4841146 0.5058594 0.0442708 0.0851563
9 0.5609375 0.6113281 0.0562500 0.0585938
10 0.4236979 0.8562500 0.0401042 0.0921875
6 0.4708333 0.3851562 0.0583333 0.0593750
11 0.3973958 0.1480469 0.0427083 0.0945312
6 0.5367188 0.1179687 0.0557292 0.0703125
7 0.3763021 0.3714844 0.0453125 0.0835937
11 0.7278646 0.6167969 0.0630208 0.0695313
9 0.6320313 0.5859375 0.0682292 0.0859375
10 0.3713542 0.4179688 0.0395833 0.0765625
9 0.7130208 0.3191406 0.0604167 0.0664062
8 0.2734375 0.5019531 0.0427083 0.0601563
