0 0.3812500 0.8531250 0.0270833 0.0796875
3 0.6609375 0.3316406 0.0479167 0.0335937
0 0.7080729 0.4679687 0.0515625 0.0281250
2 0.7747396 0.3441406 0.0223958 0.0679687
4 0.6460938 0.1726563 0.0369792 0.0625000
5 0.7734375 0.4921875 0.0395833 0.0375000
3 0.5838542 0.1691406 0.0218750 0.0695313
5 0.6955729 0.3980469 0.0473958 0.0382813
2 0.6078125 0.3746094 0.0302083 0.0476562
3 0.6091146 0.7546875 0.0286458 0.0546875
3 0.4697917 0.3523438 0.0427083 0.0453125
1 0.5971354 0.7425781 0.0234375 0.0382813
2 0.4020833 0.7792969 0.0250000 0.0648438
0 0.6770833 0.5523438 0.0458333 0.0406250
0 0.4640625 0.6878906 0.0270833 0.0492187
3 0.6619792 0.8695312 0.0343750 0.0578125
3 0.2776042 0.5363281 0.0541667 0.0320312
0 0.7125000 0.4832031 0.0510417 0.0273438
0 0.7299479 0.4867187 0.0484375 0.0343750
3 0.4656250 0.7179688 0.0458333 0.0437500
5 0.3848958 0.5390625 0.0218750 0.0296875
5 0.4093750 0.4972656 0.0239583 0.0257812
2 0.5450521 0.2812500 0.0505208 0.0359375
2 0.7643229 0.6312500 0.0380208 0.0609375
3 0.4669271 0.4398437 0.0328125 0.0406250
2 0.6390625 0.7257813 0.0239583 0.0687500
2 0.4252604 0.1226562 0.0317708 0.0375000
4 0.4763021 0.5382813 0.0307292 0.0375000
0 0.3059896 0.3394531 0.0432292 0.0507812
5 0.7052083 0.6679688 0.0552083 0.0343750
0 0.6341146 0.6062500 0.0526042 0.0328125
2 0.4380208 0.2988281 0.0500000 0.0507812
4 0.3708333 0.7808594 0.0322917 0.0601563
2 0.6145833 0.2804687 0.0354167 0.0484375
4 0.3377604 0.4679687 0.0380208 0.0531250
3 0.4427083 0.5851563 0.0177083 0.0656250
2 0.4544271 0.2636719 0.0432292 0.0367188
0 0.3661458 0.6667969 0.0385417 0.0585938
3 0.4877604 0.3621094 0.0328125 0.0445313
3 0.3744792 0.8261719 0.0489583 0.0445313
0 0.3388021 0.1082031 0.0473958 0.0429688
0 0.3796875 0.2738281 0.0291667 0.0523438
2 0.3869792 0.6500000 0.0489583 0.0437500
2 0.6747396 0.4847656 0.0515625 0.0382813
4 0.7200521 0.6835938 0.0453125 0.0421875
5 0.5192708 0.1082031 0.0302083 0.0539063
2 0.6710938 0.8308594 0.0463542 0.0429688
0 0.4000000 0.4371094 0.0260417 0.0445313
0 0.6184896 0.8648438 0.0473958 0.0312500
0 0.5950521 0.9460937 0.0265625 0.0750000
9 0.5708333 0.8191406 0.0385417 0.0429688
7 0.5807292 0.6937500 0.0302083 0.0703125
6 0.2968750 0.3148437 0.0312500 0.0718750
7 0.5234375 0.5597656 0.0395833 0.0539063
9 0.3848958 0.5054688 0.0281250 0.0500000
11 0.4528646 0.8511719 0.0338542 0.0695313
8 0.5122396 0.1152344 0.0348958 0.0710937
8 0.3906250 0.3800781 0.0322917 0.0710937
