4 0.3424479 0.5203125 0.0567708 0.0375000
2 0.4489583 0.6597656 0.0322917 0.0695313
4 0.6533854 0.6789063 0.0567708 0.0406250
2 0.5067708 0.2828125 0.0427083 0.0453125
4 0.6526042 0.1582031 0.0552083 0.0382813
5 0.6578125 0.5960937 0.0395833 0.0484375
0 0.6250000 0.7691406 0.0562500 0.0460938
1 0.5518229 0.5679688 0.0505208 0.0343750
1 0.4976563 0.6652344 0.0432292 0.0726563
5 0.7341146 0.6410156 0.0286458 0.0710937
3 0.4645833 0.6160156 0.0291667 0.0835937
4 0.2947917 0.6054688 0.0572917 0.0421875
4 0.3734375 0.3457031 0.0562500 0.0398437
1 0.4388021 0.2570312 0.0598958 0.0453125
3 0.5716146 0.3878906 0.0619792 0.0476562
2 0.6619792 0.6148438 0.0510417 0.0562500
3 0.7283854 0.5832031 0.0505208 0.0570312
1 0.4609375 0.2773438 0.0354167 0.0375000
5 0.2385417 0.7660156 0.0458333 0.0507812
5 0.2963542 0.4093750 0.0250000 0.0796875
1 0.7072917 0.7199219 0.0322917 0.0851563
1 0.5434896 0.6339844 0.0338542 0.0414062
1 0.4598958 0.3429687 0.0437500 0.0328125
2 0.3765625 0.6792969 0.0427083 0.0617188
4 0.5065104 0.5394531 0.0526042 0.0367188
2 0.4213542 0.5140625 0.0489583 0.0515625
0 0.5140625 0.6652344 0.0583333 0.0414062
1 0.6075521 0.7003906 0.0380208 0.0710937
1 0.6080729 0.6117187 0.0515625 0.0343750
0 0.5424479 0.5156250 0.0598958 0.0421875
1 0.5078125 0.6121094 0.0416667 0.0695313
3 0.7098958 0.3476562 0.0583333 0.0343750
3 0.4453125 0.6394531 0.0604167 0.0382813
0 0.5291667 0.6238281 0.0281250 0.0648438
2 0.6098958 0.6128906 0.0385417 0.0617188
2 0.4302083 0.3589844 0.0302083 0.0757812
5 0.5747396 0.5367188 0.0380208 0.0750000
5 0.4453125 0.3175781 0.0437500 0.0382813
4 0.5604167 0.1121094 0.0281250 0.0867187
3 0.7260417 0.5226563 0.0552083 0.0375000
0 0.3924479 0.2628906 0.0255208 0.0414062
1 0.3096354 0.4503906 0.0296875 0.0726563
1 0.5197917 0.3281250 0.0510417 0.0328125
5 0.5419271 0.6695313 0.0401042 0.0828125
2 0.6638021 0.7273437 0.0598958 0.0421875
4 0.4921875 0.2257812 0.0416667 0.0796875
2 0.5851563 0.5640625 0.0578125 0.0375000
0 0.7059896 0.8546875 0.0401042 0.0437500
1 0.3460937 0.9195313 0.0317708 0.0734375
2 0.5229167 0.5046875 0.0291667 0.0625000
2 0.6533854 0.6605469 0.0328125 0.0804688
4 0.6713542 0.7164063 0.0500000 0.0343750
0 0.5291667 0.3140625 0.0468750 0.0718750
2 0.5015625 0.6058594 0.0281250 0.0632812
2 0.4065104 0.3820312 0.0286458 0.0656250
9 0.5119792 0.1976563 0.0489583 0.0484375
10 0.2973958 0.6820312 0.0385417 0.0703125
9 0.5437500 0.7621094 0.0343750 0.0789062
6 0.6070313 0.3070312 0.0515625 0.0515625
