0 0.4671875 0.7652344 0.0520833 0.0585938
0 0.6510417 0.2738281 0.0562500 0.0570312
2 0.7510417 0.6664062 0.0302083 0.0812500
2 0.6372396 0.5550781 0.0619792 0.0445313
0 0.6270833 0.6851563 0.0604167 0.0468750
2 0.5955729 0.8433594 0.0515625 0.0476562
4 0.5286458 0.5574219 0.0500000 0.0476562
4 0.2716146 0.4910156 0.0348958 0.0898438
2 0.6848958 0.6558594 0.0708333 0.0585938
1 0.6473958 0.7523437 0.0552083 0.0531250
5 0.5041667 0.3066406 0.0583333 0.0757812
3 0.3729167 0.4519531 0.0437500 0.0898438
5 0.5562500 0.4601562 0.0645833 0.0562500
2 0.6098958 0.7414063 0.0281250 0.0468750
1 0.6718750 0.4039063 0.0635417 0.0421875
3 0.2835937 0.4464844 0.0348958 0.0664062
4 0.3559896 0.3656250 0.0348958 0.0953125
5 0.6468750 0.6042969 0.0718750 0.0570312
3 0.4226563 0.1757812 0.0359375 0.0500000
0 0.5755208 0.5703125 0.0260417 0.0546875
0 0.4765625 0.4152344 0.0250000 0.0570312
4 0.4828125 0.1191406 0.0572917 0.0835937
3 0.5091146 0.3183594 0.0401042 0.0492187
5 0.6872396 0.4503906 0.0484375 0.0742188
3 0.2562500 0.6441406 0.0583333 0.0679687
2 0.6382813 0.7351562 0.0328125 0.0562500
0 0.6674479 0.6906250 0.0536458 0.0593750
0 0.4648438 0.6585937 0.0609375 0.0375000
2 0.5333333 0.0792969 0.0625000 0.0679687
1 0.6226563 0.2429688 0.0421875 0.0656250
5 0.3903646 0.6785156 0.0296875 0.0601563
1 0.6755208 0.4199219 0.0677083 0.0632812
2 0.5148438 0.6308594 0.0536458 0.0460938
5 0.5018229 0.3921875 0.0276042 0.0453125
0 0.5278646 0.5527344 0.0317708 0.0523438
5 0.5359375 0.5808594 0.0656250 0.0507812
0 0.4093750 0.3578125 0.0531250 0.0593750
0 0.3424479 0.4859375 0.0536458 0.0781250
1 0.4809896 0.1554687 0.0307292 0.0890625
3 0.5375000 0.4945312 0.0531250 0.0500000
4 0.4830729 0.4601562 0.0609375 0.0671875
1 0.4320312 0.2859375 0.0421875 0.0453125
2 0.4640625 0.0390625 0.0510417 0.0781250
2 0.6018229 0.2753906 0.0380208 0.0570312
5 0.6643229 0.1484375 0.0609375 0.0437500
2 0.5601563 0.1128906 0.0536458 0.0789062
4 0.3463542 0.7792969 0.0322917 0.0554687
0 0.7359375 0.6042969 0.0541667 0.0429688
4 0.6838542 0.8703125 0.0666667 0.0546875
1 0.3278646 0.2914062 0.0286458 0.0875000
5 0.2700521 0.4457031 0.0317708 0.0460938
4 0.4729167 0.2222656 0.0260417 0.0976562
2 0.4195313 0.4605469 0.0453125 0.0617188
2 0.5526042 0.4449219 0.0395833 0.0585938
4 0.4830729 0.4289062 0.0338542 0.0484375
4 0.7046875 0.7136719 0.0708333 0.0492187
3 0.4276042 0.3777344 0.0229167 0.0476562
1 0.7460938 0.2464844 0.0703125 0.0460938
6 0.4658854 0.8062500 0.0546875 0.0953125
11 0.6169271 0.8089844 0.0546875 0.0539063
8 0.4585938 0.3078125 0.0442708 0.0765625
9 0.7565104 0.7773438 0.0536458 0.0625000
8 0.5716146 0.6011719 0.0588542 0.0601563
6 0.6510417 0.7609375 0.0593750 0.0578125
7 0.6057292 0.2171875 0.0635417 0.0593750
