2 0.6229167 0.4968750 0.1354167 0.0921875
5 0.4289062 0.8414063 0.1401042 0.0984375
1 0.3562500 0.3691406 0.1593750 0.1179687
2 0.5458333 0.1347656 0.0875000 0.1695312
2 0.7174479 0.6484375 0.1234375 0.1625000
2 0.6682292 0.2453125 0.1572917 0.1031250
4 0.4361979 0.5792969 0.1453125 0.1335938
3 0.5604167 0.7816406 0.0708333 0.1554687
2 0.6033854 0.1589844 0.1348958 0.1492188
0 0.4320312 0.3031250 0.0744792 0.2187500
4 0.6244792 0.5441406 0.1343750 0.0867187
4 0.4882812 0.5742188 0.0723958 0.1390625
4 0.7388021 0.5082031 0.1255208 0.0867187
4 0.7088542 0.3031250 0.1197917 0.1437500
2 0.4549479 0.8921875 0.1098958 0.2031250
5 0.2507813 0.6031250 0.1161458 0.1203125
3 0.6992188 0.2019531 0.1369792 0.0960938
2 0.7171875 0.8261719 0.1510417 0.1320312
0 0.5054688 0.2425781 0.1494792 0.1070312
4 0.6684896 0.2277344 0.0671875 0.1148437
1 0.6005208 0.5460938 0.1166667 0.1640625
3 0.3369792 0.5722656 0.1093750 0.1664063
2 0.5486979 0.7707031 0.1432292 0.1132812
3 0.6062500 0.3304687 0.1250000 0.1343750
3 0.7736979 0.1878906 0.0703125 0.1257813
1 0.4937500 0.6375000 0.0708333 0.1109375
4 0.6052083 0.1156250 0.1406250 0.1390625
3 0.5890625 0.6636719 0.0989583 0.1460937
5 0.4950521 0.5109375 0.0911458 0.1187500
0 0.5026042 0.4089844 0.1333333 0.1117188
0 0.5690104 0.4375000 0.1390625 0.1000000
6 0.6046875 0.1886719 0.1239583 0.1867187
9 0.3325521 0.1953125 0.1067708 0.1421875
