4 0.4973958 0.3250000 0.0375000 0.0812500
5 0.5309896 0.8203125 0.0692708 0.0500000
4 0.3015625 0.6425781 0.0302083 0.0789062
1 0.3880208 0.2609375 0.0510417 0.0859375
0 0.6031250 0.3878906 0.0572917 0.0648438
3 0.3695312 0.5808594 0.0671875 0.0507812
4 0.7645833 0.3218750 0.0697917 0.0484375
6 0.5583333 0.4113281 0.0614583 0.0695313
8 0.6138021 0.9230469 0.0619792 0.0789062
8 0.6445312 0.5347656 0.0432292 0.0773438
10 0.5885417 0.3792969 0.0406250 0.0945312
8 0.5830729 0.5765625 0.0630208 0.0609375
8 0.5520833 0.4957031 0.0468750 0.0648438
