0 0.4145833 0.5703125 0.0822917 0.0921875
5 0.3218750 0.3277344 0.0875000 0.1351563
1 0.7109375 0.6550781 0.1333333 0.0992187
2 0.5236979 0.5273438 0.1453125 0.1203125
2 0.6661458 0.4593750 0.1312500 0.0796875
1 0.4080729 0.3332031 0.1255208 0.1007813
5 0.6536458 0.7640625 0.1041667 0.1609375
1 0.3643229 0.3605469 0.1265625 0.0914062
1 0.4877604 0.2332031 0.0817708 0.1976563
3 0.7338542 0.7457031 0.1447917 0.0945312
3 0.6252604 0.2261719 0.0765625 0.1945312
4 0.4278646 0.4695313 0.1296875 0.0796875
5 0.3361979 0.3039062 0.1276042 0.1312500
2 0.3843750 0.5750000 0.0635417 0.1281250
5 0.3335938 0.2410156 0.1286458 0.0804688
3 0.5403646 0.6347656 0.0578125 0.1757812
4 0.5341146 0.9519531 0.0859375 0.0945312
1 0.4317708 0.7824219 0.1093750 0.0882813
3 0.3614583 0.5269531 0.0552083 0.0867187
0 0.7252604 0.5539063 0.1234375 0.0781250
0 0.6299479 0.2328125 0.1213542 0.1062500
1 0.5614583 0.1992188 0.0697917 0.1781250
1 0.2625000 0.4500000 0.0791667 0.1625000
5 0.6981771 0.4765625 0.1244792 0.0859375
5 0.3885417 0.1382812 0.0791667 0.1078125
1 0.4744792 0.5214844 0.0947917 0.1242188
0 0.6825521 0.5250000 0.1213542 0.1250000
1 0.3130208 0.7343750 0.1218750 0.0843750
2 0.7166667 0.4371094 0.1239583 0.0929688
4 0.4606771 0.0710937 0.0786458 0.1421875
1 0.2791667 0.4777344 0.0625000 0.0898438
3 0.5335937 0.5671875 0.1286458 0.0890625
1 0.3515625 0.5812500 0.1156250 0.0906250
3 0.5953125 0.8417969 0.1333333 0.0929688
4 0.3445313 0.7339844 0.0838542 0.1085938
5 0.7218750 0.3976562 0.1000000 0.1390625
5 0.5187500 0.9019531 0.1385417 0.0914062
0 0.7763021 0.6347656 0.1140625 0.1195313
3 0.2453125 0.6285156 0.1375000 0.0960938
2 0.7200521 0.4230469 0.1255208 0.0789062
2 0.3312500 0.2757812 0.1343750 0.1015625
1 0.2570312 0.5750000 0.1296875 0.1015625
7 0.4588542 0.1875000 0.0770833 0.1765625
9 0.5013021 0.3003906 0.1276042 0.1664063
9 0.7468750 0.2054688 0.1218750 0.1218750
6 0.5606771 0.7597656 0.1171875 0.2023437
11 0.4401042 0.1367188 0.1270833 0.1187500
9 0.6809896 0.4097656 0.1411458 0.1523438
7 0.6294271 0.4128906 0.1192708 0.1460937
11 0.6554688 0.8523437 0.1265625 0.1218750
7 0.3023438 0.3320312 0.0744792 0.1109375
11 0.5914063 0.3476562 0.1119792 0.1125000
9 0.5908854 0.5738281 0.1057292 0.1257813
8 0.3182292 0.4226563 0.1177083 0.1156250
9 0.6226563 0.5734375 0.1130208 0.1375000
